          45
         109
         185
         186
         240
         333
         347
         430
         471
         566
         621
         704
         749
         790
         858
         957
         961
        1059
        1123
        1129
        1211
        1266
        1343
        1399
        1413
        1421
        1468
        1489
        1583
        1675
        1734
        1797
        1839
        1883
        1981
        2061
        2156
        2232
        2312
        2324
        2342
        2353
        2399
        2407
        2506
        2572
        2623
        2654
        2716
        2777
        2795
        2837
        2876
        2903
        2991
        3016
        3100
        3126
        3193
        3232
        3240
        3251
        3316
        3321
        3371
        3394
        3457
        3490
        3565
        3597
        3687
        3697
        3755
        3769
        3852
        3908
        3998
        4034
        4052
        4146
        4182
        4248
        4252
        4321
        4393
        4445
        4451
        4535
        4631
        4677
        4728
        4743
        4792
        4845
        4915
        4940
        5030
        5126
        5159
        5183
        5244
        5309
        5316
        5356
        5455
        5463
        5480
        5501
        5533
        5586
        5599
        5655
        5750
        5829
        5923
        6013
        6098
        6154
        6247
        6323
        6390
        6407
        6415
        6482
        6488
        6510
        6606
        6615
        6689
        6735
        6827
        6859
        6953
        6973
        7043
        7118
        7182
        7245
        7285
        7326
        7364
        7404
        7494
        7513
        7532
        7577
        7584
        7625
        7634
        7725
        7814
        7834
        7840
        7924
        7924
        8022
        8040
        8050
        8098
        8181
        8237
        8280
        8340
        8406
        8489
        8525
        8543
        8626
        8701
        8768
        8845
        8921
        8980
        9072
        9126
        9194
        9268
        9306
        9362
        9459
        9477
        9526
        9623
        9696
        9700
        9769
        9787
        9830
        9914
        9973
       10042
       10091
       10143
       10195
       10247
       10324
       10413
       10444
       10487
       10539
       10620
       10692
       10746
       10820
       10916
       10954
       10984
       11001
       11079
       11117
       11182
       11237
       11322
       11353
       11396
       11487
       11531
       11601
       11641
       11646
       11702
       11725
       11743
       11776
       11853
       11926
       11962
       11996
       12083
       12169
       12233
       12330
       12376
       12413
       12428
       12431
       12448
       12456
       12542
       12586
       12633
       12637
       12665
       12675
       12695
       12703
       12754
       12782
       12877
       12902
       12968
       13023
       13077
       13168
       13203
       13268
       13268
       13308
       13392
       13471
       13542
       13581
       13668
       13752
       13810
       13881
       13881
       13924
       14002
       14066
       14076
       14097
       14122
       14150
       14235
       14280
       14342
       14427
       14486
       14493
       14569
       14616
       14625
       14674
       14695
       14707
       14721
       14737
       14789
       14871
       14951
       14956
       14983
       14986
       15009
       15079
       15171
       15218
       15259
       15333
       15389
       15434
       15524
       15533
       15558
       15656
       15731
       15732
       15801
       15805
       15877
       15908
       15961
       16046
       16084
       16113
       16121
       16199
       16255
       16257
       16344
       16404
       16439
       16461
       16546
       16589
       16614
       16620
       16668
       16757
       16811
       16907
       17003
       17044
       17142
       17152
       17177
       17263
       17292
       17356
       17450
       17505
       17567
       17583
       17649
       17657
       17659
       17729
       17775
       17862
       17863
       17918
       17993
       18004
       18071
       18089
       18105
       18202
       18248
       18306
       18385
       18446
       18506
       18562
       18563
       18600
       18693
       18780
       18817
       18831
       18848
       18850
       18871
       18907
       19004
       19024
       19112
       19209
       19276
       19372
       19438
       19473
       19528
       19536
       19631
       19653
       19749
       19827
       19874
       19959
       20029
       20072
       20153
       20250
       20282
       20364
       20397
       20432
       20461
       20487
       20500
       20531
       20567
       20588
       20606
       20680
       20765
       20783
       20786
       20868
       20928
       20937
       20957
       21029
       21075
       21089
       21149
       21234
       21267
       21325
       21360
       21459
       21519
       21524
       21618
       21711
       21759
       21804
       21888
       21912
       21958
       21992
       22017
       22063
       22105
       22148
       22222
       22249
       22340
       22355
       22395
       22486
       22567
       22634
       22698
       22711
       22778
       22788
       22863
       22961
       22965
       23035
       23093
       23107
       23204
       23244
       23340
       23381
       23427
       23435
       23534
       23588
       23639
       23706
       23805
       23847
       23906
       23980
       23990
       24075
       24151
       24204
       24243
       24327
       24358
       24457
       24536
       24550
       24648
       24712
       24740
       24768
       24817
       24819
       24914
       25008
       25017
       25107
       25147
       25244
       25244
       25305
       25366
       25412
       25505
       25570
       25599
       25645
       25648
       25712
       25790
       25817
       25869
       25886
       25898
       25963
       25984
       26069
       26138
       26196
       26218
       26287
       26350
       26373
       26447
       26465
       26550
       26611
       26684
       26685
       26749
       26814
       26879
       26949
       26965
       26980
       26993
       27057
       27154
       27180
       27201
       27289
       27334
       27393
       27430
       27471
       27534
       27543
       27572
       27634
       27664
       27675
       27706
       27786
       27874
       27883
       27957
       28006
       28083
       28112
       28117
       28203
       28257
       28321
       28328
       28380
       28477
       28540
       28556
       28622
       28674
       28731
       28742
       28768
       28791
       28816
       28837
       28852
       28888
       28951
       29045
       29106
       29114
       29183
       29234
       29326
       29337
       29337
       29361
       29377
       29410
       29504
       29524
       29603
       29610
       29645
       29710
       29735
       29789
       29825
       29858
       29863
       29953
       30044
       30116
       30194
       30262
       30341
       30363
       30396
       30454
       30476
       30555
       30638
       30687
       30710
       30762
       30845
       30928
       31008
       31086
       31159
       31252
       31325
       31406
       31445
       31501
       31501
       31561
       31641
       31732
       31751
       31776
       31864
       31888
       31932
       31951
       32033
       32094
       32094
       32183
       32274
       32358
       32363
       32377
       32411
       32504
       32565
       32654
       32660
       32706
       32771
       32818
       32902
       32953
       33003
       33063
       33100
       33130
       33167
       33253
       33296
       33317
       33400
       33499
       33515
       33571
       33650
       33725
       33816
       33876
       33965
       34016
       34078
       34086
       34158
       34221
       34237
       34275
       34317
       34378
       34477
       34495
       34571
       34656
       34668
       34677
       34739
       34743
       34753
       34758
       34790
       34847
       34923
       34988
       35070
       35072
       35077
       35078
       35170
       35265
       35306
       35386
       35434
       35483
       35488
       35566
       35615
       35658
       35687
       35704
       35786
       35854
       35929
       35977
       35977
       36024
       36046
       36084
       36153
       36155
       36177
       36254
       36323
       36370
       36454
       36509
       36572
       36610
       36683
       36745
       36761
       36791
       36815
       36843
       36871
       36877
       36882
       36904
       36955
       36975
       37048
       37113
       37131
       37133
       37155
       37201
       37268
       37339
       37431
       37445
       37451
       37492
       37577
       37641
       37653
       37706
       37784
       37879
       37912
       37958
       38008
       38035
       38051
       38126
       38139
       38146
       38151
       38213
       38238
       38284
       38372
       38392
       38442
       38473
       38561
       38609
       38702
       38712
       38810
       38879
       38973
       39017
       39096
       39146
       39222
       39305
       39393
       39412
       39444
       39458
       39510
       39556
       39593
       39631
       39662
       39670
       39726
       39768
       39820
       39825
       39861
       39910
       39949
       40043
       40133
       40229
       40320
       40408
       40463
       40493
       40578
       40598
       40661
       40757
       40763
       40819
       40917
       40961
       41050
       41142
       41172
       41231
       41262
       41298
       41384
       41445
       41524
       41581
       41642
       41667
       41708
       41796
       41893
       41951
       42034
       42079
       42157
       42246
       42319
       42397
       42403
       42416
       42424
       42496
       42532
       42541
       42560
       42598
       42671
       42702
       42797
       42818
       42837
       42917
       42970
       43065
       43164
       43240
       43283
       43376
       43424
       43442
       43515
       43529
       43546
       43565
       43623
       43643
       43693
       43783
       43867
       43928
       43975
       44018
       44021
       44063
       44109
       44171
       44216
       44296
       44332
       44378
       44384
       44447
       44491
       44528
       44530
       44535
       44621
       44696
       44739
       44806
       44817
       44916
       44946
       45011
       45076
       45095
       45121
       45157
       45157
       45179
       45191
       45278
       45284
       45353
       45402
       45402
       45456
       45548
       45606
       45622
       45705
       45774
       45823
       45918
       45935
       45980
       46005
       46048
       46136
       46181
       46208
       46240
       46292
       46370
       46463
       46532
       46541
       46617
       46634
       46682
       46751
       46784
       46797
       46884
       46931
       47014
       47057
       47110
       47125
       47148
       47238
       47291
       47366
       47405
       47442
       47503
       47519
       47582
       47667
       47734
       47816
       47906
       47952
       48037
       48132
       48219
       48302
       48371
       48399
       48440
       48501
       48540
       48620
       48705
       48764
       48860
       48883
       48978
       48990
       49064
       49096
       49145
       49172
       49217
       49289
       49293
       49358
       49440
       49538
       49627
       49715
       49807
       49861
       49865
       49942
       49959
       50020
       50079
       50161
       50227
       50311
       50402
       50462
       50524
       50531
       50587
       50656
       50733
       50799
       50845
       50854
       50935
       50988
       51072
       51117
       51194
       51290
       51365
       51431
       51497
       51582
       51631
       51700
       51796
       51836
       51854
       51856
       51899
       51942
       51995
       52068
       52118
       52135
       52158
       52172
       52236
       52322
       52372
       52465
       52492
       52538
       52602
       52636
       52702
       52778
       52871
       52948
       53028
       53104
       53176
       53225
       53255
       53349
       53406
       53426
       53492
       53560
       53627
       53689
       53785
       53796
       53858
       53919
       53919
       53959
       53963
       54002
       54084
       54086
       54117
       54195
       54204
       54249
       54297
       54349
       54358
       54378
       54441
       54507
       54565
       54570
       54648
       54664
       54755
       54812
       54861
       54917
       54965
       55038
       55039
       55132
       55170
       55187
       55212
       55257
       55314
       55326
       55331
       55404
       55489
       55576
       55631
       55643
       55675
       55689
       55722
       55736
       55820
       55896
       55988
       56033
       56052
       56103
       56119
       56157
       56250
       56312
       56410
       56447
       56499
       56583
       56671
       56715
       56801
       56820
       56869
       56910
       56925
       57017
       57110
       57149
       57237
       57323
       57412
       57484
       57577
       57665
       57716
       57782
       57832
       57901
       57914
       57953
       57993
       58076
       58140
       58220
       58260
       58355
       58425
       58491
       58492
       58562
       58572
       58665
       58730
       58818
       58834
       58919
       58999
       59018
       59029
       59073
       59159
       59248
       59275
       59359
       59388
       59451
       59539
       59547
       59640
       59654
       59695
       59738
       59820
       59902
       60000
       60055
       60068
       60143
       60192
       60239
       60318
       60379
       60457
       60524
       60547
       60589
       60632
       60723
       60809
       60901
       60920
       61019
       61106
       61170
       61186
       61193
       61262
       61354
       61396
       61471
       61558
       61613
       61706
       61719
       61748
       61818
       61860
       61908
       61944
       62025
       62088
       62148
       62207
       62296
       62368
       62388
       62425
       62448
       62533
       62610
       62688
       62761
       62816
       62836
       62892
       62948
       63035
       63076
       63173
       63204
       63288
       63300
       63377
       63453
       63544
       63609
       63659
       63685
       63768
       63797
       63810
       63858
       63903
       64000
       64015
       64076
       64143
       64194
       64223
       64315
       64332
       64391
       64429
       64498
       64588
       64654
       64700
       64753
       64772
       64862
       64866
       64961
       65036
       65073
       65093
       65095
       65103
       65166
       65259
       65272
       65358
       65367
       65443
       65469
       65552
       65589
       65604
       65686
       65723
       65786
       65879
       65880
       65975
       66022
       66120
       66166
       66240
       66251
       66286
       66367
       66448
       66547
       66644
       66707
       66724
       66807
       66873
       66921
       67014
       67031
       67103
       67147
       67205
       67274
       67296
       67325
       67393
       67456
       67554
       67612
       67643
       67713
       67725
       67763
       67798
       67827
       67884
       67971
       68002
       68063
       68066
       68147
       68237
       68302
       68353
       68353
       68374
       68438
       68516
       68544
       68628
       68651
       68684
       68759
       68829
       68878
       68977
       68987
       69052
       69107
       69190
       69248
       69316
       69365
       69398
       69456
       69484
       69510
       69564
       69648
       69718
       69768
       69840
       69856
       69925
       70005
       70049
       70146
       70166
       70192
       70224
       70317
       70343
       70389
       70427
       70479
       70527
       70539
       70621
       70708
       70723
       70761
       70842
       70890
       70938
       71008
       71080
       71163
       71214
       71269
       71283
       71381
       71465
       71480
       71529
       71544
       71571
       71665
       71667
       71690
       71712
       71749
       71830
       71905
       71990
       72019
       72047
       72133
       72159
       72236
       72277
       72354
       72449
       72529
       72564
       72656
       72743
       72839
       72905
       72940
       73015
       73105
       73141
       73234
       73236
       73282
       73320
       73344
       73398
       73424
       73444
       73477
       73520
       73588
       73636
       73709
       73713
       73742
       73750
       73759
       73814
       73874
       73901
       73967
       74065
       74071
       74081
       74130
       74149
       74240
       74263
       74299
       74302
       74397
       74465
       74481
       74539
       74617
       74641
       74684
       74744
       74764
       74821
       74869
       74926
       75013
       75105
       75152
       75159
       75219
       75246
       75339
       75351
       75353
       75373
       75415
       75451
       75461
       75467
       75555
       75627
       75643
       75732
       75822
       75846
       75932
       76011
       76110
       76182
       76194
       76282
       76359
       76359
       76404
       76456
       76519
       76613
       76703
       76727
       76816
       76832
       76884
       76907
       76931
       77006
       77057
       77134
       77220
       77251
       77298
       77387
       77471
       77542
       77608
       77646
       77715
       77723
       77743
       77751
       77771
       77803
       77830
       77875
       77935
       78003
       78085
       78126
       78206
       78302
       78359
       78387
       78484
       78558
       78646
       78732
       78768
       78862
       78934
       78973
       79064
       79149
       79201
       79221
       79235
       79309
       79354
       79445
       79455
       79529
       79611
       79699
       79790
       79849
       79857
       79874
       79879
       79922
       79971
       80014
       80085
       80162
       80219
       80238
       80336
       80376
       80426
       80442
       80541
       80548
       80571
       80655
       80668
       80747
       80829
       80859
       80925
       80981
       81076
       81114
       81119
       81169
       81197
       81260
       81345
       81435
       81497
       81515
       81607
       81630
       81641
       81662
       81692
       81767
       81857
       81929
       81949
       82039
       82082
       82145
       82242
       82257
       82310
       82407
       82407
       82443
       82472
       82531
       82602
       82653
       82746
       82763
       82782
       82862
       82945
       83039
       83097
       83178
       83202
       83287
       83300
       83395
       83483
       83547
       83628
       83693
       83702
       83703
       83791
       83815
       83911
       83945
       84030
       84036
       84055
       84122
       84177
       84204
       84216
       84276
       84340
       84432
       84485
       84564
       84594
       84634
       84685
       84749
       84832
       84871
       84928
       85001
       85096
       85182
       85185
       85241
       85297
       85353
       85430
       85513
       85597
       85637
       85721
       85765
       85845
       85877
       85893
       85987
       86020
       86064
       86080
       86156
       86246
       86320
       86370
       86408
       86424
       86455
       86505
       86559
       86586
       86599
       86659
       86729
       86756
       86773
       86810
       86819
       86822
       86900
       86951
       86978
       87076
       87088
       87159
       87228
       87280
       87311
       87316
       87338
       87348
       87405
       87492
       87572
       87606
       87638
       87649
       87652
       87674
       87739
       87746
       87785
       87820
       87901
       87932
       87973
       88045
       88073
       88101
       88150
       88245
       88330
       88410
       88453
       88494
       88558
       88592
       88592
       88630
       88677
       88694
       88749
       88804
       88861
       88933
       89011
       89043
       89127
       89194
       89290
       89376
       89435
       89528
       89549
       89590
       89608
       89703
       89712
       89780
       89796
       89812
       89891
       89953
       90015
       90051
       90068
       90070
       90120
       90124
       90203
       90284
       90357
       90438
       90478
       90482
       90503
       90530
       90582
       90625
       90698
       90745
       90833
       90922
       91009
       91019
       91019
       91073
       91147
       91219
       91269
       91314
       91315
       91406
       91416
       91474
       91530
       91557
       91654
       91738
       91824
       91828
       91903
       91945
       91990
       92019
       92029
       92038
       92134
       92192
       92240
       92290
       92301
       92364
       92444
       92505
       92567
       92637
       92701
       92708
       92760
       92839
       92880
       92938
       93012
       93101
       93154
       93231
       93298
       93370
       93413
       93427
       93431
       93502
       93526
       93545
       93639
       93665
       93759
       93854
       93918
       93975
       94033
       94069
       94156
       94167
       94205
       94239
       94318
       94381
       94411
       94475
       94511
       94608
       94651
       94734
       94810
       94814
       94885
       94897
       94923
       94960
       95025
       95064
       95125
       95165
       95248
       95341
       95382
       95470
       95505
       95547
       95562
       95661
       95700
       95766
       95854
       95861
       95893
       95911
       95961
       95962
       95998
       96095
       96141
       96193
       96247
       96270
       96304
       96327
       96404
       96469
       96565
       96570
       96590
       96626
       96706
       96787
       96881
       96947
       96947
       96959
       97055
       97079
       97105
       97155
       97178
       97269
       97357
       97367
       97375
       97430
       97515
       97605
       97616
       97692
       97721
       97794
       97856
       97887
       97940
       97982
       98034
       98078
       98161
       98218
       98244
