          94
         135
         169
         198
         208
         287
         292
         336
         345
         371
         411
         453
         495
         578
         583
         625
         657
         740
         756
         757
         796
         807
         841
         843
         928
         964
        1012
        1089
        1159
        1199
        1266
        1322
        1375
        1396
        1438
        1474
        1515
        1610
        1675
        1745
        1794
        1826
        1832
        1907
        1993
        2083
        2166
        2253
        2270
        2275
        2340
        2358
        2367
        2376
        2400
        2476
        2527
        2620
        2643
        2670
        2764
        2848
        2912
        2930
        2967
        3039
        3076
        3102
        3132
        3202
        3291
        3308
        3393
        3459
        3460
        3503
        3522
        3613
        3684
        3743
        3749
        3765
        3820
        3896
        3930
        4026
        4095
        4126
        4183
        4208
        4306
        4320
        4323
        4377
        4471
        4557
        4566
        4655
        4743
        4796
        4818
        4850
        4921
        4957
        5010
        5053
        5126
        5220
        5286
        5382
        5470
        5518
        5527
        5530
        5590
        5681
        5738
        5786
        5811
        5820
        5876
        5935
        5986
        6072
        6073
        6170
        6170
        6239
        6279
        6303
        6325
        6411
        6490
        6491
        6534
        6539
        6617
        6642
        6666
        6690
        6701
        6704
        6705
        6730
        6818
        6819
        6871
        6891
        6942
        6947
        7020
        7035
        7105
        7139
        7158
        7211
        7305
        7373
        7432
        7481
        7562
        7601
        7682
        7699
        7704
        7761
        7849
        7881
        7897
        7949
        7958
        8002
        8089
        8134
        8152
        8162
        8229
        8242
        8259
        8272
        8360
        8452
        8474
        8519
        8609
        8629
        8696
        8778
        8875
        8883
        8927
        9026
        9109
        9172
        9198
        9270
        9313
        9345
        9378
        9400
        9431
        9444
        9470
        9548
        9593
        9637
        9693
        9750
        9771
        9869
        9955
        9984
       10002
       10050
       10076
       10133
       10228
       10313
       10361
       10369
       10438
       10476
       10530
       10539
       10559
       10605
       10688
       10784
       10789
       10824
       10857
       10922
       10960
       10976
       11060
       11143
       11222
       11232
       11239
       11328
       11345
       11420
       11492
       11522
       11531
       11621
       11664
       11758
       11809
       11815
       11891
       11906
       11906
       11991
       12006
       12094
       12115
       12212
       12292
       12354
       12373
       12434
       12434
       12477
       12477
       12517
       12582
       12680
       12766
       12796
       12869
       12878
       12927
       13014
       13026
       13028
       13031
       13124
       13168
       13179
       13207
       13222
       13267
       13356
       13379
       13464
       13497
       13523
       13571
       13655
       13739
       13752
       13783
       13867
       13952
       13993
       14048
       14128
       14226
       14312
       14355
       14408
       14471
       14490
       14502
       14538
       14615
       14714
       14760
       14763
       14816
       14887
       14903
       14961
       14979
       15048
       15062
       15111
       15116
       15133
       15222
       15233
       15262
       15326
       15367
       15442
       15501
       15531
       15593
       15644
       15701
       15765
       15863
       15878
       15881
       15888
       15892
       15919
       15960
       15994
       16087
       16098
       16172
       16270
       16288
       16310
       16409
       16490
       16544
       16568
       16662
       16668
       16738
       16831
       16928
       16988
       17025
       17049
       17138
       17165
       17260
       17286
       17311
       17321
       17369
       17388
       17433
       17519
       17585
       17667
       17674
       17723
       17763
       17830
       17886
       17924
       17989
       18075
       18096
       18174
       18235
       18242
       18320
       18396
       18457
       18542
       18556
       18558
       18587
       18675
       18733
       18783
       18851
       18935
       18978
       19045
       19091
       19103
       19196
       19201
       19271
       19352
       19406
       19482
       19531
       19581
       19581
       19653
       19703
       19728
       19816
       19880
       19934
       19992
       20014
       20023
       20094
       20180
       20202
       20274
       20277
       20351
       20404
       20423
       20450
       20518
       20519
       20522
       20610
       20674
       20682
       20765
       20769
       20838
       20884
       20967
       20978
       21000
       21034
       21092
       21093
       21123
       21152
       21225
       21281
       21323
       21325
       21401
       21425
       21452
       21537
       21626
       21692
       21739
       21822
       21831
       21917
       21990
       22081
       22155
       22169
       22218
       22219
       22316
       22367
       22409
       22418
       22421
       22466
       22517
       22614
       22698
       22793
       22814
       22816
       22861
       22952
       23022
       23028
       23091
       23100
       23105
       23200
       23209
       23212
       23305
       23339
       23344
       23420
       23463
       23531
       23548
       23588
       23637
       23677
       23695
       23736
       23768
       23793
       23886
       23891
       23900
       23983
       24081
       24092
       24175
       24243
       24295
       24319
       24341
       24391
       24480
       24548
       24636
       24725
       24754
       24774
       24775
       24779
       24779
       24779
       24821
       24866
       24934
       24989
       25053
       25095
       25169
       25181
       25234
       25296
       25394
       25471
       25521
       25586
       25675
       25722
       25748
       25818
       25895
       25978
       26067
       26106
       26132
       26169
       26250
       26297
       26366
       26378
       26404
       26440
       26464
       26502
       26596
       26678
       26710
       26744
       26830
       26898
       26929
       27019
       27064
       27129
       27214
       27229
       27316
       27364
       27373
       27438
       27439
       27458
       27478
       27577
       27662
       27731
       27769
       27784
       27847
       27923
       27937
       27978
       28043
       28134
       28209
       28271
       28305
       28357
       28420
       28421
       28519
       28596
       28690
       28724
