          69
          77
          92
         152
         234
         328
         339
         375
         397
         494
         513
         513
         552
         606
         640
         736
         796
         808
         851
         888
         914
         971
         997
        1081
        1129
        1198
        1248
        1272
        1327
        1357
        1443
        1475
        1545
        1633
        1715
        1808
        1896
        1914
        1995
        2066
        2126
        2137
        2212
        2261
        2279
        2373
        2437
        2517
        2605
        2697
        2778
        2791
        2888
        2975
        3030
        3035
        3133
        3159
        3185
        3186
        3193
        3202
        3274
        3289
        3319
        3381
        3455
        3501
        3560
        3566
        3588
        3637
        3649
        3718
        3766
        3855
        3909
        3928
        4002
        4051
        4116
        4185
        4209
        4250
        4304
        4315
        4366
        4386
        4480
        4528
        4617
        4702
        4747
        4807
        4836
        4922
        5017
        5098
        5159
        5258
        5349
        5418
        5448
        5448
        5539
        5608
        5688
        5764
        5785
        5842
        5895
        5927
        5928
        5967
        6045
        6128
        6204
        6267
        6315
        6374
        6408
        6408
        6496
        6514
        6557
        6589
        6652
        6740
        6816
        6892
        6922
        6984
        7037
        7124
        7141
        7210
        7259
        7334
        7356
        7378
        7383
        7398
        7464
        7477
        7548
        7620
        7668
        7672
        7672
        7694
        7695
        7714
        7794
        7814
        7900
        7937
        8020
        8118
        8152
        8216
        8217
        8237
        8237
        8281
        8315
        8370
        8409
        8449
        8529
        8593
        8593
        8670
        8769
        8802
        8870
        8900
        8911
        8987
        9038
        9060
        9123
        9167
        9262
        9266
        9320
        9329
        9413
        9440
        9461
        9550
        9585
        9640
        9655
        9697
        9702
        9711
        9780
        9800
        9826
        9922
        9956
        9973
       10047
       10087
       10137
       10178
       10266
       10353
       10356
       10455
       10472
       10523
       10556
       10567
       10587
       10592
       10630
       10717
       10767
       10845
       10883
       10965
       10996
       11063
       11125
       11179
       11180
       11251
       11317
       11356
       11410
       11445
       11524
       11548
       11619
       11641
       11667
       11710
       11747
       11819
       11914
       11935
       12028
       12126
       12140
       12194
       12291
       12330
       12333
       12360
       12406
       12459
       12496
       12561
       12610
       12693
       12778
       12861
       12861
       12944
       12963
       13015
       13114
       13144
       13213
       13258
       13300
       13318
       13417
       13425
       13519
       13603
       13664
       13736
       13789
       13844
       13936
       13979
       14012
       14089
       14144
       14200
       14210
       14222
       14321
       14405
       14463
       14526
       14568
       14614
       14639
       14666
       14749
       14781
       14833
       14847
       14858
       14888
       14945
       15037
       15103
       15195
       15253
       15282
       15312
       15379
       15396
       15437
       15504
       15571
       15578
       15606
       15641
       15727
       15792
       15799
       15823
       15874
       15901
       15983
       16056
       16062
       16076
       16093
       16100
       16105
       16111
       16175
       16215
       16298
       16359
       16441
       16506
       16520
       16569
       16654
       16656
       16663
       16667
       16677
       16710
       16745
       16745
       16839
       16917
       17006
       17045
       17127
       17169
       17254
       17286
       17366
       17429
       17490
       17499
       17549
       17572
       17575
       17656
       17728
       17728
       17747
       17831
       17930
       17932
       17980
       17985
       18065
       18126
       18134
       18201
       18218
       18316
       18412
       18492
       18510
       18523
       18532
       18619
       18683
       18725
       18809
       18841
       18901
       18957
       19024
       19058
       19083
       19147
       19219
       19276
       19318
       19333
       19396
       19422
       19438
       19498
       19499
       19542
       19588
       19628
       19709
       19786
       19837
       19914
       19919
       19975
       20053
       20115
       20126
       20131
       20195
       20242
       20333
       20426
       20428
       20435
       20491
       20502
       20582
       20670
       20690
       20750
       20831
       20913
       20972
       21039
       21137
       21155
       21203
       21253
       21321
       21398
       21460
       21464
       21553
       21599
       21634
       21659
       21728
       21745
       21834
       21922
       21931
       21988
       22046
       22075
       22123
       22138
       22193
       22275
       22342
       22416
       22423
       22426
       22456
       22457
       22533
       22552
       22607
       22615
       22640
       22673
       22687
       22718
       22801
       22828
       22849
       22859
       22897
       22961
       22994
       23039
       23105
       23138
       23192
       23263
       23311
       23391
       23410
       23498
       23525
       23620
       23636
       23693
       23696
       23783
       23838
       23858
       23876
       23912
       23991
       23992
       24074
       24089
       24104
       24186
       24229
       24277
       24324
       24378
       24443
       24502
       24550
       24627
       24694
       24696
       24751
       24807
       24873
       24929
       24967
       25042
       25134
       25186
       25256
       25266
       25289
       25307
       25344
       25394
       25456
       25487
       25515
       25583
       25670
       25699
       25754
       25807
       25881
       25911
       26006
       26097
       26165
       26199
       26232
       26232
       26241
       26278
       26342
       26394
       26429
       26498
       26597
       26614
       26614
       26618
       26660
       26732
       26771
       26818
       26850
       26875
       26900
       26940
       26952
       27013
       27035
       27100
       27145
       27237
       27320
       27375
       27398
       27401
       27471
       27558
       27584
       27633
       27633
       27694
       27753
       27769
       27815
       27904
       27912
       27931
       27997
       28018
       28107
       28141
       28240
       28272
       28342
       28356
       28363
       28447
       28532
       28584
       28659
       28702
       28779
       28849
       28919
       29013
       29094
       29175
       29207
       29280
       29329
       29362
       29458
       29538
       29540
       29577
       29632
       29645
       29672
       29703
       29782
       29861
       29920
       30016
       30019
       30094
       30162
       30254
       30349
       30380
       30458
       30538
       30619
       30680
       30706
       30740
       30762
       30779
       30831
       30914
       30957
       31021
       31033
       31115
       31167
       31168
       31196
       31275
       31283
       31376
       31429
       31495
       31558
       31617
       31630
       31695
       31728
       31728
       31732
       31773
       31836
       31852
       31891
       31955
       31982
       32026
       32076
       32124
       32163
       32169
       32245
       32331
       32339
       32420
       32508
       32547
       32580
       32661
       32696
       32763
       32818
       32867
       32876
       32877
       32905
       32991
       33011
       33071
       33086
       33088
       33126
       33145
       33153
       33203
       33277
       33298
       33333
       33414
       33513
       33563
       33630
       33671
       33750
       33787
       33885
       33966
       34001
       34025
       34112
       34176
       34210
       34274
       34349
       34407
       34490
       34522
       34524
       34621
       34657
       34708
       34722
       34759
       34794
       34834
       34915
       34959
       34959
       34997
       35024
       35042
       35091
       35170
       35186
       35266
       35320
       35413
       35445
       35448
       35472
       35510
       35602
       35608
       35655
       35689
       35756
       35756
       35788
       35875
       35973
       36070
       36084
       36090
       36130
       36172
       36242
       36287
       36323
       36374
       36405
       36412
       36490
       36532
       36571
       36667
       36722
       36806
       36833
       36902
       36920
       37017
       37044
       37116
       37152
       37174
       37227
       37278
       37307
       37399
       37483
       37526
       37544
       37548
       37589
       37671
       37723
       37775
       37847
       37921
       37942
       38018
       38088
       38135
       38135
       38144
       38242
       38333
       38399
       38498
       38593
       38648
       38747
       38833
       38836
       38912
       38991
       39058
       39124
       39175
       39257
       39297
       39357
       39439
       39480
       39564
       39589
       39617
       39635
       39649
       39727
       39785
       39824
       39866
       39946
       40032
       40069
       40086
       40114
       40127
       40128
       40168
       40231
       40255
       40326
       40390
       40467
       40511
       40522
       40532
       40620
       40682
       40737
       40780
       40825
       40829
       40926
       40992
       41072
       41148
       41232
       41268
       41355
       41359
       41370
       41397
       41447
       41509
       41605
       41621
       41661
       41734
       41771
       41785
       41827
       41891
       41921
       41948
       41973
       42052
       42079
       42137
       42143
       42232
       42306
       42396
       42396
       42443
       42481
       42498
       42566
       42592
       42665
       42679
       42703
       42715
       42724
       42812
       42892
       42893
       42916
       43015
       43079
       43152
       43165
       43228
       43305
       43392
       43443
       43531
       43627
       43642
       43646
       43692
       43730
       43809
       43889
       43939
       43979
       44031
       44035
       44040
       44092
       44123
       44150
       44241
       44284
       44346
       44384
       44432
       44529
       44540
       44572
       44616
       44657
       44742
       44764
       44863
       44893
       44917
       44972
       45062
       45121
       45131
       45152
       45176
       45218
       45259
       45280
       45349
       45446
       45453
       45467
       45515
       45522
       45529
       45531
       45573
       45621
       45691
       45736
       45740
       45770
       45863
       45895
       45990
       46054
       46077
       46156
       46207
       46251
       46347
       46396
       46486
       46553
       46650
       46678
       46769
       46865
       46910
       46955
       47038
       47115
       47174
       47253
       47257
       47268
       47275
       47318
       47341
       47389
       47403
       47451
       47469
       47543
       47636
       47698
       47733
       47800
       47873
       47874
       47921
       47922
       48016
       48094
       48106
       48117
       48156
       48215
       48260
       48293
       48348
       48429
       48454
       48514
       48546
       48565
       48568
       48634
       48722
       48751
       48837
       48901
       48973
       49063
       49108
       49180
       49184
       49203
       49246
       49247
       49277
       49331
       49372
       49401
       49479
       49528
       49531
       49558
       49657
       49744
       49765
       49809
       49852
       49911
       49976
       50039
       50052
       50067
       50086
       50132
       50202
       50228
       50312
       50319
       50341
       50419
       50514
       50579
       50611
       50706
       50801
       50804
       50849
       50946
       50995
       51051
       51094
       51159
       51256
       51261
       51261
       51354
       51432
       51483
       51503
       51535
       51612
       51670
       51724
       51768
       51850
       51945
       51957
       52027
       52112
       52195
       52196
       52198
       52227
       52300
       52310
       52324
       52371
       52386
       52474
       52516
       52575
       52610
       52621
       52686
       52776
       52804
       52851
       52905
       52982
       53052
       53057
       53138
       53213
       53222
       53260
       53343
       53345
       53382
       53407
       53431
       53472
       53539
       53608
       53650
       53707
       53791
       53832
       53899
       53958
       54051
       54083
       54124
       54164
       54210
       54248
       54256
       54283
       54309
       54323
       54421
       54492
       54516
       54536
       54583
       54653
       54747
       54755
       54822
       54855
       54920
       54935
       54939
       54993
       55072
       55072
       55146
       55213
       55304
       55367
       55465
       55555
       55593
       55648
       55659
       55677
       55708
       55787
       55809
       55873
       55889
       55955
       55977
       56048
       56131
       56160
       56195
       56195
       56196
       56266
       56268
       56268
       56270
       56336
       56423
       56463
       56533
       56560
       56619
       56701
       56748
       56798
       56799
       56886
       56955
       57051
       57051
       57102
       57114
       57173
       57215
       57263
       57349
       57404
       57456
       57527
       57602
       57615
       57663
       57704
       57729
       57799
       57894
       57976
       58032
       58096
       58139
       58228
       58261
       58302
       58348
       58364
       58422
       58485
       58488
       58526
       58610
       58655
       58686
       58703
       58741
       58796
       58826
       58900
       58974
       59052
       59145
       59179
       59253
       59346
       59401
       59417
       59500
       59530
       59595
       59611
       59681
       59732
       59806
       59823
       59857
       59862
       59917
       59984
       60030
       60123
       60181
       60197
       60201
       60278
       60315
       60391
       60402
       60415
       60434
       60467
       60552
       60571
       60585
       60598
       60602
       60676
       60729
       60729
       60826
       60841
       60846
       60875
       60969
       61057
       61111
       61210
       61237
       61294
       61336
       61386
       61475
       61527
       61596
       61657
       61741
       61779
       61783
       61882
       61934
       62026
       62109
       62182
       62216
       62294
       62300
       62352
       62434
       62439
       62533
       62625
       62674
       62748
       62780
       62852
       62915
       62968
       62998
       63050
       63138
       63218
       63221
       63300
       63370
       63408
       63425
       63432
       63442
       63516
       63575
       63622
       63636
       63650
       63727
       63812
       63836
       63869
       63921
       63945
       63955
       63973
       64047
       64105
       64107
       64144
       64188
       64266
       64308
       64320
       64387
       64449
       64470
       64508
       64513
       64572
       64632
       64675
       64753
       64785
       64796
       64850
       64872
       64938
       65035
       65124
       65132
       65170
       65263
       65278
       65353
       65357
       65452
       65471
       65556
       65646
       65712
       65784
       65841
       65887
       65930
       66010
       66011
       66065
       66139
       66158
       66175
       66245
       66245
       66284
       66319
       66413
       66462
       66556
       66566
       66663
       66737
       66824
       66839
       66912
       66997
       67050
       67124
       67170
       67176
       67253
       67279
       67351
       67415
       67446
       67498
       67539
       67549
       67622
       67717
       67777
       67854
       67912
       68011
       68019
       68048
       68058
       68156
       68157
       68210
       68287
       68385
       68416
       68509
       68602
       68690
       68745
       68824
       68892
       68985
       69067
       69085
       69107
       69122
       69212
       69272
       69351
       69443
       69488
       69581
       69673
       69693
       69721
       69820
       69870
       69960
       70025
       70060
       70095
       70166
       70231
       70273
       70307
       70388
       70471
       70560
       70612
       70706
       70749
       70806
       70886
       70886
       70955
       70958
       70965
       71023
       71090
       71167
       71247
       71346
       71390
       71474
       71509
       71559
       71640
       71670
       71696
       71778
       71783
       71799
       71812
       71874
       71966
       72022
       72111
       72173
       72241
       72247
       72256
       72306
       72306
       72361
       72447
       72520
       72577
       72594
       72601
       72627
       72700
       72792
       72814
       72898
       72953
       73014
       73024
       73059
       73106
       73191
       73281
       73354
       73431
       73522
       73577
       73609
       73653
       73712
       73749
       73836
       73904
       73988
       74048
       74098
       74149
       74198
       74283
       74342
       74349
       74366
       74439
       74481
       74523
       74579
       74580
       74663
       74708
       74721
       74734
       74770
       74842
       74910
       74959
       75055
       75074
       75089
       75116
       75143
       75232
       75287
       75358
       75456
       75523
       75616
       75704
       75755
       75848
       75876
       75966
       76038
       76044
       76080
       76127
       76151
       76199
       76277
       76279
       76326
       76421
       76452
       76514
       76577
       76656
       76741
       76817
       76861
       76879
       76919
       76929
       77020
       77046
       77061
       77104
       77170
       77210
       77264
       77339
       77391
       77402
       77457
       77483
       77560
       77642
       77714
       77729
       77809
       77907
       77955
       77995
       78065
       78132
       78181
       78239
       78249
       78266
       78317
       78399
       78462
       78487
       78504
       78536
       78610
       78672
       78728
       78823
       78841
       78856
       78928
       78961
       79050
       79077
       79140
       79142
       79199
       79219
       79225
       79321
       79408
       79483
       79497
       79533
       79553
       79561
       79612
       79636
       79643
       79644
       79729
       79811
       79837
       79842
       79921
       79965
       79965
       79984
       80057
       80107
       80108
       80139
       80211
       80268
       80271
       80360
       80363
       80420
       80439
       80471
       80561
       80619
       80620
       80685
       80769
       80859
       80914
       80929
       80943
       81023
       81118
       81123
       81143
       81146
       81219
       81231
       81242
       81300
       81311
       81359
       81449
       81499
       81541
       81553
       81565
       81605
       81695
       81755
       81790
       81867
       81944
       81994
       82088
       82186
       82213
       82290
       82366
       82449
       82460
       82499
       82532
       82550
       82634
       82728
       82802
       82826
       82859
       82949
       83026
       83092
       83162
       83241
       83266
       83274
       83302
       83381
       83398
       83412
       83496
       83506
       83590
       83595
       83680
       83694
       83745
       83795
       83828
       83890
       83986
       84046
       84101
       84164
       84210
       84240
       84279
       84377
       84474
       84547
       84641
       84682
       84687
       84734
       84833
       84904
       84951
       85048
       85127
       85205
       85219
       85303
       85400
       85494
       85552
       85593
       85641
       85685
       85777
       85856
       85937
       85965
       85989
       85990
       86050
       86059
       86116
       86153
       86178
       86184
       86275
       86352
       86413
       86445
       86514
       86610
       86649
       86705
       86778
       86816
       86915
       86961
       87014
       87108
       87189
       87243
       87294
       87300
       87387
       87485
       87544
       87564
       87596
       87648
       87720
       87801
       87802
       87894
       87978
       88004
       88014
       88020
       88073
       88086
       88097
       88191
       88230
       88321
       88392
       88404
       88502
       88581
       88617
       88629
       88713
       88772
       88807
       88858
       88905
       88979
       89075
       89133
       89135
       89188
       89272
       89304
       89369
       89414
       89490
       89572
       89665
       89755
       89841
       89856
       89919
       89967
       90041
       90109
       90194
       90254
       90326
       90355
       90380
       90391
       90417
       90486
       90568
       90613
       90685
       90745
       90765
       90798
       90808
       90830
       90910
       90974
       91050
       91071
       91168
       91261
       91280
       91312
       91407
       91482
       91556
       91563
       91649
       91653
       91677
       91774
       91777
       91840
       91922
       91986
       91991
       92080
       92109
       92161
       92221
       92288
       92387
       92450
       92466
       92472
       92566
       92664
       92730
       92748
       92831
       92867
       92896
       92905
       92987
       93076
       93165
       93247
       93316
       93357
       93401
       93494
       93509
       93534
       93629
       93682
       93714
       93729
       93764
       93791
       93804
       93859
       93954
       93977
       94017
       94038
       94085
       94121
       94202
       94226
       94312
       94381
       94456
       94493
       94567
       94574
       94648
       94735
       94822
       94842
       94857
       94937
       94994
       95034
       95098
       95188
       95226
       95234
       95273
       95331
       95412
       95431
       95491
       95572
       95613
       95614
       95713
       95788
       95856
       95871
       95898
       95991
       96014
       96100
       96193
       96214
       96255
       96299
       96347
       96375
       96454
       96485
       96549
       96617
       96702
       96747
       96772
       96813
       96895
       96949
       97007
       97071
       97108
       97133
       97166
       97226
       97266
       97285
       97366
       97454
       97508
       97606
       97648
       97648
       97713
       97777
       97787
       97862
       97902
       97906
       97924
       97950
       97960
       98041
       98122
       98185
       98249
       98324
       98368
       98372
       98418
       98497
       98563
       98615
       98687
       98736
       98784
       98785
       98841
       98886
       98904
       98915
       98935
       98995
       99029
       99115
       99136
       99139
       99156
       99252
       99325
       99410
       99496
       99520
       99575
       99584
       99586
       99586
       99606
       99656
       99680
       99732
       99771
       99814
       99885
       99972
       99994
      100079
      100114
      100122
      100186
      100223
      100312
      100363
      100368
      100444
      100463
      100511
      100575
      100579
      100633
      100674
      100698
      100741
      100777
      100815
      100822
      100822
      100854
      100913
      100914
      100922
      100959
      101016
      101017
      101033
      101106
      101153
      101228
      101317
      101336
      101430
      101479
      101516
      101606
      101648
      101719
      101731
      101823
      101860
      101881
      101970
      101995
      102075
      102120
      102139
      102152
      102243
      102336
      102432
      102486
      102501
      102556
      102654
      102693
      102791
      102872
      102952
      102964
      103046
      103094
      103106
      103121
      103181
      103240
      103309
      103328
      103351
      103387
      103474
      103475
      103505
      103585
      103586
      103651
      103666
      103688
      103735
      103795
      103808
      103877
      103897
      103930
      104020
      104118
      104132
      104231
      104319
      104372
      104374
      104465
      104537
      104584
      104623
      104713
      104747
      104844
      104875
      104952
      104972
      104999
      105090
      105189
      105276
      105306
      105316
      105339
      105407
      105498
      105575
      105602
      105683
      105688
      105747
      105794
      105863
      105906
      105924
      106008
      106039
      106097
      106139
      106158
      106178
      106199
      106257
      106351
      106435
      106532
      106566
      106622
      106693
      106715
      106731
      106755
      106799
      106888
      106926
      107009
      107056
      107108
      107203
      107226
      107233
      107252
      107339
      107399
      107462
      107523
      107556
      107642
      107701
      107729
      107815
      107869
      107947
      107979
      108069
      108114
      108202
      108267
      108347
      108421
      108424
      108440
      108499
      108573
      108672
      108699
      108748
      108774
      108852
      108888
      108940
      108942
      109011
      109049
      109090
      109143
      109233
      109289
      109308
      109310
      109388
      109391
      109425
      109516
      109540
      109619
      109718
      109744
      109767
      109814
      109900
      109939
      109975
      110067
      110146
      110220
      110298
      110311
      110398
      110494
      110512
      110603
      110629
      110659
      110732
      110808
      110811
      110861
      110937
      110943
      110962
      111033
      111065
      111115
      111145
      111187
      111267
      111323
      111329
      111416
      111501
      111579
      111664
      111760
      111834
      111857
      111946
      111982
      112028
      112043
      112117
      112187
      112207
      112245
      112304
      112341
      112363
      112369
      112419
      112459
      112499
      112566
      112644
      112695
      112788
      112795
      112873
      112936
      112956
      112957
      112994
      113023
      113058
      113153
      113192
      113219
      113254
      113278
      113343
      113369
      113456
      113536
      113632
      113710
      113715
      113746
      113818
      113882
      113944
      114020
      114062
      114146
      114218
      114243
      114268
      114336
      114403
      114468
      114508
      114575
      114586
      114595
      114664
      114751
      114775
      114783
      114873
      114947
      115018
      115019
      115104
      115156
      115230
      115295
      115331
      115426
      115460
      115478
      115521
      115565
      115645
      115726
      115808
      115819
      115852
      115879
      115903
      115975
      116042
      116069
      116088
      116109
      116161
      116213
      116253
      116266
      116275
      116372
      116417
      116473
      116477
      116568
      116667
      116679
      116774
      116854
      116949
      116983
      116998
      117087
      117164
      117242
      117300
      117318
      117345
      117347
      117403
      117498
      117597
      117695
      117719
      117805
      117826
      117889
      117984
      118048
      118074
      118097
      118172
      118254
      118340
      118374
      118450
      118489
      118546
      118616
      118705
      118749
      118777
      118840
      118906
      118958
      118968
      119015
      119091
      119190
      119245
      119270
      119323
      119341
      119350
      119401
      119450
      119461
      119469
      119543
      119612
      119655
      119717
      119814
      119829
      119911
      119916
      119950
      119986
      120029
      120035
      120099
      120173
      120210
      120287
      120311
      120330
      120330
      120330
      120338
      120430
      120518
      120532
      120631
      120674
      120683
      120689
      120763
      120830
      120900
      120959
      121022
      121033
      121107
      121108
      121167
      121182
      121265
      121322
      121406
      121440
      121458
      121550
      121623
      121664
      121673
      121706
      121800
      121897
      121912
      121947
      121964
      121968
      122009
      122015
      122086
      122118
      122196
      122264
      122345
      122418
      122445
      122478
      122539
      122554
      122639
      122713
      122777
      122875
      122892
      122930
      123007
      123046
      123144
      123201
      123286
      123325
      123403
      123432
      123530
      123542
      123549
      123573
      123648
      123675
      123710
      123713
      123751
      123845
      123940
      123955
      123977
      124051
      124083
      124144
      124236
      124275
      124309
      124321
      124330
      124365
      124371
      124424
      124433
      124494
      124541
      124541
      124600
      124656
      124686
      124709
      124775
      124781
      124791
      124886
      124914
      124931
      125026
      125047
      125073
      125125
      125199
      125284
      125332
      125347
      125435
      125532
      125630
      125687
      125782
      125825
      125854
      125934
      125945
      125971
      125982
      125983
      126026
      126125
      126216
      126254
      126337
      126384
      126466
      126558
      126602
      126664
      126731
      126790
      126857
      126900
      126918
      126979
      127073
      127111
      127140
      127217
      127303
      127353
      127443
      127472
      127517
      127553
      127580
      127629
      127658
      127733
      127813
      127892
      127903
      127950
      128026
      128044
      128143
      128144
      128205
      128217
      128227
      128305
      128369
      128438
      128493
      128499
      128590
      128624
      128676
      128749
      128838
      128890
      128916
      128964
      128987
      129069
      129135
      129147
      129162
      129226
      129291
      129312
      129411
      129437
      129485
      129582
      129588
      129649
      129739
      129805
      129890
      129987
      130064
      130065
      130139
      130203
      130224
      130315
      130404
      130435
      130440
      130509
      130602
      130641
      130720
      130812
      130819
      130872
      130912
      131002
      131098
      131174
      131254
      131277
      131325
      131337
      131412
      131436
      131520
      131593
      131627
      131668
      131751
      131807
      131830
      131832
      131842
      131924
      131990
      131995
      131998
      132008
      132018
      132025
      132077
      132103
      132125
      132150
      132202
      132235
      132302
      132360
      132365
      132456
      132539
      132610
      132625
      132652
      132746
      132782
      132871
      132908
      132962
      133007
      133075
      133081
      133091
      133169
      133249
      133296
      133344
      133442
      133527
      133559
      133632
      133666
      133672
      133702
      133728
      133739
      133832
      133870
      133942
      133969
      134057
      134127
      134196
      134225
      134266
      134350
      134357
      134430
      134509
      134590
      134635
      134655
      134748
      134810
      134867
      134894
      134895
      134938
      135000
      135097
      135172
      135230
      135252
      135351
      135411
      135475
      135494
      135508
      135602
      135658
      135716
      135756
      135829
      135892
      135922
      135966
      135978
      135979
      136077
      136146
      136187
      136239
      136325
      136346
      136369
      136461
      136542
      136627
      136660
      136661
      136674
      136765
      136785
      136815
      136821
      136915
      136980
      137036
      137103
      137155
      137183
      137244
      137295
      137329
      137411
      137497
      137587
      137613
      137688
      137701
      137779
      137863
      137960
      138001
      138050
      138132
      138215
      138293
      138386
      138408
      138413
      138428
      138510
      138582
      138583
      138672
      138737
      138756
      138817
      138823
      138893
      138910
      138921
      138921
      138963
      139056
      139118
      139126
      139171
      139181
      139242
      139323
      139390
      139466
      139551
      139581
      139664
      139750
      139805
      139893
      139980
      140061
      140120
      140191
      140200
      140216
      140308
      140369
      140428
      140502
      140548
      140624
      140634
      140655
      140698
      140745
      140836
      140867
      140949
      141006
      141014
      141024
      141055
      141072
      141169
      141209
      141293
      141374
      141469
      141481
      141558
      141650
      141714
      141739
      141800
      141864
      141943
      141994
      142075
      142129
      142225
      142243
      142280
      142323
      142329
      142394
      142416
      142465
      142510
      142512
      142604
      142689
      142778
      142846
      142917
      142928
      142975
      143048
      143097
      143146
      143244
      143271
      143294
      143391
      143446
      143492
      143501
      143560
      143570
      143593
      143621
      143674
      143740
      143815
      143914
      143928
      144009
      144037
      144118
      144146
      144227
      144231
      144237
      144246
      144253
      144294
      144382
      144424
      144425
      144478
      144500
      144504
      144546
      144612
      144614
      144669
      144695
      144703
      144714
      144721
      144811
      144811
      144811
      144824
      144917
      145001
      145049
      145146
      145239
      145298
      145325
      145379
      145402
      145478
      145479
      145512
      145548
      145621
      145667
      145764
      145768
      145803
      145895
      145956
      146011
      146068
      146110
      146126
      146147
      146171
      146172
      146257
      146291
      146344
      146432
      146484
      146574
      146596
      146649
      146733
      146813
      146859
      146915
      146915
      146916
      146962
      147015
      147032
      147089
      147184
      147235
      147321
      147346
      147413
      147482
      147496
      147580
      147603
      147648
      147663
      147731
      147740
      147756
      147832
      147852
      147889
      147903
      147914
      147934
      148030
      148090
      148137
      148158
      148231
      148328
      148367
      148433
      148442
      148453
      148530
      148626
      148628
      148701
      148711
      148768
      148814
      148877
      148937
      149004
      149058
      149156
      149248
      149264
      149277
      149305
      149313
      149389
      149450
      149537
      149614
      149658
      149711
      149772
      149824
      149833
      149923
      149954
      150007
      150023
      150068
      150157
      150164
      150241
      150331
      150339
      150408
      150479
      150563
      150658
      150734
      150826
      150870
      150938
      151025
      151043
      151141
      151231
      151289
      151362
      151438
      151444
      151531
      151549
      151559
      151654
      151722
      151727
      151810
      151837
      151840
      151908
      151995
      152005
      152076
      152124
      152133
      152228
      152321
      152397
      152415
      152505
      152517
      152562
      152584
      152639
      152684
      152733
      152789
      152810
      152850
      152861
      152888
      152904
      152972
      152976
      153049
      153135
      153138
      153162
      153257
      153269
      153278
      153376
      153471
      153546
      153593
      153656
      153740
      153746
      153803
      153850
      153858
      153868
      153959
      153985
      154064
      154131
      154136
      154225
      154240
      154321
      154390
      154408
      154452
      154538
      154592
      154640
      154644
      154670
      154745
      154789
      154864
      154874
      154927
      154998
      155051
      155110
      155144
      155155
      155247
      155345
      155417
      155432
      155507
      155605
      155646
      155707
      155741
      155810
      155880
      155961
      155995
      156008
      156014
      156027
      156071
      156151
      156220
      156291
      156295
      156300
      156338
      156408
      156487
      156519
      156519
      156545
      156626
      156632
      156634
      156707
      156756
      156792
      156805
      156853
      156861
      156863
      156888
      156945
      156988
      157038
      157096
      157119
      157211
      157237
      157327
      157383
      157404
      157461
      157544
      157583
      157678
      157706
      157781
      157877
      157911
      157966
      158022
      158083
      158111
      158177
      158181
      158260
      158355
      158450
      158528
      158538
      158543
      158554
      158583
      158635
      158679
      158679
      158738
      158830
      158878
      158955
      158965
      159009
      159102
      159187
      159200
      159254
      159278
      159291
      159359
      159414
      159452
      159508
      159558
      159635
      159694
      159793
      159850
      159889
      159967
      160037
      160109
      160110
      160140
      160208
      160217
      160314
      160381
      160441
      160458
      160472
      160505
      160532
      160550
      160593
      160666
      160747
      160781
      160808
      160813
      160865
      160896
      160974
      161000
      161020
      161067
      161083
      161127
      161152
      161160
      161180
      161182
      161278
      161362
      161392
      161465
      161492
      161586
      161600
      161673
      161715
      161805
      161842
      161930
      161959
      162014
      162072
      162165
      162232
      162233
      162320
      162329
      162424
      162501
      162590
      162597
      162678
      162716
      162764
      162831
      162909
      162975
      163007
      163098
      163167
      163186
      163214
      163236
      163325
      163378
      163384
      163413
      163424
      163445
      163464
      163505
      163522
      163590
      163678
      163739
      163781
      163872
      163934
      164022
      164051
      164088
      164163
      164205
      164288
      164343
      164429
      164501
      164556
      164615
      164629
      164667
      164676
      164727
      164787
      164874
      164956
      165022
      165102
      165182
      165222
      165273
      165357
      165373
      165384
      165445
      165448
      165454
      165462
      165551
      165618
      165716
      165787
      165878
      165966
      166054
      166078
      166117
      166176
      166190
      166277
      166334
      166398
      166456
      166550
      166591
      166616
      166645
      166647
      166725
      166792
      166849
      166875
      166876
      166933
      166964
      167063
      167126
      167151
      167195
      167257
      167300
      167308
      167329
      167417
      167478
      167569
      167570
      167658
      167715
      167761
      167832
      167875
      167923
      168020
      168064
      168156
      168166
      168219
      168309
      168371
      168399
      168464
      168556
      168634
      168732
      168805
      168846
      168867
      168903
      168945
      168990
      169075
      169085
      169093
      169097
      169176
      169186
      169252
      169262
      169358
      169416
      169498
      169525
      169555
      169587
      169680
      169739
      169791
      169881
      169948
      170000
      170033
      170126
      170166
      170208
      170261
      170342
      170429
      170508
      170591
      170617
      170669
      170713
      170810
      170814
      170837
      170916
      170929
      170986
      171050
      171071
      171128
      171196
      171243
      171251
      171277
      171302
      171352
      171427
      171483
      171555
      171568
      171577
      171654
      171699
      171766
      171844
      171846
      171919
      171935
      172005
      172087
      172128
      172163
      172197
      172264
      172339
      172345
      172378
      172475
      172514
      172585
      172598
      172690
      172701
      172767
      172859
      172898
      172898
      172977
      173031
      173097
      173170
      173174
      173251
      173261
      173264
      173334
      173379
      173452
      173460
      173483
      173541
      173577
      173660
      173720
      173765
      173851
      173931
      174011
      174088
      174137
      174152
      174165
      174244
      174244
      174257
      174345
      174394
      174476
      174495
      174525
      174616
      174692
      174723
      174796
      174890
      174989
      175012
      175052
      175086
      175135
      175178
      175226
      175269
      175343
      175413
      175435
      175436
      175509
      175525
      175597
      175676
      175771
      175831
      175831
      175856
      175900
      175910
      175982
      176057
      176074
      176118
      176119
      176217
      176299
      176352
      176430
      176472
      176563
      176591
      176675
      176723
      176809
      176896
      176951
      177020
      177109
      177140
      177214
      177218
      177301
      177376
      177414
      177498
      177558
      177652
      177718
      177724
      177744
      177813
      177849
      177944
      177944
      178018
      178019
      178094
      178142
      178193
      178267
      178305
      178358
      178365
      178385
      178398
      178427
      178461
      178506
      178545
      178610
      178641
      178662
      178674
      178770
      178809
      178896
      178932
      179003
      179053
      179141
      179198
      179245
      179298
      179311
      179373
      179406
      179414
      179507
      179550
      179597
      179667
      179754
      179771
      179830
      179862
      179871
      179891
      179965
      180054
      180099
      180169
      180196
      180223
      180299
      180343
      180378
      180388
      180454
      180476
      180488
      180550
      180570
      180603
      180638
      180705
      180707
      180790
      180810
      180834
      180916
      180997
      181051
      181053
      181118
      181173
      181214
      181285
      181317
      181320
      181414
      181414
      181492
      181535
      181629
      181673
      181748
      181845
      181944
      181983
      181986
      181988
      182018
      182080
      182090
      182127
      182198
      182228
      182248
      182328
      182334
      182361
      182365
      182434
      182455
      182535
      182547
      182596
      182691
      182767
      182776
      182788
      182863
      182865
      182919
      183009
      183106
      183205
      183205
      183210
      183291
      183347
      183355
      183441
      183445
      183538
      183571
      183576
      183675
      183732
      183808
      183901
      183903
      183966
      184061
      184094
      184143
      184212
      184239
      184249
      184294
      184308
      184370
      184469
      184513
      184545
      184643
      184708
      184735
      184786
      184872
      184915
      184961
      185018
      185031
      185125
      185139
      185174
      185253
      185316
      185401
      185460
      185530
      185610
      185673
      185715
      185765
      185794
      185840
      185891
      185969
      185981
      186062
      186066
      186067
      186083
      186104
      186133
      186173
      186210
      186228
      186269
      186353
      186369
      186424
      186506
      186536
      186548
      186605
      186663
      186747
      186802
      186828
      186916
      187010
      187097
      187175
      187195
      187200
      187281
      187353
      187391
      187404
      187462
      187560
      187653
      187665
      187729
      187767
      187811
      187905
      187978
      188036
      188054
      188061
      188131
      188187
      188281
      188348
      188435
      188533
      188598
      188598
      188664
      188682
      188738
      188791
      188842
      188909
      188984
      189009
      189021
      189091
      189117
      189145
      189186
      189266
      189300
      189315
      189349
      189394
      189484
      189485
      189577
      189622
      189685
      189736
      189763
      189830
      189900
      189956
      189999
      190004
      190095
      190108
      190150
      190188
      190268
      190284
      190332
      190366
      190404
      190440
      190459
      190480
      190524
      190596
      190659
      190705
      190724
      190767
      190815
      190874
      190927
      190988
      191084
      191177
      191250
      191331
      191377
      191454
      191526
      191579
      191664
      191727
      191809
      191824
      191889
      191981
      192003
      192055
      192096
      192141
      192151
      192197
      192265
      192326
      192383
      192444
      192468
      192509
      192581
      192634
      192635
      192677
      192680
      192721
      192762
      192803
      192808
      192861
      192908
      193000
      193036
      193057
      193060
      193156
      193246
      193261
      193276
      193323
      193369
      193382
      193435
      193524
      193583
      193653
      193671
      193691
      193745
      193764
      193792
      193881
      193922
      194009
      194079
      194080
      194150
      194217
      194219
      194246
      194325
      194350
      194417
      194466
      194500
      194543
      194576
      194609
      194673
      194762
      194860
      194885
      194920
      194970
      195013
      195110
      195167
      195243
      195276
      195307
      195320
      195384
      195399
      195491
      195554
      195601
      195674
      195687
      195769
      195770
      195797
      195822
      195845
      195849
      195900
      195909
      195923
      195939
      195959
      196044
      196094
      196183
      196280
      196293
      196321
      196368
      196387
      196460
      196471
      196556
      196654
      196682
      196756
      196839
      196931
      196955
      197032
      197120
      197169
      197244
      197288
      197325
      197335
      197347
      197407
      197445
      197494
      197533
      197567
      197625
      197661
      197724
      197804
      197879
      197898
      197925
      198001
      198052
      198125
      198138
      198161
      198176
      198232
      198270
      198323
      198374
      198433
      198453
      198454
      198471
      198520
      198547
      198588
      198674
      198713
      198731
      198770
      198803
      198862
      198957
      198974
      199057
      199140
      199174
      199190
      199276
      199292
      199331
      199407
      199480
      199561
      199634
      199681
      199684
      199704
      199757
      199830
      199842
      199935
      199970
      200054
      200071
      200151
      200181
      200230
      200243
      200274
      200356
      200409
      200448
      200505
      200561
      200651
      200716
      200770
      200792
      200875
      200961
      201016
      201033
      201079
      201080
      201091
      201104
      201157
      201192
      201240
      201334
      201428
      201466
      201479
      201556
      201610
      201678
      201764
      201857
      201912
      201977
      202060
      202083
      202155
      202223
      202301
      202329
      202332
      202335
      202335
      202409
      202422
      202476
      202553
      202631
      202647
      202720
      202773
      202834
      202878
      202901
      202951
      203012
      203055
      203149
      203167
      203259
      203260
      203290
      203349
      203419
      203429
      203432
      203498
      203583
      203583
      203681
      203760
      203768
      203818
      203874
      203920
      203926
      203971
      204020
      204029
      204103
      204140
      204203
      204276
      204357
      204451
      204525
      204623
      204629
      204722
      204795
      204805
      204839
      204934
      204986
      205044
      205111
      205149
      205232
      205252
      205266
      205365
      205379
      205395
      205418
      205422
      205484
      205522
      205547
      205571
      205576
      205576
      205623
      205642
      205685
      205782
      205862
      205916
      205996
      206051
      206056
      206117
      206159
      206233
      206254
      206308
      206351
      206409
      206425
      206523
      206552
      206600
      206694
      206716
      206790
      206818
      206853
      206904
      206914
      206994
      207040
      207129
      207135
      207161
      207189
      207223
      207259
      207271
      207362
      207418
      207422
      207442
      207450
      207548
      207626
      207666
      207753
      207848
      207880
      207956
      208047
      208079
      208124
      208197
      208216
      208230
      208238
      208306
      208328
      208394
      208413
      208468
      208545
      208642
      208722
      208738
      208774
      208784
      208834
      208930
      208983
      209034
      209079
      209084
      209091
      209182
      209232
      209331
      209354
      209403
      209483
      209582
      209632
      209633
      209645
      209710
      209733
      209777
      209791
      209879
      209970
      210000
      210088
      210096
      210140
      210178
      210229
      210317
      210371
      210457
      210499
      210564
      210601
      210661
      210698
      210773
      210850
      210888
      210984
      210989
      211066
      211125
      211136
      211173
      211251
      211330
      211337
      211364
      211401
      211483
      211491
      211524
      211562
      211576
      211657
      211724
      211808
      211845
      211893
      211896
      211922
      211923
      211998
      212088
      212183
      212228
      212306
      212332
      212424
      212481
      212575
      212575
      212611
      212620
      212668
      212742
      212767
      212864
      212960
      213051
      213140
      213181
      213259
      213327
      213373
      213414
      213458
      213554
      213638
      213728
      213770
      213834
      213843
      213931
      213935
      213951
      213958
      213999
      214042
      214057
      214151
      214197
      214269
      214319
      214331
      214366
      214447
      214532
      214627
      214644
      214646
      214704
      214722
      214740
      214764
      214791
      214832
      214930
      214994
      214997
      215026
      215086
      215120
      215159
      215222
      215300
      215393
      215491
      215531
      215564
      215609
      215668
      215693
      215761
      215803
      215890
      215914
      215988
      216077
      216151
      216157
      216188
      216198
      216234
      216277
      216371
      216461
      216553
      216575
      216578
      216599
      216602
      216683
      216708
      216725
      216782
      216844
      216921
      216964
      217003
      217089
      217102
      217177
      217181
      217220
      217236
      217323
      217385
      217463
      217517
      217547
      217608
      217628
      217724
      217793
      217811
      217899
      217985
      218074
      218121
      218148
      218152
      218185
      218238
      218299
      218387
      218458
      218476
      218556
      218597
      218632
      218702
      218741
      218763
      218783
      218803
      218895
      218916
      218997
      219066
      219070
      219155
      219223
      219291
      219342
      219366
      219391
