          44
         135
         182
         220
         223
         292
         313
         387
         387
         394
         442
         516
         526
         563
         584
         607
         704
         750
         811
         881
         967
        1001
        1098
        1123
        1189
        1213
        1295
        1393
        1405
        1434
        1502
        1533
        1623
        1674
        1694
        1768
        1773
        1806
        1871
        1890
        1918
        2004
        2093
        2167
        2243
        2296
        2365
        2458
        2480
        2514
        2584
        2657
        2723
        2779
        2847
        2857
        2920
        2929
        3011
        3080
        3110
        3130
        3214
        3286
        3342
        3399
        3442
        3535
        3620
        3658
        3748
        3811
        3815
        3834
        3906
        3958
        3984
        4021
        4058
        4086
        4163
        4186
        4242
        4302
        4338
        4394
        4464
        4520
        4594
        4659
        4750
        4808
        4898
        4961
        5043
        5094
        5190
        5256
        5348
        5427
        5476
        5536
        5585
        5650
        5728
        5793
        5813
        5834
        5847
        5906
        5931
        5961
        5985
        6048
        6140
        6151
        6173
        6200
        6290
        6303
        6345
        6419
        6485
        6488
        6567
        6647
        6648
        6734
        6801
        6898
        6943
        6964
        7043
        7101
        7198
        7208
        7260
        7332
        7401
        7434
        7469
        7490
        7525
        7535
        7625
        7693
        7758
        7817
        7829
        7902
        7929
        8008
        8095
        8194
        8291
        8383
        8428
        8494
        8593
        8613
        8706
        8802
        8868
        8874
        8875
        8921
        8926
        9018
        9067
        9135
        9166
        9259
        9268
        9318
        9417
        9513
        9556
        9655
        9691
        9703
        9760
        9824
        9877
        9885
        9935
        9936
       10012
       10025
       10077
       10108
       10134
       10161
       10189
       10237
       10291
       10295
       10326
       10400
       10409
       10492
       10516
       10534
       10611
       10650
       10667
       10710
       10771
       10797
       10805
       10829
       10868
       10947
       11039
       11095
       11175
       11191
       11236
       11307
       11370
       11440
       11466
       11562
       11637
       11709
       11737
       11812
       11850
       11934
       11949
       11994
       12048
       12118
       12192
       12206
       12268
       12306
       12388
       12428
       12511
       12564
       12575
       12650
       12712
       12770
       12786
       12851
       12892
       12935
       12943
       12962
       12976
       13006
       13063
       13076
       13117
       13131
       13172
       13221
       13311
       13323
       13410
       13435
       13510
       13550
       13583
       13663
       13685
       13767
       13865
       13921
       13994
       14062
       14127
       14153
       14160
       14179
       14238
       14270
       14354
       14449
       14520
       14583
       14677
       14740
       14825
       14922
       14927
       14976
       15007
       15040
       15053
       15150
       15209
       15281
       15318
       15318
       15330
       15393
       15393
       15482
       15563
       15584
       15594
       15622
       15721
       15785
       15880
       15955
       16032
       16129
       16227
       16295
       16383
       16430
       16488
       16554
       16631
       16701
       16739
       16818
       16837
       16837
       16910
       16945
       16966
       17005
       17087
       17126
       17126
       17160
       17182
       17257
       17352
       17412
       17476
       17557
       17649
       17723
       17789
       17860
       17890
       17962
       18043
       18088
       18150
       18204
       18291
       18325
       18395
       18418
       18450
       18457
       18522
       18613
       18642
       18698
       18723
       18768
       18840
       18894
       18921
       18992
       19058
       19085
       19151
       19226
       19295
       19315
       19343
       19404
       19473
       19492
       19559
       19618
       19659
       19676
       19742
       19784
       19809
       19854
       19953
       19981
       20024
       20058
       20123
       20163
       20199
       20288
       20362
       20391
       20416
       20426
       20510
       20560
       20588
       20613
       20669
       20727
       20743
       20754
       20767
       20838
       20863
       20900
       20957
       20968
       21046
       21064
       21135
       21202
       21248
       21248
       21303
       21333
       21352
       21381
       21462
       21497
       21575
       21654
       21727
       21753
       21778
       21807
       21815
       21852
       21880
       21913
       21966
       22022
       22085
       22153
       22200
       22218
       22315
       22323
       22355
       22450
       22546
       22569
       22663
       22677
       22722
       22762
       22850
       22939
       22942
       22979
       22998
       23073
       23121
       23208
       23250
       23263
       23362
       23461
       23477
       23505
       23519
       23525
       23620
       23622
       23669
       23728
       23774
       23774
       23789
       23811
       23827
       23863
       23945
       24014
       24076
       24081
       24169
       24199
       24230
       24238
       24283
       24323
       24401
       24469
       24492
       24515
       24573
       24620
       24634
       24726
       24732
       24776
       24812
       24891
       24981
       25075
       25139
       25223
       25227
       25317
       25368
       25439
       25459
       25545
       25559
       25650
       25673
       25763
       25782
       25866
       25947
       26038
       26116
       26130
       26226
       26301
       26390
       26489
       26491
       26536
       26598
       26613
       26637
       26700
       26791
       26805
       26876
       26975
       26996
       27038
       27071
       27102
       27150
       27180
       27274
       27343
       27397
       27436
       27511
       27590
       27678
       27741
       27804
       27808
       27862
       27906
       27948
       27948
       28039
       28117
       28135
       28213
       28222
       28318
       28359
       28438
       28482
       28521
       28541
       28576
       28638
       28697
       28738
       28744
       28787
       28817
       28821
       28885
       28984
       29042
       29069
       29134
       29172
       29261
       29314
       29391
       29422
       29478
       29541
       29575
       29576
       29594
       29601
       29605
       29671
       29679
       29710
       29723
       29772
       29791
       29795
       29873
       29878
       29891
       29898
       29935
       29975
       30050
       30092
       30191
       30234
       30245
       30245
       30279
       30317
       30334
       30432
       30510
       30574
       30668
       30719
       30793
       30831
       30871
       30896
       30984
       31061
       31135
       31138
       31234
       31280
       31308
       31309
       31350
       31363
       31445
       31489
       31523
       31532
       31631
       31700
       31778
       31805
       31858
       31913
       31919
       31993
       32029
       32104
       32175
       32236
       32280
       32310
       32356
       32435
       32519
       32551
       32625
       32708
       32771
       32831
       32846
       32873
       32908
       32952
       32974
       32998
       33086
       33135
       33216
       33237
       33315
       33328
       33350
       33413
       33490
       33554
       33634
       33726
       33783
       33804
       33839
       33902
       33922
       33949
       33986
       33994
       34044
       34107
       34113
       34173
       34268
       34296
       34323
       34397
       34399
       34483
       34513
       34609
       34701
       34712
       34753
       34836
       34874
       34915
       34931
       34931
       34963
       35001
       35092
       35152
       35204
       35231
       35316
       35388
       35442
       35445
       35503
       35523
       35549
       35576
       35598
       35681
       35711
       35768
       35779
       35807
       35904
       35970
       36038
       36055
       36107
       36168
       36244
       36340
       36353
       36422
       36470
       36481
       36481
       36557
       36567
       36580
       36589
       36614
       36614
       36645
       36679
       36701
       36729
       36799
       36873
       36905
       36956
       36971
       36991
       37057
       37133
       37214
       37242
       37254
       37332
       37391
       37400
       37436
       37521
       37565
       37616
       37686
       37708
       37727
       37789
       37801
       37838
       37922
       37995
       38076
       38085
       38141
       38230
       38272
       38361
       38413
       38438
       38517
       38539
       38606
       38690
       38722
       38797
       38835
       38864
       38901
       38999
       39052
       39060
       39137
       39141
       39158
       39239
       39269
       39291
       39311
       39329
       39391
       39461
       39506
       39558
       39633
       39641
       39730
       39819
       39889
       39979
       40053
       40100
       40120
       40202
       40227
       40290
       40376
       40474
       40477
       40561
       40591
       40618
       40678
       40693
       40693
       40717
       40755
       40772
       40871
       40920
       40964
       40970
       41041
       41099
       41100
       41126
       41156
       41251
       41281
       41317
       41329
       41356
       41436
       41492
       41583
       41656
       41692
       41778
       41816
       41831
       41876
       41918
       41956
       42022
       42027
       42123
       42143
       42178
       42183
       42201
       42224
       42255
       42337
       42370
       42423
       42464
       42483
       42562
       42611
       42691
       42783
       42881
       42900
       42976
       42992
       43051
       43080
       43126
       43159
       43193
       43232
       43321
       43408
       43471
       43540
       43635
       43734
       43793
       43841
       43868
       43961
       44058
       44117
       44124
       44201
       44224
       44266
       44287
       44346
       44352
       44397
       44398
       44457
       44521
       44545
       44619
       44699
       44774
       44809
       44862
       44911
       44998
       45037
       45126
       45133
       45219
       45233
       45258
       45313
       45358
       45391
       45453
       45495
       45540
       45587
       45593
       45657
       45693
       45703
       45748
       45839
       45895
       45968
       46067
       46095
       46158
       46186
       46259
       46342
       46424
       46445
       46524
       46550
       46643
       46689
       46774
       46793
       46843
       46901
       46998
       47040
       47120
       47207
       47247
       47248
       47255
       47266
       47346
       47401
       47408
       47479
       47564
       47636
       47661
       47698
       47719
       47756
       47760
       47853
       47901
       47964
       47968
       48047
       48126
       48223
       48238
       48333
       48347
       48396
       48474
       48572
       48611
       48704
       48758
       48784
       48822
       48912
       48976
       49028
       49051
       49052
       49077
       49097
       49174
       49251
       49300
       49377
       49423
       49466
       49483
       49550
       49565
       49640
       49643
       49656
       49715
       49727
       49747
       49804
       49872
       49966
       49969
       49981
       50000
       50056
       50153
       50176
       50216
       50228
       50279
       50279
       50311
       50354
       50398
       50432
       50528
       50532
       50566
       50578
       50604
       50654
       50667
       50675
       50756
       50796
       50830
       50858
       50858
       50915
       50970
       51057
       51094
       51118
       51206
       51262
       51332
       51416
       51491
       51540
       51591
       51671
       51758
       51842
       51900
       51979
       52077
       52078
       52092
       52189
       52253
       52303
       52338
       52403
       52407
       52467
       52549
       52557
       52654
       52671
       52741
       52785
       52812
       52881
       52887
       52913
       52987
       53071
       53108
       53177
       53205
       53291
       53387
       53453
       53483
       53488
       53563
       53602
       53662
       53712
       53752
       53849
       53925
       53975
       54013
       54085
       54106
       54134
       54182
       54196
       54245
       54334
       54395
       54428
       54520
       54583
       54654
       54727
       54776
       54805
       54890
       54901
       54954
       55034
       55095
       55178
       55182
       55224
       55277
       55315
       55395
       55443
       55476
       55560
       55589
       55597
       55624
       55630
       55665
       55684
       55782
       55801
       55821
       55883
       55916
       55946
       56036
       56126
       56175
       56262
       56330
       56371
       56440
       56456
       56520
       56606
       56661
       56663
       56712
       56713
       56746
       56776
       56840
       56937
       56991
       57078
       57170
       57236
       57287
       57350
       57423
       57441
       57503
       57572
       57649
       57740
       57788
       57853
       57881
       57971
       58009
       58060
       58130
       58147
       58176
       58268
       58349
       58426
       58493
       58547
       58635
       58660
       58676
       58767
       58792
       58828
       58866
       58886
       58916
       59012
       59087
       59126
       59199
       59239
       59283
       59322
       59421
       59482
       59485
       59565
       59567
       59663
       59712
       59759
       59818
       59826
       59826
       59920
       59954
       59978
       60042
       60073
       60143
       60220
       60314
       60413
       60472
       60489
       60545
       60605
       60635
       60636
       60639
       60734
       60767
       60780
       60843
       60912
       60981
       61040
       61105
       61128
       61190
       61262
       61360
       61382
       61448
       61537
       61565
       61654
       61671
       61681
       61729
       61797
       61849
       61914
       61923
       61943
       62040
       62044
       62075
       62108
       62199
       62213
       62224
       62283
       62348
       62424
       62515
       62517
       62533
       62563
       62579
       62663
       62665
       62743
       62840
       62930
       62980
       62996
       63001
       63029
       63038
       63089
       63124
       63161
       63234
       63318
       63355
       63398
       63401
       63494
       63545
       63605
       63703
       63775
       63826
       63919
       63991
       64047
       64112
       64201
       64241
       64323
       64387
       64432
       64437
       64469
       64499
       64598
       64610
       64704
       64734
       64816
       64908
       64946
       64981
       65016
       65052
       65062
       65120
       65191
       65251
       65329
       65427
       65473
       65549
       65630
       65660
       65672
       65700
       65771
       65856
       65954
       66015
       66017
       66115
       66170
       66225
       66324
       66380
       66381
       66477
       66478
       66565
       66568
       66661
       66683
       66713
       66803
       66883
       66896
       66946
       67042
       67120
       67129
       67192
       67217
       67249
       67265
       67356
       67445
       67528
       67603
       67625
       67703
       67772
       67780
       67849
       67935
       67967
       67982
       67998
       68071
       68169
       68173
       68268
       68344
       68437
       68529
       68605
       68656
       68698
       68795
       68846
       68875
       68899
       68963
       68996
       69087
       69130
       69135
       69172
       69239
       69239
       69286
       69383
       69447
       69539
       69546
       69633
       69703
       69782
       69840
       69912
       69991
       70011
       70016
       70024
       70057
       70067
       70073
       70136
       70152
       70188
       70269
       70332
       70350
       70443
       70504
       70571
       70610
       70636
       70651
       70666
       70715
       70775
       70864
       70950
       71045
       71051
       71110
       71118
       71188
       71282
       71369
       71418
       71459
       71506
       71562
       71572
       71649
       71724
       71728
       71808
       71819
       71890
       71916
       71996
       72094
       72137
       72185
       72281
       72363
       72387
       72419
       72467
       72535
       72585
       72644
       72661
       72702
       72741
       72794
       72837
       72885
       72977
       73036
       73100
       73128
       73182
       73203
       73209
       73301
       73348
       73392
       73475
       73532
       73582
       73608
       73610
       73610
       73674
       73747
       73789
       73825
       73901
       73955
       74041
       74129
       74149
       74172
       74246
       74258
       74272
       74327
       74330
       74397
       74480
       74562
       74585
       74587
       74609
       74650
       74695
       74724
       74729
       74784
       74798
       74887
       74933
       75004
       75036
       75091
       75123
       75140
       75180
       75211
       75289
       75311
       75370
       75399
       75479
       75555
       75636
       75678
       75695
       75731
       75741
       75754
       75828
       75831
       75907
       75918
       76014
       76111
       76198
       76258
       76321
       76419
       76506
       76571
       76591
       76644
       76730
       76770
       76809
       76892
       76906
       76945
       77041
       77092
       77156
       77241
       77304
       77318
       77362
       77460
       77465
       77543
       77613
       77637
       77736
       77812
       77858
       77946
       77971
       78024
       78074
       78137
       78211
       78216
       78248
       78296
       78336
       78426
       78468
       78556
       78578
       78658
       78667
       78766
       78828
       78916
       78945
       79028
       79113
       79126
       79192
       79248
       79277
       79346
       79424
       79467
       79488
       79529
       79602
       79636
       79645
       79645
       79664
       79670
       79676
       79676
       79731
       79784
       79833
       79869
       79945
       79946
       79955
       79980
       80016
       80065
       80153
       80233
       80328
       80401
       80487
       80506
       80520
       80559
       80632
       80702
       80798
       80893
       80910
       80986
       81019
       81035
       81084
       81110
       81179
       81198
       81207
       81222
       81242
       81288
       81344
       81430
       81529
       81555
       81595
       81689
       81767
       81817
       81869
       81872
       81936
       81949
       82025
       82065
       82068
       82162
       82243
       82246
       82318
       82390
       82411
       82442
       82517
       82562
       82653
       82725
       82782
       82846
       82943
       83004
       83006
       83065
       83091
       83178
       83200
       83260
       83304
       83306
       83306
       83311
       83322
       83364
       83404
       83413
       83429
       83453
       83492
       83547
       83641
       83676
       83742
       83798
       83879
       83959
       84027
       84118
       84212
       84213
       84253
       84324
       84334
       84360
       84450
       84528
       84611
       84669
       84675
       84702
       84735
       84775
       84844
       84896
       84969
       84972
       85024
       85025
       85082
       85175
       85215
       85248
       85335
       85362
       85374
       85424
       85468
       85517
       85616
       85653
       85718
       85812
       85859
       85942
       86016
       86019
       86034
       86107
       86167
       86194
       86285
       86365
       86378
       86459
       86483
       86546
       86636
       86650
       86672
       86688
       86740
       86787
       86787
       86840
       86869
       86913
       86975
       87049
       87068
       87077
       87174
       87175
       87211
       87220
       87225
       87317
       87387
       87389
       87454
       87539
       87583
       87671
       87715
       87799
       87835
       87898
       87900
       87992
       88084
       88127
       88128
       88141
       88154
       88177
       88263
       88273
       88330
       88425
       88509
       88521
       88532
       88541
       88567
       88584
       88683
       88771
       88866
       88932
       88976
       89043
       89138
       89219
       89232
       89270
       89347
       89442
       89492
       89520
       89554
       89630
       89688
       89708
       89723
       89733
       89771
       89773
       89842
       89927
       89970
       90014
       90100
       90166
       90183
       90276
       90333
       90376
       90463
       90495
       90548
       90601
       90620
       90693
       90734
       90784
       90846
       90926
       90977
       90979
       91042
       91058
       91100
       91143
       91242
       91295
       91342
       91417
       91434
       91513
       91609
       91665
       91681
       91769
       91776
       91795
       91834
       91835
       91904
       91955
       91961
       92050
       92071
       92153
       92159
       92182
       92207
       92299
       92328
       92406
       92432
       92531
       92576
       92663
       92733
       92808
       92863
       92884
       92890
       92988
       92995
       92997
       93073
       93110
       93172
       93224
       93304
       93317
       93354
       93432
       93442
       93514
       93603
       93651
       93714
       93715
       93738
       93778
       93851
       93913
       93938
       93970
       94026
       94110
       94170
       94263
       94342
       94414
       94439
       94456
       94532
       94541
       94606
       94650
       94678
       94756
       94772
       94846
       94855
       94917
       94919
       95011
       95013
       95064
       95109
       95130
       95199
       95258
       95356
       95435
       95476
       95558
       95648
       95688
       95779
       95845
       95917
       96004
       96055
       96112
       96182
       96264
       96360
       96441
       96514
       96611
       96685
       96763
       96810
       96871
       96926
       96943
       97038
       97120
       97219
       97265
       97353
       97416
       97488
       97536
       97571
       97587
       97603
       97642
       97688
       97727
       97799
       97898
       97901
       97931
       98015
       98099
       98186
       98226
       98228
       98285
       98304
       98388
       98422
       98466
       98526
       98612
       98619
       98648
       98668
       98682
       98776
       98790
       98835
       98838
       98843
       98919
       98983
       99007
       99095
       99128
       99164
       99237
       99249
       99278
       99361
       99448
       99473
       99500
       99534
       99539
       99595
       99666
       99697
       99777
       99842
       99885
       99945
      100031
      100123
      100170
      100254
      100273
      100337
      100387
      100458
      100465
      100521
      100551
      100563
      100643
      100705
      100737
      100753
      100824
      100900
      100949
      101041
      101118
      101174
      101263
      101272
      101329
      101418
      101458
      101500
      101540
      101611
      101640
      101685
      101702
      101783
      101796
      101848
      101928
      102014
      102033
      102033
      102072
      102122
      102133
      102148
      102235
      102246
      102308
      102396
      102483
      102512
      102550
      102582
      102637
      102696
      102743
      102799
      102844
      102939
      103019
      103073
      103103
      103174
      103221
      103314
      103405
      103429
      103434
      103499
      103501
      103581
      103635
      103698
      103739
      103774
      103810
      103843
      103868
      103897
      103916
      103967
      104003
      104012
      104111
      104204
      104297
      104313
      104359
      104388
      104393
      104399
      104488
      104575
      104593
      104650
      104740
      104800
      104850
      104864
      104891
      104972
      104973
      104988
      105063
      105152
      105222
      105263
      105290
      105345
      105410
      105469
      105547
      105618
      105673
      105752
      105794
      105819
      105915
      105942
      106036
      106121
      106169
      106231
      106323
      106412
      106478
      106536
      106611
      106643
      106722
      106767
      106850
      106941
      106979
      106998
      107068
      107157
      107245
      107272
      107293
      107349
      107375
      107394
      107424
      107450
      107525
      107610
      107638
      107659
      107669
      107756
      107837
      107915
      107928
      107971
      107999
      108066
      108142
      108210
      108291
      108384
      108401
      108471
      108502
      108512
      108559
      108601
      108688
      108701
      108761
      108804
      108859
      108941
      108995
      109049
      109136
      109170
      109177
      109217
      109307
      109351
      109419
      109518
      109608
      109608
      109611
      109649
      109675
      109756
      109844
      109933
      109982
      110031
      110118
      110214
      110283
      110382
      110440
      110474
      110487
      110494
      110585
      110595
      110654
      110728
      110794
      110836
      110861
      110878
      110905
      110948
      111034
      111092
      111148
      111210
      111234
      111316
      111371
      111371
      111378
      111402
      111425
      111517
      111536
      111619
      111637
      111706
      111786
      111828
      111859
      111873
      111873
      111930
      112003
      112035
      112091
      112187
      112212
      112253
      112316
      112345
      112414
      112503
      112596
      112679
      112714
      112777
      112860
      112958
      113056
      113086
      113163
      113233
      113314
      113406
      113463
      113501
      113553
      113650
      113652
      113676
      113701
      113748
      113801
      113865
      113908
      114006
      114041
      114099
      114133
      114142
      114163
      114198
      114283
      114342
      114414
      114505
      114525
      114564
      114599
      114695
      114771
      114774
      114834
      114906
      115001
      115061
      115068
      115142
      115197
      115220
      115287
      115340
      115348
      115431
      115523
      115538
      115613
      115696
      115794
      115816
      115824
      115856
      115909
      115972
      116051
      116101
      116194
      116270
      116321
      116330
      116388
      116452
      116476
      116484
      116570
      116584
      116646
      116689
      116774
      116804
      116838
      116936
      117019
      117045
      117053
      117095
      117183
      117186
      117210
      117257
      117308
      117359
      117442
      117475
      117479
      117523
      117533
      117631
      117658
      117664
      117692
      117742
      117841
      117928
      117943
      117948
      117966
      118017
      118064
      118154
      118209
      118233
      118257
      118340
      118428
      118436
      118468
      118505
      118526
      118603
      118659
      118680
      118772
      118822
      118867
      118896
      118947
      118995
      119062
      119137
      119222
      119222
      119227
      119322
      119394
      119446
      119460
      119469
      119542
      119543
      119580
      119591
      119629
      119656
      119748
      119827
      119907
      119953
      119962
      119978
      120069
      120153
      120164
      120221
      120283
      120341
      120430
      120501
      120537
      120564
      120599
      120692
      120780
      120859
      120864
      120934
      120998
      121078
      121106
      121196
      121279
      121328
      121402
      121439
      121463
      121541
      121636
      121648
      121700
      121738
      121738
      121832
      121859
      121942
      121944
      121962
      122015
      122088
      122166
      122192
      122285
      122344
      122415
      122502
      122599
      122599
      122672
      122672
      122718
      122805
      122826
      122911
      122986
      122987
      123051
      123084
      123088
      123143
      123149
      123236
      123309
      123336
      123369
      123379
      123410
      123419
      123514
      123606
      123681
      123770
      123796
      123884
      123921
      123969
      123987
      124030
      124058
      124140
      124152
      124250
      124332
      124398
      124487
      124491
      124535
      124578
      124671
      124736
      124786
      124832
      124901
      124964
      125045
      125050
      125142
      125224
      125240
      125327
      125401
      125481
      125485
      125558
      125646
      125667
      125757
      125797
      125851
      125880
      125940
      125974
      126048
      126120
      126135
      126219
      126276
      126363
      126379
      126443
      126457
      126514
      126562
      126618
      126670
      126675
      126712
      126806
      126883
      126968
      127054
      127122
      127141
      127240
      127296
      127385
      127420
      127446
      127531
      127613
      127661
      127671
      127717
      127726
      127793
      127825
      127825
      127898
      127995
      128001
      128043
      128049
      128107
      128202
      128216
      128271
      128301
      128327
      128426
      128464
      128551
      128636
      128661
      128678
      128757
      128797
      128836
      128871
      128967
      129027
      129060
      129073
      129170
      129214
      129232
      129329
      129357
      129392
      129476
      129557
      129624
      129639
      129678
      129682
      129726
      129816
      129840
      129860
      129943
      130030
      130076
      130173
      130187
      130197
      130235
      130310
      130337
      130357
      130388
      130464
      130511
      130608
      130680
      130772
      130861
      130905
      130935
      130980
      131038
      131120
      131153
      131235
      131305
      131323
      131333
      131349
      131363
      131413
      131502
      131552
      131604
      131657
      131665
      131683
      131767
      131788
      131814
      131823
      131873
      131931
      131985
      132048
      132065
      132094
      132107
      132108
      132183
      132255
      132271
      132329
      132396
      132445
      132458
      132519
      132615
      132691
      132774
      132842
      132901
      132904
      132980
      132996
      132997
      133072
      133166
      133205
      133273
      133358
      133422
      133447
      133512
      133555
      133638
      133680
      133686
      133767
      133789
      133840
      133896
      133904
      133962
      134049
      134054
      134070
      134159
      134257
      134353
      134422
      134485
      134581
      134676
      134758
      134790
      134874
      134897
      134963
      135018
      135031
      135039
      135104
      135168
      135224
      135253
      135291
      135356
      135370
      135417
      135434
      135446
      135465
      135528
      135610
      135671
      135687
      135747
      135780
      135859
      135928
      135962
      135981
      136012
      136081
      136104
      136137
      136181
      136279
      136292
      136377
      136399
      136415
      136505
      136535
      136542
      136636
      136649
      136666
      136741
      136818
      136833
      136856
      136919
      136947
      137021
      137114
      137124
      137221
      137315
      137396
      137418
      137494
      137522
      137525
      137612
      137693
      137779
      137846
      137920
      137954
      137965
      137986
      138048
      138055
      138105
      138180
      138195
      138289
      138339
      138429
      138506
      138595
      138668
      138705
      138751
      138809
      138901
      138967
      138972
      139005
      139020
      139106
      139159
      139188
      139203
      139277
      139365
      139456
      139551
      139584
      139626
      139712
      139744
      139767
      139857
      139897
      139900
      139918
      139988
      140033
      140058
      140076
      140151
      140167
      140238
      140277
      140320
      140338
      140383
      140469
      140552
      140587
      140644
      140715
      140724
      140810
      140898
      140953
      141023
      141085
      141114
      141158
      141213
      141218
      141227
      141245
      141344
      141359
      141417
      141447
      141493
      141543
      141624
      141634
      141634
      141687
      141769
      141812
      141901
      141947
      142044
      142116
      142133
      142194
      142270
      142322
      142383
      142463
      142504
      142532
      142627
      142717
      142796
      142832
      142851
      142913
      142996
      143033
      143062
      143112
      143140
      143153
      143167
      143260
      143308
      143393
      143478
      143524
      143598
      143633
      143723
      143740
      143818
      143830
      143878
      143964
      144005
      144104
      144191
      144241
      144273
      144331
      144331
      144420
      144481
      144516
      144565
      144642
      144647
      144675
      144729
      144746
      144780
      144860
      144864
      144898
      144980
      145005
      145054
      145147
      145167
      145232
      145316
      145318
      145381
      145412
      145485
      145533
      145609
      145684
      145704
      145709
      145738
      145775
      145859
      145913
      145956
      146048
      146115
      146182
      146250
      146336
      146382
      146425
      146467
      146533
      146546
      146582
      146628
      146653
      146663
      146717
      146747
      146824
      146884
      146924
      146924
      146968
      147061
      147157
      147164
      147240
      147263
      147346
      147376
      147427
      147488
      147582
      147640
      147692
      147713
      147787
      147834
      147921
      147986
      147990
      148054
      148123
      148187
      148261
      148349
      148406
      148456
      148465
      148545
      148567
      148658
      148685
      148774
      148820
      148830
      148839
      148863
      148895
      148980
      148985
      149021
      149040
      149127
      149219
      149235
      149260
      149337
      149347
      149368
      149434
      149482
      149505
      149583
      149672
      149742
      149791
      149817
      149901
      149984
      150016
      150101
      150111
      150120
      150126
      150177
      150233
      150261
      150292
      150351
      150427
      150523
      150589
      150688
      150759
      150782
      150861
      150869
      150902
      150996
      151009
      151100
      151155
      151171
      151200
      151241
      151255
      151265
      151317
      151327
      151406
      151409
      151435
      151530
      151628
      151666
      151671
      151708
      151760
      151852
      151924
      152022
      152051
      152114
      152158
      152209
      152219
      152228
      152269
      152349
      152402
      152411
      152446
      152504
      152570
      152625
      152628
      152650
      152714
      152775
      152797
      152844
      152928
      152949
      153026
      153055
      153075
      153116
      153175
      153253
      153351
      153418
      153419
      153511
      153593
      153598
      153610
      153677
      153765
      153798
      153856
      153901
      153957
      153978
      154027
      154096
      154146
      154172
      154191
      154225
      154245
      154285
      154383
      154397
      154455
      154553
      154576
      154646
      154693
      154718
      154767
      154866
      154866
      154943
      155011
      155105
      155123
      155178
      155227
      155237
      155300
      155350
      155356
      155379
      155401
      155403
      155421
      155465
      155537
      155578
      155645
      155679
      155712
      155756
      155824
      155842
      155914
      155981
      156018
      156095
      156119
      156215
      156216
      156238
      156275
      156329
      156404
      156490
      156552
      156600
      156653
      156681
      156746
      156842
      156929
      156931
      156968
      157035
      157070
      157135
      157182
      157278
      157361
      157442
      157448
      157466
      157515
      157583
      157585
      157612
      157674
      157729
      157776
      157846
      157900
      157934
      158014
      158051
      158124
      158154
      158220
      158296
      158339
      158417
      158490
      158533
      158551
      158578
      158605
      158626
      158725
      158796
      158856
      158903
      159002
      159072
      159129
      159195
      159214
      159291
      159330
      159412
      159502
      159579
      159625
      159627
      159656
      159696
      159761
      159849
      159872
      159928
      159945
      159970
      160026
      160099
      160145
      160174
      160271
      160315
      160332
      160391
      160465
      160564
      160635
      160728
      160771
      160786
      160805
      160851
      160858
      160957
      160966
      161045
      161079
      161151
      161234
      161273
      161330
      161346
      161388
      161450
      161476
      161477
      161492
      161589
      161616
      161669
      161755
      161841
      161856
      161913
      161977
      161986
      162055
      162092
      162155
      162182
      162237
      162331
      162375
      162436
      162503
      162520
      162604
      162686
      162718
      162730
      162751
      162775
      162860
      162959
      162961
      163000
      163007
      163038
      163045
      163068
      163156
      163164
      163259
      163262
      163333
      163333
      163400
      163400
      163438
      163522
      163621
      163710
      163730
      163780
      163795
      163860
      163939
      164012
      164106
      164200
      164211
      164272
      164356
      164402
      164500
      164526
      164549
      164558
      164598
      164601
      164633
      164679
      164748
      164760
      164801
      164813
      164861
      164935
      164937
      165003
      165071
      165134
      165176
      165259
      165266
      165308
      165344
      165364
      165458
      165520
      165527
      165538
      165603
      165647
      165679
      165682
      165769
      165837
      165886
      165969
      165971
      166024
      166096
      166116
      166171
      166235
      166323
      166356
      166375
      166430
      166515
      166518
      166586
      166672
      166702
      166761
      166791
      166803
      166870
      166873
      166971
      167052
      167124
      167152
      167238
      167261
      167297
      167324
      167406
      167415
      167514
      167599
      167609
      167707
      167773
      167806
      167836
      167891
      167964
      167998
      168074
      168140
      168191
      168270
      168368
      168414
      168498
      168545
      168593
      168601
      168642
      168668
      168698
      168734
      168815
      168823
      168906
      168913
      168947
      169035
      169054
      169076
      169110
      169205
      169235
      169327
      169400
      169474
      169545
      169591
      169628
      169665
      169750
      169818
      169899
      169978
      170069
      170125
      170220
      170286
      170329
      170415
      170514
      170537
      170590
      170607
      170661
      170682
      170736
      170784
      170875
      170913
      170913
      170975
      171058
      171141
      171219
      171236
      171275
      171359
      171365
      171456
      171466
      171506
      171510
      171532
      171597
      171619
      171651
      171653
      171700
      171776
      171819
      171861
      171905
      171947
      172001
      172031
      172088
      172104
      172136
      172185
      172252
      172321
      172391
      172473
      172567
      172664
      172736
      172764
      172787
      172840
      172935
      173011
      173076
      173104
      173169
      173211
      173225
      173277
      173279
      173296
      173331
      173393
      173472
      173547
      173633
      173712
      173793
      173808
      173815
      173824
      173887
      173973
      174018
      174034
      174041
      174068
      174110
      174143
      174166
      174218
      174288
      174305
      174311
      174326
      174403
      174409
      174414
      174510
      174605
      174654
      174732
      174781
      174785
      174856
      174879
      174909
      174938
      175026
      175070
      175124
      175174
      175262
      175299
      175367
      175370
      175373
      175437
      175452
      175468
      175473
      175490
      175552
      175577
      175628
      175635
      175706
      175783
      175855
      175946
      175966
      176034
      176070
      176123
      176199
      176228
      176245
      176263
      176276
      176361
      176405
      176432
      176487
      176514
      176570
      176594
      176670
      176710
      176800
      176809
      176893
      176949
      176950
      176966
      176984
      177001
      177004
      177032
      177126
      177223
      177271
      177350
      177364
      177423
      177517
      177556
      177607
      177640
      177713
      177740
      177746
      177751
      177770
      177825
      177911
      178001
      178062
      178150
      178246
      178332
      178408
      178497
      178574
      178574
      178593
      178658
      178757
      178829
      178881
      178911
      178945
      178986
      179031
      179061
      179146
      179188
      179266
      179305
      179368
      179412
      179440
      179477
      179494
      179533
      179569
      179584
      179629
      179666
      179763
      179793
      179822
      179834
      179903
      179906
      179917
      180003
      180085
      180146
      180157
      180191
      180223
      180232
      180269
      180299
      180393
      180478
      180516
      180590
      180593
      180618
      180652
      180727
      180748
      180822
      180909
      181001
      181041
      181089
      181100
      181178
      181181
      181211
      181246
      181271
      181309
      181397
      181407
      181444
      181515
      181607
      181689
      181780
      181801
      181802
      181818
      181899
      181950
      182045
      182085
      182182
      182276
      182279
      182326
      182412
      182482
      182499
      182576
      182617
      182620
      182665
      182751
      182812
      182906
      182944
      183011
      183023
      183023
      183046
      183073
      183101
      183150
      183164
      183255
      183324
      183362
      183460
      183524
      183564
      183588
      183625
      183690
      183748
      183841
      183928
      184010
      184062
      184146
      184243
      184249
      184268
      184364
      184462
      184464
      184522
      184542
      184607
      184648
      184682
      184725
      184747
      184779
      184826
      184894
      184977
      185050
      185112
      185150
      185238
      185327
      185360
      185380
      185464
      185485
      185521
      185577
      185634
      185675
      185683
      185703
      185713
      185766
      185856
      185934
      185979
      186014
      186090
      186157
      186168
      186176
      186263
      186353
      186369
      186396
      186408
      186438
      186479
      186494
      186520
      186567
      186612
      186688
      186704
      186799
      186838
      186931
      187013
      187069
      187072
      187093
      187175
      187198
      187275
      187288
      187346
      187442
      187508
      187524
      187540
      187586
      187611
      187663
      187753
      187818
      187894
      187956
      188007
      188010
      188042
      188062
      188100
      188155
      188247
      188261
      188330
      188403
      188419
      188432
      188502
      188506
      188560
      188566
      188624
      188716
      188767
      188824
      188843
      188877
      188946
      188975
      188987
      189011
      189065
      189082
      189096
      189120
      189147
      189229
      189268
      189285
      189319
      189335
      189358
      189397
      189470
      189505
      189531
      189609
      189613
      189656
      189730
      189829
      189883
      189900
      189911
      190004
      190080
      190110
      190205
      190236
      190296
      190336
      190426
      190488
      190502
      190594
      190688
      190695
      190720
      190798
      190890
      190933
      190986
      191044
      191143
      191240
      191296
      191337
      191355
      191389
      191452
      191544
      191611
      191657
      191732
      191799
      191807
      191857
      191946
      191958
      191983
      192050
      192148
      192220
      192271
      192309
      192323
      192329
      192399
      192487
      192506
      192559
      192648
      192717
      192736
      192809
      192893
      192950
      193024
      193095
      193095
      193140
      193141
      193217
      193231
      193258
      193347
      193434
      193471
      193514
      193528
      193608
      193651
      193653
      193653
      193694
      193766
      193791
      193847
      193942
      193977
      194002
      194022
      194057
      194069
      194082
      194099
      194148
      194178
      194249
      194344
      194441
      194521
      194573
      194579
      194593
      194684
      194770
      194791
      194822
      194862
      194895
      194976
      195016
      195107
      195180
      195275
      195329
      195373
      195421
      195488
      195578
      195624
      195625
      195649
      195723
      195767
      195840
      195898
      195965
      196011
      196017
      196042
      196042
      196109
      196206
      196261
      196329
      196355
      196357
      196376
      196456
      196511
      196567
      196568
      196575
      196576
      196647
      196677
      196756
      196832
      196931
      197010
      197048
      197109
      197168
      197201
      197287
      197375
      197471
      197563
      197628
      197718
      197798
      197839
      197888
      197905
      197919
      198013
      198030
      198118
      198128
      198146
      198152
      198162
      198179
      198241
      198324
      198389
      198455
      198482
      198568
      198647
      198719
      198797
      198825
      198922
      198932
      199011
      199084
      199169
      199247
      199279
      199358
      199452
      199536
      199621
      199661
      199742
      199837
      199933
      199939
      199952
      200000
      200069
      200162
      200246
      200251
      200289
      200307
      200309
      200346
      200394
      200479
      200554
      200609
      200631
      200706
      200775
      200818
      200877
      200889
      200916
      201003
      201094
      201154
      201166
      201258
      201333
      201348
      201401
      201460
      201464
      201508
      201532
      201544
      201599
      201652
      201726
      201740
      201780
      201822
      201901
      201957
      201992
      202001
      202051
      202120
      202142
      202239
      202323
      202362
      202371
      202424
      202469
      202557
      202591
      202661
      202662
      202751
      202806
      202868
      202879
      202937
      202982
      203003
      203087
      203113
      203189
      203276
      203329
      203347
      203347
      203394
      203450
      203499
      203539
      203611
      203614
      203633
      203690
      203746
      203836
      203912
      203979
      204071
      204114
      204159
      204199
      204238
      204281
      204305
      204334
      204420
      204474
      204540
      204580
      204675
      204682
      204715
      204750
      204780
      204805
      204881
      204973
      205028
      205045
      205069
      205107
      205190
      205285
      205343
      205373
      205388
      205470
      205550
      205631
      205633
      205679
      205745
      205803
      205889
      205979
      206052
      206110
      206181
      206233
      206300
      206365
      206400
      206467
      206559
      206634
      206711
      206784
      206793
      206853
      206853
      206907
      206951
      206986
      207078
      207152
      207216
      207232
      207242
      207251
      207348
      207395
      207440
      207539
      207585
      207626
      207687
      207701
      207706
      207751
      207800
      207821
      207850
      207896
      207982
      208073
      208075
      208107
      208141
      208165
      208203
      208222
      208247
      208280
      208379
      208425
      208478
      208515
      208516
      208564
      208594
      208659
      208739
      208836
      208914
      209006
      209022
      209086
      209138
      209229
      209244
      209267
      209281
      209334
      209411
      209430
      209512
      209557
      209564
      209602
      209631
      209716
      209783
      209814
      209853
      209886
      209956
      210009
      210056
      210088
      210132
      210199
      210270
      210317
      210322
      210346
      210391
      210413
      210453
      210507
      210526
      210526
      210560
      210572
      210612
      210626
      210677
      210752
      210828
      210870
      210932
      210949
      210989
      211014
      211064
      211068
      211163
      211216
      211247
      211256
      211293
      211306
      211361
      211443
      211541
      211560
      211578
      211620
      211713
      211733
      211797
      211884
      211930
      211985
      212011
      212037
      212066
      212073
      212127
      212160
      212175
      212262
      212334
      212428
      212499
      212519
      212553
      212557
      212563
      212633
      212725
      212731
      212815
      212820
      212860
      212884
      212962
      213045
      213138
      213138
      213204
      213272
      213334
      213354
      213413
      213504
      213590
      213593
      213689
      213737
      213746
      213843
      213895
      213977
      214008
      214088
      214133
      214153
      214180
      214212
      214305
      214375
      214419
      214448
      214524
      214549
      214619
      214634
      214643
      214672
      214720
      214801
      214835
      214910
      214944
      214952
      214964
      214981
      214998
      215012
      215083
      215085
      215170
      215210
      215281
      215317
      215329
      215334
      215354
      215372
      215419
      215452
      215464
      215543
      215608
      215632
      215652
      215711
      215749
      215848
      215885
      215921
      216019
      216024
      216030
      216088
      216151
      216195
      216246
      216265
      216363
      216369
      216428
      216478
      216509
      216552
      216568
      216582
      216659
      216711
      216717
      216775
      216821
      216898
      216974
      217045
      217060
      217151
      217190
      217214
      217273
      217347
      217433
      217514
      217561
      217637
      217696
      217795
      217840
      217916
      217976
      218006
      218029
      218079
      218141
      218169
      218212
      218300
      218319
      218377
      218421
      218499
      218529
      218569
      218602
      218611
      218636
      218666
      218679
      218776
      218840
      218916
      218978
      219073
      219139
      219141
      219189
      219272
      219331
      219382
      219407
      219443
      219469
      219475
      219484
      219500
      219505
      219576
      219640
      219729
      219746
      219806
      219842
      219900
      219954
      219990
      220084
      220129
      220186
      220214
      220257
      220279
      220315
      220363
      220418
      220472
      220539
      220638
      220667
      220683
      220748
      220827
      220853
      220940
      220954
      220995
      221030
      221032
      221124
      221173
      221250
      221283
      221302
      221351
      221388
      221412
      221425
      221458
      221540
      221634
      221732
      221746
      221788
      221858
      221884
      221963
      222000
      222059
      222122
      222123
      222189
      222202
      222260
      222328
      222367
      222463
      222494
      222517
      222612
      222629
      222705
      222754
      222842
      222867
      222965
      223032
      223042
      223121
      223137
      223185
      223215
      223303
      223362
      223368
      223433
      223483
      223493
      223521
      223531
      223585
      223643
      223738
      223793
      223795
      223865
      223930
      223992
      224005
      224042
      224076
      224134
      224172
      224237
      224294
      224332
      224374
      224402
      224469
      224506
      224559
      224620
      224681
      224744
      224797
      224802
      224818
      224880
      224978
      225029
      225076
      225076
      225087
      225149
      225226
      225320
      225342
      225381
      225479
      225486
      225505
      225589
      225636
      225681
      225705
      225797
      225875
      225876
      225944
      226034
      226121
      226175
      226195
      226235
      226260
      226283
      226328
      226412
      226452
      226488
      226551
      226554
      226597
      226657
      226671
      226692
      226712
      226790
      226831
      226919
      227016
      227059
      227136
      227233
      227296
      227311
      227396
      227418
      227485
      227501
      227585
      227618
      227712
      227731
      227785
      227831
      227917
      227993
      228061
      228109
      228111
      228174
      228180
      228259
      228318
      228409
      228417
      228434
      228437
      228517
      228544
      228592
      228681
      228769
      228832
      228852
      228899
      228970
      229068
      229103
      229122
      229215
      229297
      229317
      229412
      229414
      229459
      229528
      229536
      229594
      229598
      229604
      229637
      229710
      229794
      229847
      229923
      230006
      230095
      230173
      230245
      230266
      230278
      230354
      230371
      230464
      230530
      230560
      230582
      230629
      230671
      230731
      230761
      230773
      230796
      230807
      230870
      230886
      230970
      231018
      231115
      231119
      231214
      231243
      231284
      231364
      231389
      231402
      231456
      231471
      231559
      231625
      231654
      231686
      231775
      231798
      231803
      231897
      231973
      232003
      232093
      232094
      232143
      232233
      232254
      232351
      232438
      232494
      232590
      232666
      232751
      232847
      232889
      232924
      232990
      233033
      233108
      233133
      233209
      233240
      233275
      233288
      233332
      233343
      233434
      233503
      233567
      233642
      233666
      233720
      233782
      233874
      233967
      234015
      234064
      234079
      234121
      234123
      234166
      234241
      234326
      234359
      234365
      234385
      234398
      234474
      234491
      234568
      234585
      234601
      234605
      234682
      234742
      234775
      234775
      234844
      234931
      235003
      235090
      235096
      235105
      235118
      235143
      235191
      235207
      235209
      235216
      235247
      235297
      235357
      235423
      235484
      235492
      235571
      235579
      235655
      235740
      235830
      235901
      235944
      235982
      236069
      236168
      236180
      236267
      236303
      236310
      236363
      236429
      236446
      236446
      236542
      236641
      236646
      236686
      236755
      236812
      236909
      236944
      237028
      237065
      237146
      237228
      237304
      237358
      237369
      237436
      237465
      237540
      237629
      237698
      237728
      237774
      237806
      237824
      237865
      237953
      238012
      238106
      238127
      238189
      238240
      238272
      238362
      238422
      238436
      238498
      238499
      238577
      238615
      238698
      238768
      238842
      238886
      238963
      239031
      239081
      239177
      239276
      239362
      239373
      239404
      239435
      239457
      239511
      239567
      239589
      239686
      239690
      239725
      239772
      239809
      239889
      239889
      239973
      240066
      240080
      240170
      240243
      240300
      240393
      240435
      240498
      240499
      240560
      240625
      240702
      240727
      240812
      240824
      240866
      240961
      241003
      241102
      241102
      241170
      241269
      241296
      241307
      241323
      241407
      241443
      241540
      241552
      241567
      241620
      241717
      241815
      241817
      241872
      241885
      241891
      241911
      242003
      242049
      242115
      242133
      242174
      242267
      242321
      242346
      242390
      242441
      242523
      242538
      242597
      242677
      242725
      242793
      242799
      242858
      242951
      242966
      242996
      243069
      243099
      243174
      243203
      243234
      243277
      243298
      243320
      243353
      243433
      243485
      243496
      243531
      243583
      243598
      243670
      243756
      243813
      243906
      243944
      244025
      244051
      244067
      244070
      244097
      244105
      244204
      244222
      244312
      244354
      244411
      244487
      244527
      244598
      244656
      244693
      244783
      244840
      244860
      244905
      244913
      244979
      245000
      245015
      245100
      245118
      245119
      245205
      245254
      245279
      245340
      245397
      245430
      245458
      245489
      245587
      245607
      245622
      245643
      245652
      245685
      245698
      245749
      245750
      245816
      245854
      245939
      245953
      246001
      246067
      246070
      246088
      246182
      246269
      246361
      246376
      246386
      246479
      246572
      246654
      246675
      246742
      246767
      246856
      246941
      247002
      247020
      247069
      247096
      247189
      247224
      247310
      247340
      247432
      247528
      247574
      247631
      247681
      247727
      247821
      247916
      247944
      248005
      248101
      248154
      248210
      248250
      248345
      248390
      248475
      248536
      248615
      248660
      248725
      248728
      248757
      248821
      248901
      248995
      248999
      249033
      249034
      249099
      249121
      249193
      249260
      249273
      249275
      249374
      249406
      249447
      249490
      249549
      249588
      249666
      249710
      249793
      249855
      249921
      249934
      249938
      249958
      249963
      250011
      250101
      250111
      250207
      250230
      250291
      250332
      250413
      250456
      250549
      250563
      250568
      250667
      250708
      250722
      250781
      250821
      250868
      250925
      251016
      251017
      251103
      251198
      251254
      251348
      251404
      251433
      251444
      251474
      251514
      251516
      251535
      251629
      251688
      251730
      251749
      251802
      251833
      251852
      251897
      251975
      251996
      252039
      252050
      252052
      252135
      252233
      252240
      252316
      252337
      252356
      252449
      252472
      252481
      252533
      252542
      252610
      252708
      252747
      252843
      252891
      252964
      253054
      253110
      253207
      253266
      253324
      253392
      253422
      253480
      253545
      253563
      253654
      253733
      253760
      253791
      253794
      253805
      253812
      253881
      253944
      253986
      254068
      254088
      254105
      254146
      254222
      254236
      254297
      254302
      254323
      254397
      254454
      254494
      254579
      254604
      254612
      254678
      254768
      254825
      254911
      254979
      255078
      255121
      255140
      255170
      255202
      255238
      255307
      255384
      255455
      255496
      255517
      255605
      255639
      255702
      255703
      255772
      255831
      255913
      256004
      256045
      256056
      256141
      256232
      256257
      256307
      256353
      256441
      256529
      256566
      256571
      256603
      256702
      256710
      256765
      256796
      256852
      256880
      256929
      257002
      257035
      257047
      257070
      257091
      257167
      257227
      257264
      257266
      257359
      257430
      257509
      257604
      257684
      257687
      257785
      257872
      257872
      257949
      257961
      258010
      258017
      258099
      258105
      258130
      258181
      258203
      258219
      258277
      258330
      258415
      258500
      258517
      258582
      258639
      258736
      258789
      258839
      258922
      259021
      259050
      259118
      259150
      259168
      259175
      259214
      259311
      259378
      259410
      259412
      259462
      259532
      259590
      259677
      259751
      259817
      259826
      259849
      259913
      260006
      260022
      260036
      260081
      260177
      260271
      260355
      260404
      260450
      260532
      260571
      260670
      260670
      260717
      260759
      260777
      260821
      260831
      260921
      261015
      261083
      261163
      261190
      261249
      261283
      261358
      261358
      261455
      261479
      261559
      261655
      261730
      261731
      261774
      261855
      261863
      261923
      261974
      262061
      262154
      262240
      262332
      262378
      262434
      262495
      262550
      262647
      262723
      262736
      262835
      262854
      262869
      262943
      262992
      263091
      263101
      263132
      263214
      263224
      263277
      263350
      263440
      263532
      263596
      263631
      263644
      263725
      263815
      263819
      263897
      263930
      263931
      264008
      264012
      264097
      264187
      264204
      264240
      264265
      264329
      264390
      264488
      264533
      264554
      264567
      264603
      264604
      264618
      264633
      264688
      264711
      264747
      264807
      264885
      264905
      264945
      265012
      265109
      265171
      265235
      265252
      265329
      265426
      265434
      265514
      265521
      265610
      265670
      265754
      265754
      265822
      265907
      265976
      266050
      266061
      266068
      266116
      266194
      266266
      266331
      266403
      266449
      266515
      266572
      266623
      266682
      266753
      266829
      266836
      266894
      266961
      267035
      267122
      267196
      267241
      267256
      267308
      267397
      267405
      267488
      267527
      267596
      267676
      267697
      267793
      267817
      267909
      267985
      268042
      268087
      268102
      268170
      268202
      268239
      268239
      268312
      268328
      268360
      268393
      268488
      268560
      268574
      268625
      268660
      268677
      268722
      268740
      268757
      268759
      268807
      268883
      268911
      269010
      269071
      269105
      269138
      269172
      269196
      269284
      269376
      269424
      269434
      269466
      269562
      269620
      269680
      269720
      269781
      269794
      269836
      269871
      269943
      269949
      269998
      270095
      270158
      270172
      270246
      270275
      270363
      270434
      270503
      270598
      270603
      270690
      270736
      270760
      270855
      270921
      271017
      271019
      271108
      271129
      271183
      271200
      271220
      271233
      271254
      271305
      271341
      271382
      271454
      271524
      271583
      271584
      271653
      271678
      271709
      271763
      271804
      271888
      271983
      272027
      272125
      272204
      272214
      272266
      272266
      272333
      272403
      272430
      272522
      272552
      272618
      272673
      272735
      272740
      272746
      272767
      272780
      272867
      272927
      272928
      272932
      273024
      273068
      273117
      273168
      273187
      273279
      273362
      273377
      273430
      273446
      273462
      273506
      273601
      273687
      273777
      273836
      273852
      273855
      273886
      273946
      274024
      274035
      274085
      274092
      274144
      274182
      274252
      274318
      274371
      274394
      274458
      274482
      274512
      274557
      274559
      274640
      274681
      274766
      274837
      274904
      274985
      275023
      275074
      275143
      275221
      275305
      275306
      275320
      275343
      275411
      275488
      275491
      275538
      275594
      275676
      275717
      275814
      275862
      275928
      275962
      275966
      275989
      276057
      276058
      276130
      276208
      276262
      276290
      276332
      276371
      276444
      276524
      276602
      276658
      276737
      276764
      276778
      276827
      276916
      276941
      277014
      277088
      277089
      277179
      277222
      277236
      277274
      277309
      277354
      277417
      277483
      277486
      277499
      277543
      277635
      277730
      277756
      277840
      277931
      277972
      278014
      278080
      278102
      278117
      278211
      278218
      278235
      278307
      278368
      278393
      278464
      278516
      278568
      278658
      278663
      278700
      278792
      278812
      278815
      278879
      278938
      278957
      278960
      279014
      279055
      279145
      279208
      279258
      279344
      279419
      279455
      279508
      279512
      279600
      279603
      279646
      279682
      279778
      279804
      279840
      279897
      279928
      279936
      280008
      280026
      280040
      280109
      280145
      280162
      280200
      280262
      280315
      280341
      280377
      280464
      280548
      280619
      280647
      280654
      280707
      280755
      280776
      280801
      280809
      280902
      280904
      281000
      281069
      281166
      281240
      281304
      281380
      281382
      281405
      281429
      281526
      281578
      281660
      281732
      281799
      281820
      281850
      281918
      282005
      282080
      282178
      282216
      282286
      282302
      282392
      282409
      282474
      282476
      282573
      282645
      282712
      282769
      282773
      282863
      282906
      282936
      282988
      283021
      283055
      283084
      283108
      283202
      283203
      283260
      283306
      283389
      283439
      283441
      283441
      283441
      283496
      283537
      283605
      283611
      283705
      283791
      283878
      283944
      283994
      284027
      284055
      284112
      284134
      284225
      284225
      284324
      284419
      284427
      284461
      284491
      284510
      284552
      284597
      284641
      284689
      284784
      284837
      284898
      284992
      285039
      285106
      285190
      285219
      285237
      285297
      285309
      285352
      285421
      285480
      285513
      285582
      285659
      285755
      285822
      285861
      285924
      285950
      286030
      286112
      286171
      286263
      286356
      286369
      286386
      286438
      286478
      286499
      286562
      286614
      286622
      286633
      286715
      286719
      286790
      286819
      286898
      286912
      286966
      287058
      287112
      287126
      287213
      287270
      287367
      287400
      287409
      287445
      287478
      287575
      287618
      287686
      287774
      287809
      287890
      287951
      287998
      288052
      288054
      288136
      288146
      288153
      288210
      288251
      288298
      288298
      288385
      288393
      288483
      288567
      288649
      288695
      288713
      288778
      288874
      288972
      289013
      289041
      289056
      289123
      289215
      289276
      289347
      289430
      289471
      289508
      289546
      289626
      289720
      289742
      289774
      289836
      289923
      289938
      289940
      289987
      290031
      290084
      290158
      290244
      290309
      290372
      290448
      290530
      290593
      290629
      290645
      290663
      290722
      290752
      290774
      290865
      290964
      291054
      291116
      291204
      291213
      291279
      291300
      291326
      291379
      291430
      291523
      291600
      291611
      291700
      291776
      291825
      291843
      291914
      291924
      292012
      292106
      292152
      292167
      292234
      292277
      292281
      292298
      292342
      292430
      292489
      292553
      292640
      292739
      292745
      292794
      292834
      292839
      292935
      293002
      293059
      293060
      293138
      293168
      293225
      293296
      293343
      293349
      293350
      293382
      293459
      293508
      293562
      293649
      293725
      293733
      293740
      293838
      293854
      293880
      293920
      294013
      294028
      294038
      294074
      294157
      294202
      294288
      294330
      294408
      294462
      294487
      294556
      294624
      294680
      294704
      294738
      294782
      294793
      294858
      294888
      294973
      295036
      295102
      295115
      295185
      295232
      295294
      295311
      295338
      295395
      295483
      295518
      295597
      295608
      295687
      295698
      295710
      295711
      295766
      295783
      295861
      295959
      296001
      296026
      296106
      296176
      296250
      296252
      296266
      296276
      296319
      296338
      296433
      296447
      296535
      296563
      296587
      296656
      296668
      296711
      296712
      296801
      296873
      296889
      296979
      297021
      297098
      297110
      297165
      297230
      297286
      297300
      297346
      297423
      297447
      297512
      297605
      297628
      297707
      297727
      297825
      297918
      297932
      298015
      298092
      298143
      298147
      298200
      298299
      298325
      298365
      298398
      298455
      298459
      298510
      298593
      298661
      298673
      298706
      298732
      298788
      298878
      298908
      298953
      298994
      299025
      299066
      299116
      299134
      299216
      299240
      299266
      299311
      299330
      299419
      299471
      299493
      299531
      299603
      299658
      299661
      299661
      299678
      299771
      299774
      299837
      299879
      299976
      299977
      300030
      300050
      300088
      300148
      300218
      300282
      300331
      300340
      300420
      300468
      300507
      300584
      300645
      300692
      300706
      300727
      300826
      300924
      300979
      301009
      301027
      301099
      301130
      301144
      301176
      301265
      301355
      301363
      301428
      301504
      301547
      301563
      301626
      301666
      301677
      301754
      301831
      301860
      301881
      301910
      301925
      301995
      302024
      302031
      302096
      302115
      302199
      302284
      302366
      302414
      302467
      302528
      302562
      302629
      302649
      302678
      302700
      302702
      302711
      302795
      302878
      302898
      302989
      302992
      303030
      303085
      303168
      303198
      303207
      303302
      303395
      303402
      303460
      303500
      303508
      303529
      303551
      303648
      303707
      303771
      303801
      303900
      303907
      303910
      304006
      304085
      304120
      304193
      304270
      304347
      304389
      304431
      304447
      304536
      304603
      304697
      304744
      304812
      304906
      304952
      305019
      305064
      305131
      305210
      305219
      305274
      305339
      305350
      305411
      305466
      305533
      305545
      305595
      305639
      305685
      305760
      305845
      305940
      306011
      306065
      306083
      306107
      306183
      306255
      306277
      306347
      306442
      306510
      306538
      306602
      306668
      306735
      306792
      306820
      306828
      306915
      306945
      307022
      307118
      307148
      307155
      307177
      307263
      307309
      307385
      307412
      307474
      307566
      307612
      307664
      307667
      307720
      307787
      307841
      307909
      307994
      308045
      308094
      308179
      308194
      308241
      308334
      308424
      308457
      308549
      308611
      308684
      308721
      308748
      308820
      308908
      308961
      308975
      309072
      309129
      309181
      309256
      309258
      309304
      309345
      309376
      309474
      309533
      309586
      309592
      309601
      309639
      309676
      309742
      309818
      309875
      309876
      309920
      309959
      310006
      310077
      310111
      310179
      310269
      310328
      310416
      310428
      310494
      310545
      310597
      310653
      310683
      310743
      310796
      310864
      310873
      310956
      311025
      311060
      311142
      311186
      311228
      311308
      311364
      311454
      311500
      311598
      311616
      311687
      311730
      311731
      311735
      311807
      311880
      311925
      311970
      311984
      311993
      312053
      312092
      312126
      312142
      312231
      312282
      312346
      312373
      312415
      312446
      312544
      312619
      312696
      312745
      312823
      312897
      312991
      313019
      313070
      313153
      313240
      313319
      313411
      313472
      313523
      313622
      313625
      313679
      313757
      313799
      313855
      313948
      314031
      314130
      314196
      314272
      314361
      314400
      314442
      314486
      314578
      314665
      314756
      314819
      314894
      314936
      314995
      315005
      315052
      315108
      315123
      315132
      315181
      315193
      315213
      315229
      315316
      315402
      315428
      315495
      315558
      315604
      315627
      315713
      315811
      315815
      315875
      315968
      316023
      316041
      316090
      316157
      316194
      316292
      316346
      316388
      316447
      316542
      316626
      316696
      316700
      316715
      316718
      316796
      316871
      316950
      316999
      317014
      317096
      317149
      317218
      317284
      317345
      317439
      317480
      317524
      317533
      317593
      317668
      317687
      317736
      317772
      317842
      317894
      317898
      317941
      317997
      318066
      318082
      318151
      318236
      318260
      318283
      318302
      318370
      318388
      318458
      318510
      318584
      318666
      318749
      318762
      318814
      318910
      318967
      319047
      319117
      319120
      319199
      319215
      319293
      319314
      319390
      319406
      319492
      319514
      319569
      319657
      319756
      319775
      319843
      319850
      319864
      319924
      319954
      320028
      320088
      320130
      320196
      320201
      320289
      320365
      320449
      320490
      320559
      320599
      320627
      320714
      320785
      320801
      320870
      320967
      321041
      321059
      321143
      321148
      321230
      321264
      321300
      321331
      321341
      321354
      321397
      321456
      321499
      321519
      321541
      321564
      321650
      321683
      321745
      321760
      321845
      321859
      321900
      321922
      321997
      322087
      322099
      322159
      322200
      322247
      322271
      322291
      322301
      322356
      322393
      322430
      322445
      322496
      322515
      322578
      322617
      322623
      322639
      322736
      322810
      322900
      322938
      322972
      322993
      323034
      323069
      323146
      323146
      323241
      323268
      323269
      323339
      323418
      323457
      323549
      323648
      323723
      323733
      323829
      323870
      323914
      323954
      323990
      324081
      324136
      324157
      324173
      324220
      324290
      324320
      324399
      324479
      324552
      324642
      324656
      324690
      324698
      324775
      324820
      324867
      324941
      324942
      325023
      325110
      325184
      325277
      325346
      325441
      325456
      325520
      325581
      325597
      325690
      325727
      325787
      325863
      325889
      325931
      326009
      326016
      326059
      326155
      326219
      326294
      326311
      326387
      326407
      326447
      326496
      326528
      326566
      326592
      326649
      326739
      326789
      326880
      326939
      326988
      327009
      327098
      327165
      327193
      327279
      327304
      327311
      327315
      327340
      327356
      327413
      327441
      327441
      327520
      327553
      327642
      327649
      327746
      327754
      327783
      327818
      327867
      327902
      327948
      327990
      328074
      328137
      328172
      328206
      328215
      328227
      328251
      328276
      328312
      328391
      328462
      328558
      328649
      328655
      328676
      328698
      328773
      328819
      328908
      328983
      329038
      329130
      329203
      329258
      329303
      329398
      329436
      329449
      329454
      329468
      329548
      329562
      329658
      329737
      329757
      329819
      329821
      329842
      329895
      329925
      329925
      329956
      329984
      330073
      330135
      330151
      330209
      330270
      330316
      330354
      330452
      330524
      330544
      330594
      330638
      330667
      330762
      330814
      330827
      330865
      330869
      330907
      330995
      331006
      331035
      331133
      331206
      331245
      331305
      331397
      331430
      331522
      331595
      331694
      331745
      331759
      331773
      331798
      331886
      331948
      332037
      332108
      332192
      332259
      332306
      332319
      332350
      332405
      332498
      332551
      332637
      332662
      332721
      332810
      332831
      332870
      332966
      333021
      333033
      333093
      333126
      333205
      333207
      333267
      333307
      333401
      333447
      333457
      333531
      333579
      333626
      333712
      333741
      333750
      333819
      333843
      333855
      333925
      333947
      334017
      334020
      334114
      334212
      334299
      334376
      334434
      334491
      334518
      334550
      334577
      334617
      334652
      334715
      334756
      334779
      334809
      334908
      334997
      335085
      335086
      335112
      335116
      335197
      335211
      335254
      335274
      335345
      335420
      335515
      335549
      335640
      335656
      335708
      335711
      335715
      335735
      335800
      335873
      335969
      335991
      335995
      336007
      336048
      336124
      336191
      336271
      336328
      336346
      336427
      336436
      336441
      336510
      336551
      336580
      336641
      336663
      336725
      336771
      336841
      336939
      336942
      336983
      337003
      337055
      337107
      337146
      337212
      337281
      337300
      337392
      337446
      337527
      337595
      337692
      337768
      337809
      337846
      337855
      337952
      338051
      338125
      338224
      338295
      338343
      338345
      338406
      338428
      338449
      338488
      338492
      338538
      338636
      338717
      338778
      338800
      338803
      338855
      338865
      338902
      338988
      339069
      339153
      339206
      339266
      339316
      339341
      339439
      339494
      339551
      339633
      339709
      339734
      339737
      339782
      339842
      339889
      339967
      340065
      340080
      340157
      340200
      340213
      340231
      340247
      340274
      340294
      340340
      340373
      340416
      340493
      340582
      340675
      340706
      340707
      340711
      340716
      340729
      340786
      340813
      340889
      340983
      341040
      341078
      341165
      341207
      341207
      341254
      341353
      341370
      341370
      341468
      341566
      341593
      341652
      341657
      341718
      341755
      341802
      341869
      341908
      341939
      342017
      342049
      342067
      342092
      342119
      342185
      342275
      342371
      342455
      342522
      342551
      342605
      342664
      342697
      342697
      342756
      342780
      342846
      342847
      342907
      342953
      343031
      343095
      343159
      343231
      343240
      343262
      343320
      343352
      343449
      343538
      343614
      343669
      343758
      343813
      343866
      343911
      343922
      343935
      343938
      343994
      344070
      344134
      344188
      344283
      344284
      344354
      344396
      344495
      344555
      344634
      344687
      344691
      344733
      344774
      344788
      344821
      344873
      344889
      344978
      345059
      345075
      345163
      345175
      345255
      345258
      345272
      345304
      345338
      345347
      345393
      345402
      345491
      345588
      345644
      345682
      345740
      345745
      345834
      345864
      345877
      345963
      346061
      346062
      346105
      346162
      346247
      346301
      346311
      346382
      346478
      346569
      346634
      346667
      346740
      346750
      346794
      346854
      346919
