          56
          57
         100
         137
         215
         312
         321
         377
         451
         504
         578
         592
         657
         675
         680
         747
         824
         873
         877
         973
        1015
        1045
        1045
        1064
        1064
        1115
        1126
        1171
        1261
        1289
        1350
        1391
        1471
        1497
        1516
        1527
        1589
        1682
        1709
        1794
        1819
        1834
        1916
        1945
        2005
        2094
        2112
        2158
        2232
        2243
        2272
        2329
        2368
        2382
        2411
        2425
        2517
        2526
        2601
        2691
        2735
        2786
        2825
        2846
        2847
        2885
        2916
        2931
        2977
        3055
        3058
        3087
        3103
        3138
        3142
        3232
        3281
        3327
        3421
        3494
        3529
        3602
        3690
        3706
        3724
        3760
        3776
        3874
        3891
        3949
        4016
        4065
        4104
        4144
        4184
        4256
        4291
        4312
        4365
        4387
        4413
        4430
        4522
        4574
        4660
        4701
        4723
        4744
        4783
        4880
        4884
        4891
        4900
        4936
        4988
        5053
        5122
        5176
        5236
        5335
        5368
        5426
        5427
        5520
        5598
        5635
        5640
        5696
        5750
        5788
        5833
        5860
        5932
        5986
        6009
        6010
        6025
        6063
        6123
        6209
        6232
        6309
        6401
        6426
        6476
        6555
        6566
        6662
        6748
        6799
        6898
        6901
        6924
        6927
        7014
        7096
        7159
        7250
        7268
        7283
        7334
        7336
        7406
        7504
        7602
        7660
        7726
        7759
        7811
        7866
        7923
        7984
        8013
        8028
        8058
        8144
        8155
        8161
        8209
        8228
        8257
        8290
        8294
        8331
        8407
        8469
        8478
        8488
        8568
        8630
        8678
        8775
        8792
        8800
        8836
        8836
        8895
        8971
        9053
        9086
        9137
        9173
        9231
        9262
        9342
        9380
        9472
        9530
        9561
        9628
        9639
        9642
        9674
        9710
        9765
        9776
        9797
        9837
        9892
        9976
       10049
       10066
       10086
       10116
       10212
       10287
       10379
       10422
       10438
       10488
       10553
       10631
       10710
       10752
       10810
       10889
       10975
       11014
       11104
       11112
       11191
       11226
       11236
       11241
       11264
       11360
       11442
       11517
       11578
       11667
       11763
       11853
       11924
       11950
       11967
       12008
       12073
       12111
       12188
       12207
       12219
       12292
       12310
       12389
       12437
       12438
       12483
       12573
       12587
       12609
       12669
       12738
       12760
       12848
       12884
       12938
       13018
       13054
       13125
       13131
       13193
       13204
       13229
       13243
       13278
       13362
       13439
       13537
       13580
       13591
       13621
       13632
       13637
       13689
       13756
       13852
       13941
       13974
       14037
       14082
       14157
       14202
       14208
       14251
       14338
       14407
       14419
       14510
       14520
       14573
       14649
       14747
       14826
       14887
       14934
       15032
       15105
       15171
       15173
       15251
       15266
       15346
       15375
       15387
       15390
       15453
       15532
       15575
       15577
       15603
       15683
       15692
       15781
       15840
       15870
       15930
       15947
       16037
       16074
       16093
       16139
       16183
       16219
       16318
       16362
       16362
       16436
       16499
       16536
       16621
       16697
       16717
       16746
       16759
       16854
       16938
       17000
       17039
       17104
       17178
       17182
       17218
       17294
       17295
       17314
       17337
       17379
       17390
       17428
       17516
       17607
       17612
       17678
       17713
       17745
       17832
       17869
       17909
       17940
       18009
       18107
       18149
       18167
       18245
       18281
       18340
       18371
       18421
       18439
       18490
       18536
       18557
       18592
       18667
       18682
       18779
       18846
       18867
       18926
       19021
       19030
       19051
       19100
       19179
       19242
       19335
       19337
       19401
       19464
       19505
       19599
       19629
       19636
       19687
       19704
       19774
       19831
       19854
       19934
       19954
       20034
       20123
       20174
       20186
       20211
       20233
       20315
       20350
       20422
       20458
       20493
       20520
       20596
       20603
       20685
       20756
       20824
       20833
       20882
       20901
       20952
       20952
       20983
       21036
       21037
       21044
       21047
       21109
       21161
       21238
       21263
       21343
       21391
       21414
       21463
       21481
       21486
       21577
       21593
       21620
       21658
       21757
       21805
       21866
       21964
       22036
       22059
       22095
       22193
       22231
       22233
       22326
       22367
       22427
       22470
       22541
       22638
       22700
       22776
       22869
       22917
       23005
       23044
       23114
       23145
       23197
       23250
       23338
       23432
       23509
       23528
       23625
       23655
       23705
       23761
       23802
       23815
       23882
       23915
       23981
       24063
       24139
       24166
       24261
       24330
       24347
       24421
       24520
       24540
       24540
       24564
       24609
       24609
       24619
       24701
       24787
       24836
       24851
       24871
       24919
       24935
       24960
       25059
       25108
       25164
       25247
       25273
       25301
       25360
       25404
       25492
       25588
       25609
       25654
       25682
       25765
       25851
       25887
       25904
       25951
       25986
       26031
       26039
       26136
       26199
       26227
       26291
       26332
       26354
       26363
       26392
       26479
       26548
       26553
       26591
       26685
       26720
       26752
       26800
       26872
       26920
       26965
       27023
       27104
       27128
       27168
       27168
       27176
       27219
       27275
       27335
       27374
       27399
       27412
       27418
       27494
       27517
       27543
       27561
       27577
       27650
       27713
       27713
       27745
       27769
       27804
       27811
       27898
       27958
       27997
       28081
       28121
       28146
       28151
       28177
       28258
       28322
       28413
       28461
       28495
       28580
       28591
       28620
       28719
       28781
       28791
       28800
       28836
       28921
       28922
       28956
       28988
       29033
       29120
       29185
       29206
       29258
       29280
       29328
       29373
       29386
       29428
       29468
       29546
       29612
       29684
       29753
       29837
       29871
       29875
       29924
       29973
       29998
       30025
       30093
       30189
       30251
       30322
       30380
       30386
       30393
       30486
       30568
       30632
       30661
       30714
       30804
       30837
       30900
       30993
       31090
       31114
       31208
       31276
       31342
       31372
       31438
       31468
       31526
       31603
       31661
       31701
       31721
       31735
       31748
       31815
       31876
       31876
       31902
       31905
       31971
       32031
       32089
       32097
       32183
       32236
       32261
       32353
       32448
       32496
       32520
       32532
       32563
       32641
       32670
       32765
       32854
       32892
       32893
       32954
       33016
       33043
       33113
       33166
       33221
       33261
       33294
       33306
       33400
       33471
       33523
       33607
       33694
       33709
       33710
       33741
       33812
       33826
       33865
       33963
       34026
       34058
       34088
       34132
       34137
       34216
       34240
       34292
       34323
       34325
       34410
       34446
       34454
       34541
       34628
       34671
       34731
       34772
       34816
       34829
       34897
       34934
       34936
       34936
       35021
       35052
       35114
       35166
       35222
       35275
       35298
       35372
       35403
       35430
       35511
       35512
       35561
       35657
       35677
       35707
       35733
       35756
       35788
       35873
       35921
       35921
       35984
       36005
       36034
       36130
       36163
       36178
       36182
       36234
       36301
       36383
       36473
       36539
       36630
       36725
       36812
       36846
       36866
       36926
       36954
       36981
       37071
       37123
       37124
       37169
       37191
       37280
       37375
       37443
       37511
       37560
       37561
       37592
       37639
       37696
       37768
       37777
       37868
       37951
       37990
       38013
       38069
       38092
       38164
       38172
       38202
       38299
       38368
       38426
       38510
       38571
       38619
       38627
       38630
       38712
       38765
       38860
       38910
       38980
       38997
       39004
       39056
       39139
       39238
       39278
       39292
       39378
       39379
       39470
       39559
       39633
       39681
       39763
       39856
       39891
       39933
       40010
       40053
       40146
       40148
       40157
       40256
       40335
       40427
       40483
       40539
       40561
       40595
       40654
       40723
       40754
       40770
       40813
       40822
       40891
       40937
       41010
       41097
       41134
       41163
       41254
       41268
       41295
       41322
       41402
       41450
       41504
       41520
       41568
       41621
       41658
       41674
       41706
       41720
       41784
       41832
       41880
       41955
       42040
       42099
       42133
       42178
       42220
       42284
       42381
       42467
       42497
       42582
       42587
       42628
       42693
       42751
       42828
       42839
       42927
       42979
       43054
       43063
       43100
       43172
       43175
       43267
       43358
       43361
       43388
       43470
       43478
       43522
       43561
       43585
       43610
       43673
       43730
       43743
       43834
       43917
       44012
       44060
       44105
       44173
       44222
       44264
       44355
       44377
       44442
       44533
       44561
       44635
       44675
       44765
       44835
       44885
       44920
       44951
       44988
       45010
       45047
       45143
       45179
       45270
       45279
       45375
       45445
       45447
       45489
       45514
       45575
       45586
       45636
       45646
       45703
       45794
       45857
       45903
       45951
       45962
       45965
       46000
       46050
       46111
       46126
       46131
       46152
       46175
       46200
       46263
       46338
       46407
       46435
       46451
       46546
       46580
       46675
       46758
       46761
       46853
       46854
       46939
       46995
       47015
       47047
       47047
       47106
       47132
       47136
       47234
       47250
       47346
       47444
       47526
       47542
       47622
       47680
       47752
       47797
       47894
       47952
       48031
       48097
       48195
       48222
       48226
       48278
       48341
       48432
       48528
       48574
       48619
       48710
       48805
       48866
       48945
       49033
       49085
       49092
       49106
       49117
       49207
       49300
       49382
       49393
       49428
       49431
       49489
       49541
       49608
       49683
       49711
       49776
       49828
       49860
       49922
       49937
       49974
       50011
       50021
       50105
       50140
       50182
       50215
       50295
       50356
       50423
       50521
       50539
       50547
       50572
       50586
       50654
       50746
       50833
       50845
       50886
       50942
       51021
       51062
       51107
       51130
       51187
       51194
       51194
       51198
       51242
       51304
       51329
       51348
       51421
       51453
       51524
       51553
       51644
       51714
       51785
       51807
       51857
       51946
       52044
       52068
       52117
       52151
       52215
       52230
       52243
       52296
       52360
       52382
       52394
       52487
       52571
       52626
       52655
       52678
       52709
       52803
       52892
       52954
       52994
       53060
       53112
       53152
       53250
       53295
       53390
       53480
       53480
       53527
       53563
       53600
       53614
       53702
       53746
       53829
       53909
       53930
       53986
       54022
       54116
       54209
       54216
       54283
       54322
       54401
       54499
       54565
       54582
       54605
       54646
       54678
       54770
       54828
       54839
       54855
       54911
       54913
       55010
       55029
       55052
       55134
       55136
       55166
       55250
       55322
       55346
       55387
       55479
       55548
       55610
       55647
       55664
       55746
       55801
       55865
       55906
       55989
       56080
       56084
       56092
       56150
       56167
       56254
       56327
       56371
       56424
       56490
       56511
       56587
       56662
       56749
       56789
       56815
       56880
       56900
       56928
       57018
       57089
       57161
       57229
       57291
       57317
       57368
       57436
       57525
       57579
       57619
       57702
       57784
       57784
       57788
       57848
       57889
       57917
       57946
       58016
       58042
       58104
       58181
       58274
       58359
       58378
       58416
       58416
       58419
       58475
       58561
       58577
       58640
       58650
       58667
       58714
       58738
       58759
       58815
       58879
       58966
       58998
       59015
       59058
       59152
       59248
       59320
       59333
       59378
       59415
       59461
       59540
       59596
       59661
       59746
       59818
       59915
       59975
       60035
       60086
       60140
       60172
       60225
       60315
       60339
       60380
       60450
       60515
       60521
       60610
       60662
       60682
       60778
       60863
       60935
       61017
       61045
       61140
       61177
       61201
       61205
       61283
       61363
       61394
       61451
       61535
       61560
       61601
       61615
       61634
       61708
       61763
       61824
       61852
       61933
       61953
       62015
       62112
       62200
       62232
       62306
       62329
       62360
       62428
       62431
       62501
       62506
       62560
       62587
       62606
       62639
       62640
       62729
       62828
       62857
       62894
       62953
       62963
       63058
       63141
       63178
       63192
       63194
       63214
       63292
       63325
       63417
       63439
       63464
       63504
       63541
       63579
       63670
       63696
       63708
       63723
       63750
       63845
       63870
       63909
       63943
       63993
       64057
       64083
       64131
       64131
       64175
       64249
       64323
       64343
       64350
       64402
       64406
       64420
       64504
       64553
       64586
       64680
       64694
       64699
       64786
       64880
       64902
       64955
       64971
       65031
       65049
       65088
       65105
       65171
       65255
       65276
       65357
       65364
       65378
       65439
       65530
       65587
       65588
       65629
       65726
       65751
       65814
       65886
       65939
       65945
       66025
       66069
       66104
       66115
       66157
       66192
       66218
       66305
       66325
       66360
       66447
       66536
       66623
       66712
       66750
       66826
       66896
       66921
       66928
       67025
       67075
       67076
       67172
       67259
       67295
       67334
       67389
       67476
       67521
       67568
       67646
       67692
       67752
       67845
       67937
       67999
       68044
       68065
       68158
       68253
       68282
       68331
       68342
       68441
       68477
       68516
       68539
       68567
       68610
       68655
       68712
       68736
       68782
       68782
       68830
       68910
       68987
       69052
       69145
       69179
       69218
       69247
       69273
       69342
       69343
       69435
       69507
       69520
       69618
       69622
       69670
       69764
       69829
       69868
       69931
       69933
       69996
       70005
       70080
       70126
       70202
       70210
       70232
       70280
       70375
       70461
       70528
       70626
       70668
       70681
       70733
       70779
       70815
       70828
       70833
       70886
       70923
       70954
       70983
       71007
       71086
       71184
       71186
       71221
       71270
       71327
       71383
       71404
       71444
       71466
       71548
       71556
       71648
       71698
       71764
       71825
       71888
       71959
       72033
       72038
       72128
       72197
       72224
       72251
       72312
       72389
       72428
       72519
       72599
       72603
       72702
       72717
       72769
       72820
       72895
       72957
       73016
       73073
       73090
       73137
       73226
       73236
       73326
       73394
       73443
       73536
       73563
       73633
       73638
       73712
       73737
       73753
       73753
       73796
       73869
       73872
       73926
       73929
       73982
       74027
       74031
       74041
       74043
       74101
       74102
       74133
       74174
       74231
       74318
       74394
       74444
       74486
       74527
       74586
       74598
       74619
       74688
       74701
       74731
       74802
       74869
       74946
       74968
       75027
       75124
       75126
       75217
       75262
       75353
       75433
       75513
       75516
       75563
       75613
       75702
       75749
       75793
       75795
       75806
       75866
       75883
       75908
       75922
       75930
       75976
       76035
       76128
       76226
       76276
       76350
       76382
       76415
       76494
       76510
       76567
       76569
       76582
       76583
       76608
       76666
       76716
       76722
       76810
       76886
       76937
       76962
       76964
       77026
       77031
       77103
       77119
       77177
       77182
       77229
       77306
       77353
       77412
       77469
       77519
       77537
       77625
       77681
       77777
       77846
       77892
       77941
       77999
       78031
       78113
       78203
       78210
       78248
       78313
       78338
       78399
       78487
       78571
       78599
       78665
       78721
       78815
       78862
       78960
       79025
       79081
       79163
       79244
       79279
       79283
       79360
       79431
       79471
       79537
       79570
       79600
       79629
       79693
       79761
       79831
       79832
       79926
       80011
       80096
       80193
       80219
       80247
       80332
       80422
       80487
       80552
       80584
       80660
       80690
       80711
       80771
       80806
       80894
       80948
       81044
       81100
       81132
       81164
       81185
       81204
       81213
       81234
       81263
       81272
       81338
       81358
       81387
       81479
       81567
       81574
       81616
       81624
       81655
       81661
       81716
       81760
       81799
       81895
       81963
       82017
       82065
       82070
       82162
       82167
       82260
       82261
       82324
       82399
       82462
       82504
       82520
       82547
       82548
       82570
       82636
       82666
       82666
       82762
       82788
       82865
       82893
       82900
       82983
       83018
       83114
       83129
       83171
       83197
       83256
       83305
       83307
       83324
       83401
       83471
       83553
       83593
       83617
       83693
       83747
       83761
       83833
       83894
       83952
       83991
       84057
       84119
       84178
       84187
       84223
       84291
       84341
       84349
       84397
       84482
       84555
       84580
       84669
       84681
       84725
       84805
       84904
       84997
       84999
       85021
       85071
       85153
       85234
       85303
       85380
       85391
       85466
       85508
       85535
       85631
       85704
       85730
       85811
       85865
       85873
       85917
       85924
       85976
       85980
       86013
       86013
       86039
       86113
       86132
       86157
       86239
       86260
       86321
       86403
       86484
       86497
       86593
       86667
       86738
       86792
       86858
       86903
       86935
       86999
       87032
       87131
       87154
       87212
       87259
       87301
       87392
       87489
       87509
       87527
       87561
       87622
       87698
       87717
       87798
       87810
       87834
       87838
       87854
       87949
       88016
       88060
       88071
       88101
       88125
       88195
       88219
       88307
       88327
       88358
       88427
       88509
       88598
       88659
       88676
       88689
       88765
       88837
       88851
       88945
       88978
       89050
       89120
       89192
       89280
       89366
       89431
       89493
       89533
       89556
       89649
       89675
       89764
       89810
       89845
       89939
       89952
       89984
       90021
       90022
       90059
       90110
       90208
       90285
       90305
       90380
       90430
       90454
       90549
       90562
       90565
       90609
       90624
       90662
       90737
       90771
       90860
       90937
       90948
       91010
       91044
       91110
       91171
       91243
       91296
       91339
       91428
       91506
       91514
       91515
       91606
       91683
       91728
       91792
       91863
       91906
       92000
       92087
       92128
       92163
       92203
       92206
       92250
       92291
       92387
       92413
       92429
       92528
       92588
       92631
       92725
       92795
       92876
       92890
       92957
       93050
       93069
       93109
       93190
       93221
       93320
       93408
       93445
       93490
       93575
       93649
       93720
       93735
       93753
       93772
       93825
       93853
       93924
       94015
       94114
       94193
       94255
       94313
       94403
       94407
       94413
       94464
       94515
       94529
       94561
       94565
       94640
       94668
       94701
       94779
       94825
       94921
       95001
       95027
       95049
       95131
       95190
       95210
       95306
       95356
       95390
       95419
       95495
       95524
       95552
       95630
       95684
       95749
       95817
       95824
       95850
       95929
       96003
       96029
       96109
       96135
       96175
       96273
       96276
       96308
       96365
       96393
       96477
       96574
       96667
       96698
       96720
       96752
       96787
       96859
       96945
       96961
       96989
       97013
       97071
       97132
       97212
       97251
       97282
       97359
       97391
       97460
       97518
       97566
       97645
       97709
       97771
       97804
       97813
       97871
       97968
       98060
       98156
       98166
       98199
       98218
       98229
       98261
       98275
       98314
       98380
       98444
       98522
       98589
       98617
       98653
       98670
       98740
       98764
       98808
       98880
       98886
       98915
       98956
       98995
       98999
       99036
       99116
       99209
       99221
       99285
       99347
       99417
       99476
       99557
       99635
       99645
       99660
       99756
       99805
       99855
       99902
       99948
       99950
       99989
      100054
      100147
      100192
      100196
      100237
      100315
      100340
      100388
      100477
      100545
      100633
      100732
      100800
      100850
      100899
      100982
      101012
      101051
      101119
      101130
      101163
      101254
      101283
      101331
      101406
      101437
      101525
      101620
      101643
      101659
      101756
      101757
      101835
      101903
      101973
      102060
      102121
      102153
      102242
      102266
      102313
      102402
      102432
      102447
      102450
      102494
      102526
      102595
      102659
      102664
      102711
      102789
      102863
      102959
      102969
      103061
      103099
      103111
      103146
      103175
      103273
      103360
      103438
      103443
      103488
      103566
      103595
      103618
      103643
      103671
      103710
      103730
      103785
      103807
      103809
      103896
      103971
      104060
      104089
      104098
      104142
      104187
      104218
      104317
      104346
      104444
      104474
      104547
      104576
      104595
      104649
      104679
      104722
      104777
      104855
      104875
      104945
      104956
      104956
      105017
      105045
      105113
      105203
      105271
      105330
      105341
      105367
      105421
      105447
      105465
      105556
      105634
      105699
      105743
      105821
      105842
      105914
      105995
      106053
      106152
      106164
      106195
      106248
      106300
      106344
      106362
      106426
      106438
      106515
      106599
      106610
      106689
      106726
      106817
      106827
      106910
      107003
      107006
      107038
      107127
      107177
      107200
      107246
      107311
      107338
      107367
      107429
      107510
      107549
      107615
      107635
      107673
      107681
      107703
      107747
      107838
      107933
      107998
      108010
      108034
      108088
      108135
      108223
      108262
      108356
      108450
      108538
      108566
      108616
      108623
      108698
      108726
      108748
      108840
      108859
      108948
      109037
      109052
      109141
      109219
      109241
      109324
      109343
      109376
      109452
      109481
      109569
      109663
      109754
      109812
      109856
      109905
      109936
      109954
      110023
      110081
      110145
      110159
      110228
      110245
      110256
      110288
      110329
      110368
      110384
      110443
      110498
      110518
      110537
      110569
      110640
      110693
      110710
      110795
      110807
      110813
      110863
      110904
      110929
      111025
      111035
      111068
      111083
      111132
      111203
      111278
      111327
      111331
      111375
      111394
      111423
      111467
      111487
      111566
      111661
      111740
      111776
      111783
      111843
      111867
      111962
      112039
      112071
      112081
      112151
      112180
      112253
      112283
      112331
      112361
      112391
      112456
      112463
      112518
      112530
      112542
      112568
      112604
      112680
      112758
      112796
      112833
      112895
      112921
      112942
      112994
      113038
      113130
      113152
      113161
      113237
      113261
      113322
      113364
      113413
      113420
      113424
      113476
      113566
      113587
      113619
      113666
      113737
      113834
      113894
      113896
      113943
      114009
      114043
      114047
      114118
      114152
      114181
      114203
      114209
      114239
      114277
      114334
      114377
      114409
      114501
      114533
      114621
      114636
      114655
      114687
      114697
      114773
      114774
      114867
      114876
      114975
      115008
      115092
      115174
      115252
      115280
      115348
      115389
      115391
      115464
      115497
      115550
      115590
      115648
      115728
      115740
      115764
      115770
      115796
      115819
      115903
      115951
      115962
      115975
      115985
      115990
      116060
      116088
      116097
      116158
      116255
      116267
      116312
      116328
      116328
      116422
      116423
      116514
      116611
      116694
      116774
      116845
      116901
      116914
      116973
      117018
      117104
      117162
      117234
      117282
      117308
      117394
      117488
      117499
      117545
      117611
      117674
      117716
      117775
      117821
      117829
      117916
      118009
      118053
      118122
      118122
      118135
      118154
      118195
      118212
      118224
      118297
      118307
      118376
      118434
      118445
      118449
      118546
      118582
      118600
      118639
      118639
      118658
      118720
      118747
      118810
      118846
      118891
      118917
      118963
      119030
      119125
      119224
      119251
      119311
      119330
      119379
      119445
      119496
      119572
      119574
      119629
      119646
      119714
      119803
      119896
      119957
      120000
      120025
      120041
      120056
      120142
      120171
      120204
      120263
      120288
      120308
      120321
      120374
      120412
      120497
      120499
      120598
      120659
      120739
      120793
      120889
      120901
      120942
      120945
      120984
      120993
      121014
      121050
      121093
      121155
      121186
      121239
      121308
      121317
      121330
      121355
      121440
      121451
      121531
      121610
      121702
      121745
      121755
      121819
      121835
      121843
      121914
      121932
      121950
      121983
      122054
      122106
      122166
      122166
      122207
      122250
      122260
      122319
      122411
      122502
      122511
      122551
      122618
      122639
      122650
      122684
      122686
      122704
      122720
      122789
      122876
      122973
      123023
      123089
      123188
      123272
      123300
      123320
      123328
      123330
      123390
      123472
      123520
      123594
      123679
      123726
      123774
      123855
      123941
      124003
      124044
      124085
      124092
      124138
      124140
      124186
      124188
      124280
      124351
      124398
      124483
      124544
      124595
      124602
      124641
      124674
      124693
      124741
      124799
      124830
      124875
      124902
      124972
      125013
      125108
      125147
      125222
      125242
      125283
      125314
      125323
      125406
      125411
      125438
      125444
      125487
      125558
      125573
      125622
      125693
      125718
      125804
      125843
      125927
      125931
      126007
      126022
      126076
      126097
      126163
      126185
      126271
      126280
      126307
      126348
      126359
      126388
      126446
      126504
      126504
      126520
      126539
      126636
      126682
      126763
      126811
      126894
      126953
      127009
      127089
      127138
      127154
      127243
      127251
      127342
      127344
      127345
      127392
      127426
      127494
      127508
      127556
      127627
      127685
      127771
      127849
      127900
      127927
      127996
      128085
      128119
      128153
      128199
      128273
      128310
      128326
      128387
      128469
      128557
      128566
      128591
      128689
      128754
      128790
      128813
      128837
      128860
      128931
      128985
      129080
      129107
      129170
      129185
      129276
      129374
      129416
      129469
      129507
      129508
      129601
      129610
      129641
      129683
      129751
      129792
      129796
      129895
      129921
      129970
      130014
      130016
      130023
      130080
      130120
      130219
      130226
      130280
      130307
      130382
      130384
      130478
      130570
      130605
      130656
      130682
      130718
      130787
      130838
      130863
      130909
      130916
      130919
      130922
      130932
      130982
      131045
      131127
      131166
      131249
      131318
      131402
      131420
      131498
      131542
      131631
      131681
      131760
      131855
      131918
      131927
      131946
      131979
      132000
      132066
      132153
      132166
      132239
      132244
      132286
      132342
      132345
      132431
      132511
      132571
      132666
      132744
      132760
      132845
      132911
      132941
      132985
      132993
      133018
      133045
      133107
      133156
      133181
      133199
      133227
      133286
      133347
      133385
      133386
      133448
      133528
      133581
      133610
      133676
      133718
      133801
      133841
      133859
      133898
      133989
      134016
      134059
      134097
      134124
      134212
      134256
      134267
      134361
      134438
      134445
      134448
      134531
      134546
      134554
      134623
      134684
      134745
      134808
      134858
      134876
      134903
      134997
      135004
      135040
      135100
      135179
      135224
      135240
      135288
      135318
      135341
      135355
      135426
      135430
      135519
      135520
      135587
      135648
      135650
      135662
      135733
      135823
      135878
      135935
      135967
      136060
      136145
      136209
      136230
      136235
      136289
      136353
      136408
      136497
      136572
      136592
      136664
      136708
      136776
      136839
      136859
      136887
      136971
      137060
      137117
      137167
      137197
      137207
      137302
      137347
      137354
      137392
      137456
      137539
      137557
      137604
      137693
      137724
      137784
      137822
      137849
      137916
      137922
      137949
      137969
      137999
      138037
      138086
      138176
      138207
      138244
      138273
      138370
      138399
      138470
      138544
      138641
      138734
      138788
      138874
      138971
      138994
      139010
      139050
      139096
      139101
      139197
      139232
      139241
      139247
      139269
      139317
      139359
      139370
      139449
      139518
      139572
      139615
      139672
      139680
      139762
      139798
      139850
      139851
      139903
      139953
      140025
      140040
      140114
      140130
      140163
      140243
      140260
      140311
      140384
      140388
      140394
      140466
      140541
      140633
      140688
      140739
      140774
      140842
      140857
      140911
      140930
      141007
      141073
      141088
      141110
      141183
      141253
      141267
      141365
      141420
      141505
      141573
      141594
      141688
      141785
      141858
      141871
      141912
      141927
      141952
      142017
      142050
      142090
      142107
      142157
      142208
      142220
      142241
      142320
      142387
      142404
      142429
      142462
      142522
      142543
      142579
      142654
      142700
      142779
      142844
      142895
      142964
      143025
      143055
      143067
      143099
      143164
      143231
      143312
      143395
      143465
      143508
      143586
      143598
      143695
      143753
      143837
      143875
      143878
      143907
      143990
      144007
      144075
      144120
      144138
      144198
      144212
      144264
      144343
      144376
      144442
      144458
      144505
      144545
      144584
      144594
      144635
      144662
      144701
      144718
      144810
      144857
      144925
      145018
      145043
      145045
      145120
      145122
      145221
      145285
      145291
      145372
      145398
      145411
      145477
      145559
      145573
      145589
      145679
      145738
      145831
      145906
      145971
      146001
      146090
      146182
      146258
      146299
      146365
      146413
      146468
      146518
      146545
      146631
      146634
      146689
      146751
      146780
      146821
      146833
      146849
      146901
      146903
      146956
      146992
      147079
      147133
      147136
      147221
      147295
      147394
      147459
      147536
      147559
      147578
      147640
      147737
      147752
      147850
      147909
      147967
      147997
      148014
      148107
      148167
      148210
      148263
      148312
      148338
      148427
      148464
      148476
      148510
      148531
      148584
      148659
      148704
      148717
      148765
      148791
      148888
      148959
      148984
      149079
      149089
      149165
      149215
      149272
      149351
      149351
      149402
      149440
      149538
      149591
      149658
      149658
      149741
      149840
      149860
      149940
      149940
      149952
      149954
      150003
      150097
      150153
      150159
      150217
      150229
      150326
      150415
      150449
      150497
      150535
      150591
      150595
      150602
      150653
      150748
      150846
      150896
      150978
      151006
      151078
      151102
      151121
      151210
      151276
      151311
      151354
      151394
      151437
      151449
      151524
      151570
      151586
      151631
      151665
      151715
      151733
      151773
      151845
      151885
      151918
      151924
      152008
      152012
      152075
      152105
      152188
      152232
      152240
      152338
      152426
      152482
      152534
      152553
      152641
      152690
      152786
      152830
      152888
      152916
      152959
      152993
      153079
      153154
      153245
      153288
      153345
      153393
      153484
      153532
      153590
      153652
      153692
      153775
      153824
      153870
      153924
      153934
      153988
      154056
      154122
      154135
      154150
      154226
      154287
      154288
      154316
      154376
      154434
      154525
      154546
      154639
      154711
      154719
      154773
      154773
      154843
      154903
      154903
      154971
      155058
      155065
      155139
      155149
      155180
      155233
      155248
      155310
      155356
      155427
      155453
      155550
      155568
      155599
      155657
      155696
      155776
      155874
      155888
      155917
      155960
      156023
      156115
      156122
      156212
      156273
      156342
      156392
      156412
      156427
      156507
      156553
      156650
      156749
      156818
      156837
      156893
      156985
      157035
      157044
      157118
      157151
      157241
      157296
      157347
      157384
      157418
      157425
      157439
      157511
      157575
      157601
      157625
      157705
      157764
      157861
      157881
      157897
      157988
      158056
      158059
      158100
      158125
      158143
      158239
      158334
      158337
      158348
      158375
      158425
      158485
      158558
      158628
      158683
      158733
      158780
      158790
      158794
      158888
      158973
      159028
      159033
      159050
      159130
      159157
      159191
      159213
      159290
      159346
      159395
      159436
      159498
      159592
      159665
      159704
      159729
      159730
      159753
      159845
      159862
      159904
      159948
      159988
      160075
      160148
      160212
      160304
      160333
      160431
      160503
      160509
      160528
      160531
      160623
      160699
      160712
      160800
      160897
      160948
      160964
      161013
      161084
      161173
      161183
      161213
      161214
      161233
      161246
      161292
      161389
      161426
      161491
      161524
      161532
      161604
      161633
      161645
      161724
      161802
      161887
      161980
      162065
      162127
      162163
      162226
      162232
      162284
      162306
      162404
      162492
      162504
      162516
      162572
      162615
      162673
      162687
      162699
      162703
      162769
      162842
      162931
      162994
      163061
      163112
      163199
      163232
      163249
      163330
      163360
      163435
      163523
      163544
      163570
      163648
      163654
      163725
      163822
      163856
      163909
      163999
      164067
      164079
      164105
      164146
      164154
      164210
      164215
      164256
      164328
      164352
      164393
      164440
      164534
      164561
      164634
      164641
      164659
      164694
      164756
      164843
      164875
      164906
      164941
      165021
      165100
      165107
      165147
      165239
      165292
      165374
      165470
      165478
      165574
      165606
      165686
      165704
      165722
      165811
      165888
      165970
      166054
      166109
      166203
      166225
      166230
      166323
      166345
      166370
      166391
      166482
      166500
      166582
      166639
      166668
      166703
      166780
      166808
      166858
      166956
      166965
      166988
      167064
      167139
      167205
      167210
      167233
      167244
      167295
      167332
      167398
      167415
      167453
      167534
      167560
      167633
      167644
      167694
      167762
      167808
      167844
      167863
      167951
      168004
      168099
      168101
      168156
      168164
      168210
      168301
      168334
      168391
      168398
      168447
      168499
      168503
      168563
      168596
      168659
      168744
      168820
      168868
      168918
      168945
      169007
      169057
      169142
      169232
      169321
      169321
      169342
      169423
      169501
      169565
      169589
      169625
      169716
      169787
      169826
      169916
      169950
      169996
      170044
      170134
      170225
      170251
      170295
      170383
      170412
      170466
      170561
      170582
      170623
      170674
      170716
      170798
      170837
      170883
      170926
      170960
      171015
      171095
      171189
      171240
      171250
      171260
      171328
      171374
      171387
      171446
      171454
      171494
      171508
      171514
      171584
      171591
      171650
      171663
      171687
      171749
      171781
      171879
      171965
      171983
      171994
      172057
      172118
      172205
      172232
      172285
      172364
      172396
      172451
      172512
      172527
      172573
      172656
      172669
      172722
      172773
      172869
      172941
      172943
      173033
      173069
      173141
      173194
      173266
      173327
      173338
      173364
      173409
      173479
      173527
      173622
      173709
      173738
      173757
      173828
      173830
      173873
      173939
      173991
      174067
      174164
      174208
      174254
      174346
      174384
      174480
      174555
      174636
      174726
      174748
      174749
      174822
      174858
      174906
      174981
      175013
      175103
      175179
      175204
      175264
      175341
      175405
      175406
      175443
      175515
      175530
      175573
      175579
      175674
      175746
      175780
      175810
      175899
      175943
      176035
      176101
      176142
      176240
      176298
      176381
      176382
      176449
      176461
      176535
      176584
      176606
      176627
      176674
      176720
      176741
      176755
      176851
      176865
      176915
      176969
      177005
      177037
      177123
      177183
      177228
      177305
      177391
      177436
      177445
      177470
      177557
      177650
      177733
      177761
      177798
      177826
      177909
      177989
      178086
      178088
      178179
      178215
      178229
      178283
      178340
      178414
      178513
      178582
      178600
      178639
      178656
      178708
      178764
      178848
      178848
      178899
      178945
      178997
      179000
      179090
      179094
      179159
      179163
      179257
      179328
      179395
      179473
      179514
      179527
      179588
      179627
      179724
      179769
      179868
      179881
      179904
      179905
      179963
      180056
      180072
      180125
      180136
      180217
      180264
      180273
      180311
      180387
      180411
      180477
      180512
      180523
      180599
      180674
      180706
      180798
      180885
      180911
      180953
      180976
      180989
      181010
      181036
      181121
      181188
      181208
      181220
      181265
      181288
      181372
      181455
      181493
      181546
      181643
      181734
      181804
      181891
      181923
      181991
      182075
      182085
      182168
      182181
      182188
      182259
      182333
      182362
      182378
      182447
      182453
      182460
      182513
      182514
      182576
      182667
      182720
      182763
      182775
      182826
      182874
      182920
      182979
      183060
      183122
      183142
      183225
      183313
      183318
      183404
      183471
      183532
      183624
      183705
      183771
      183806
      183878
      183962
      183963
      183967
      184052
      184083
      184091
      184114
      184122
      184158
      184225
      184284
      184351
      184386
      184485
      184512
      184559
      184606
      184634
      184680
      184727
      184734
      184777
      184816
      184869
      184873
      184874
      184887
      184889
      184951
      185032
      185125
      185205
      185256
      185313
      185322
      185386
      185444
      185475
      185568
      185597
      185629
      185656
      185677
      185695
      185781
      185834
      185851
      185890
      185907
      185918
      185988
      185988
      186006
      186019
      186040
      186090
      186175
      186222
      186313
      186364
      186427
      186472
      186554
      186615
      186636
      186685
      186780
      186872
      186891
      186926
      186968
      187000
      187035
      187102
      187190
      187224
      187250
      187301
      187310
      187339
      187403
      187456
      187517
      187533
      187540
      187575
      187610
      187679
      187743
      187794
      187798
      187892
      187937
      187973
      187987
      188022
      188100
      188108
      188198
      188230
      188250
      188265
      188292
      188312
      188357
      188438
      188467
      188484
      188549
      188575
      188658
      188676
      188718
      188785
      188866
      188889
      188973
      189067
      189162
      189186
      189284
      189337
      189367
      189380
      189477
      189544
      189619
      189699
      189701
      189743
      189814
      189842
      189928
      189942
      189983
      190005
      190016
      190097
      190111
      190178
      190213
      190275
      190290
      190355
      190406
      190481
      190574
      190585
      190595
      190667
      190677
      190717
      190731
      190810
      190854
      190883
      190905
      190941
      190974
      191059
      191118
      191149
      191226
      191263
      191310
      191336
      191381
      191439
      191468
      191514
      191613
      191615
      191677
      191709
      191804
      191850
      191930
      191932
      191967
      192039
      192093
      192137
      192187
      192214
      192294
      192327
      192331
      192386
      192478
      192482
      192516
      192529
      192585
      192618
      192620
      192702
      192777
      192837
      192841
      192919
      192924
      193021
      193099
      193175
      193201
      193222
      193286
      193325
      193325
      193330
      193345
      193433
      193441
      193480
      193557
      193558
      193641
      193701
      193750
      193845
      193924
      193989
      194028
      194078
      194122
      194177
      194245
      194337
      194416
      194515
      194547
      194611
      194624
      194675
      194676
      194738
      194822
      194911
      194974
      195046
      195058
      195146
      195170
      195233
      195300
      195371
      195430
      195506
      195537
      195570
      195628
      195633
      195676
      195744
      195821
      195846
      195900
      195994
      196090
      196116
      196136
      196226
      196227
      196255
      196266
      196303
      196325
      196356
      196364
      196396
      196445
      196523
      196525
      196619
      196642
      196648
      196740
      196778
      196821
      196828
      196908
      196974
      197035
      197103
      197170
      197185
      197280
      197360
      197379
      197410
      197414
      197443
      197498
      197587
      197631
      197727
      197765
      197808
      197870
      197938
      197980
      197986
      198058
      198139
      198202
      198278
      198333
      198341
      198423
      198442
      198471
      198519
      198601
      198656
      198706
      198747
      198749
      198750
      198824
      198851
      198905
      198945
      198979
      199011
      199025
      199056
      199090
      199158
      199168
      199233
      199300
      199305
      199384
      199469
      199483
      199522
      199611
      199669
      199765
      199848
      199941
      199997
      200051
      200077
      200089
      200117
      200154
      200221
      200260
      200288
      200305
      200397
      200404
      200445
      200486
      200551
      200612
      200657
      200716
      200782
      200805
      200836
      200876
      200877
      200959
      200977
      201042
      201084
      201120
      201132
      201159
      201224
      201247
      201287
      201316
      201363
      201406
      201459
      201508
      201605
      201680
      201761
      201846
      201933
      201954
      201958
      201981
      202004
      202076
      202116
      202205
      202303
      202341
      202438
      202501
      202502
      202578
      202624
      202720
      202796
      202871
      202874
      202951
      202975
      203066
      203109
      203170
      203196
      203253
      203301
      203366
      203447
      203511
      203582
      203664
      203690
      203690
      203706
      203795
      203841
      203861
      203956
      203964
      203977
      204059
      204101
      204125
      204154
      204202
      204235
      204321
      204335
      204416
      204429
      204465
      204552
      204642
      204661
      204742
      204807
      204866
      204952
      204962
      205055
      205090
      205136
      205139
      205223
      205233
      205260
      205336
      205417
      205435
      205524
      205611
      205647
      205661
      205701
      205784
      205816
      205867
      205904
      205905
      205947
      205978
      206019
      206024
      206052
      206092
      206163
      206199
      206264
      206267
      206270
      206349
      206448
      206456
      206534
      206620
      206624
      206688
      206758
      206803
      206863
      206882
      206885
      206967
      206971
      207016
      207107
      207133
      207152
      207218
      207231
      207292
      207360
      207425
      207464
      207489
      207505
      207557
      207603
      207605
      207671
      207763
      207813
      207846
      207917
      208003
      208027
      208107
      208125
      208182
      208270
      208345
      208372
      208413
      208492
      208580
      208617
      208627
      208681
      208683
      208745
      208787
      208850
      208894
      208931
      208996
      209028
      209061
      209116
      209143
      209234
      209257
      209310
      209340
      209358
      209392
      209436
      209466
      209551
      209608
      209613
      209632
      209724
      209816
      209838
      209859
      209949
      209965
      209969
      210055
      210077
      210113
      210173
      210268
      210269
      210319
      210387
      210416
      210457
      210493
      210534
      210619
      210701
      210716
      210784
      210800
      210801
      210808
      210833
      210883
      210948
      211002
      211041
      211044
      211139
      211230
      211316
      211362
      211385
      211439
      211446
      211541
      211591
      211632
      211719
      211811
      211826
      211886
      211923
      211955
      212003
      212041
      212063
      212126
      212216
      212260
      212288
      212297
      212301
      212340
      212347
      212407
      212466
      212476
      212536
      212590
      212678
      212722
      212806
      212903
      212987
      213047
      213131
      213142
      213177
      213232
      213263
      213358
      213377
      213452
      213505
      213516
      213520
      213568
      213616
      213683
      213749
      213847
      213882
      213889
      213897
      213904
      213919
      213960
      214019
      214096
      214190
      214217
      214248
      214334
      214397
      214429
      214453
      214511
      214572
      214653
      214734
      214829
      214862
      214898
      214926
      214948
      214980
      215016
      215018
      215057
      215079
      215090
      215108
      215195
      215198
      215258
      215312
      215315
      215378
      215386
      215456
      215541
      215600
      215680
      215738
      215782
      215876
      215947
      215950
      216032
      216060
      216061
      216148
      216226
      216248
      216259
      216323
      216378
      216437
      216467
      216506
      216571
      216597
      216627
      216684
      216706
      216710
      216777
      216801
      216892
      216989
      217071
      217147
      217231
      217304
      217379
      217422
      217518
      217563
      217587
      217596
      217601
      217679
      217718
      217817
      217878
      217930
      218009
      218048
      218081
      218126
      218225
      218312
      218399
      218474
      218556
      218626
      218641
      218705
      218709
      218729
      218736
      218816
      218910
      218983
      219055
      219074
      219083
      219102
      219172
      219218
      219307
      219376
      219465
      219474
      219504
      219540
      219607
      219642
      219715
      219749
      219812
      219877
      219896
      219970
      220057
      220153
      220239
      220335
      220427
      220455
      220460
      220476
      220512
      220605
      220667
      220736
      220745
      220749
      220759
      220803
      220899
      220942
      221038
      221063
      221093
      221163
      221193
      221218
      221242
      221258
      221258
      221258
      221300
      221328
      221382
      221452
      221551
      221649
      221697
      221712
      221807
      221830
      221870
      221968
      222043
      222103
      222185
      222190
      222262
      222345
      222441
      222540
      222628
      222643
      222728
      222751
      222836
      222898
      222922
      222924
      222972
      223014
      223069
      223103
      223163
      223250
      223278
      223278
      223360
      223439
      223499
      223521
      223531
      223554
      223624
      223642
      223703
      223781
      223870
      223950
      223955
      223960
      223978
      223989
      224048
      224085
      224093
      224141
      224168
      224223
      224243
      224261
      224355
      224405
      224483
      224571
      224602
      224612
      224636
      224694
      224777
      224828
      224859
      224912
      224972
      224985
      224990
      225019
      225026
      225102
      225124
      225211
      225300
      225330
      225353
      225446
      225538
      225589
      225646
      225685
      225769
      225812
      225907
      225933
      226024
      226044
      226050
      226104
      226186
      226220
      226266
      226288
      226370
      226457
      226556
      226640
      226699
      226749
      226787
      226843
      226883
      226894
      226908
      226999
      227047
      227075
      227155
      227187
      227213
      227247
      227268
      227329
      227384
      227416
      227496
      227579
      227646
      227692
      227785
      227811
      227904
      227923
      228009
      228030
      228058
      228121
      228176
      228190
      228214
      228273
      228342
      228407
      228419
      228427
      228473
      228568
      228590
      228667
      228758
      228783
      228831
      228880
      228965
      229060
      229155
      229187
      229202
      229255
      229263
      229331
      229347
      229441
      229531
      229601
      229617
      229716
      229730
      229761
      229782
      229792
      229843
      229921
      229991
      230083
      230137
      230166
      230198
      230286
      230341
      230379
      230395
      230466
      230554
      230631
      230656
      230751
      230798
      230844
      230844
      230903
      230992
      231046
      231061
      231134
      231137
      231156
      231206
      231296
      231319
      231328
      231357
      231440
      231473
      231571
      231604
      231701
      231797
      231860
      231925
      232001
      232035
      232040
      232083
      232141
      232181
      232227
      232268
      232336
      232411
      232498
      232535
      232630
      232729
      232744
      232777
      232805
      232868
      232889
      232903
      232908
      232909
      232916
      232967
      232974
      232985
      233024
      233035
      233118
      233174
      233251
      233321
      233345
      233413
      233474
      233477
      233494
      233545
      233596
      233674
      233692
      233713
      233801
      233839
      233848
      233913
      233956
      233956
      234043
      234081
      234154
      234154
      234232
      234324
      234398
      234405
      234501
      234536
      234612
      234612
      234666
      234684
      234721
      234805
      234822
      234830
      234905
      234957
      235041
      235046
      235141
      235210
      235306
      235386
      235468
      235482
      235529
      235555
      235617
      235639
      235656
      235702
      235794
      235883
      235885
      235921
      235992
      236008
      236039
      236095
      236177
      236178
      236262
      236305
      236327
      236350
      236401
      236452
      236529
      236575
      236657
      236670
      236702
      236723
      236809
      236864
      236869
      236876
      236880
      236929
      236991
      237086
      237141
      237207
      237220
      237220
      237264
      237310
      237387
      237474
      237539
      237554
      237648
      237717
      237754
      237760
      237792
      237873
      237938
      238012
      238049
      238073
      238124
      238139
      238181
      238205
      238270
      238366
      238464
      238560
      238624
      238626
      238710
      238747
      238785
      238790
      238806
      238897
      238935
      238981
      239024
      239064
      239139
      239233
      239300
      239377
      239390
      239425
      239455
      239468
      239527
      239527
      239549
      239632
      239669
      239690
      239737
      239782
      239849
      239948
      240043
      240138
      240233
      240323
      240413
      240477
      240506
      240572
      240631
      240712
      240723
      240725
      240792
      240838
      240919
      240994
      241005
      241055
      241132
      241181
      241206
      241294
      241305
      241308
      241395
      241462
      241467
      241528
      241528
      241613
      241667
      241750
      241815
      241826
      241898
      241973
      242036
      242082
      242168
      242219
      242289
      242328
      242356
      242443
      242529
      242616
      242710
      242754
      242781
      242845
      242872
      242903
      242907
      242950
      243027
      243049
      243080
      243150
      243217
      243234
      243237
      243297
      243373
      243401
      243455
      243554
      243555
      243640
      243726
      243756
      243822
      243900
      243946
      244014
      244049
      244055
      244114
      244185
      244189
      244288
      244325
      244382
      244416
      244443
      244501
      244599
      244691
      244723
      244762
      244838
      244882
      244898
      244958
      245048
      245053
      245074
      245165
      245257
      245288
      245333
      245409
      245493
      245496
      245562
      245574
      245575
      245652
      245676
      245751
      245762
      245767
      245785
      245842
      245881
      245931
      245978
      246010
      246040
      246128
      246175
      246198
      246292
      246344
      246362
      246445
      246534
      246591
      246661
      246713
      246798
      246890
      246982
      247017
      247018
      247064
      247111
      247124
      247175
      247258
      247354
      247388
      247453
      247455
      247489
      247534
      247592
      247592
      247677
      247725
      247794
      247829
      247905
      247993
      248086
      248135
      248152
      248163
      248257
      248258
      248305
      248365
      248366
      248390
      248459
      248546
      248626
      248642
      248689
      248712
      248799
      248835
      248932
      249029
      249110
      249123
      249168
      249222
      249306
      249365
      249453
      249481
      249506
      249506
      249599
      249683
      249744
      249792
      249841
      249909
      249913
      250001
      250055
      250097
      250098
      250111
      250210
      250251
      250269
      250292
      250327
      250377
      250443
      250506
      250577
      250607
      250627
      250671
      250706
      250722
      250766
      250806
      250816
      250893
      250985
      251013
      251033
      251067
      251077
      251078
      251144
      251217
      251279
      251296
      251373
      251471
      251507
      251519
      251595
      251692
      251766
      251772
      251827
      251864
      251926
      252000
      252018
      252110
      252164
      252173
      252195
      252212
      252258
      252260
      252291
      252313
      252396
      252485
      252523
      252536
      252614
      252669
      252729
      252782
      252820
      252895
      252899
      252920
      252939
      252971
      253000
      253008
      253082
      253092
      253127
      253184
      253201
      253229
      253307
      253381
      253479
      253527
      253609
      253679
      253687
      253739
      253746
      253746
      253776
      253803
      253862
      253903
      253975
      254070
      254092
      254132
      254196
      254266
      254293
      254332
      254401
      254444
      254479
      254573
      254597
      254647
      254730
      254769
      254828
      254885
      254971
      255038
      255119
      255189
      255217
      255271
      255348
      255364
      255380
      255477
      255498
      255534
      255630
      255721
      255750
      255847
      255860
      255933
      256011
      256016
      256105
      256173
      256270
      256351
      256414
      256427
      256432
      256434
      256516
      256526
      256601
      256635
      256720
      256730
      256793
      256809
      256823
      256919
      256936
      256963
      257012
      257019
      257019
      257067
      257131
      257159
      257252
      257318
      257347
      257395
      257451
      257489
      257585
      257660
      257718
      257758
      257826
      257829
      257915
      258006
      258060
      258154
      258197
      258270
      258281
      258330
      258388
      258413
      258469
      258495
      258521
      258619
      258660
      258694
      258786
      258861
      258885
      258950
      258990
      259065
      259135
      259224
      259289
      259357
      259446
      259531
      259532
      259558
      259577
      259584
      259620
      259627
      259726
      259773
      259812
      259892
      259902
      259992
      260036
      260062
      260146
      260187
      260222
      260280
      260338
      260346
      260392
      260446
      260543
      260602
      260676
      260720
      260812
      260824
      260847
      260943
      260945
      260956
      261046
      261069
      261153
      261164
      261179
      261262
      261276
      261312
      261319
      261351
      261409
      261459
      261525
      261557
      261636
      261691
      261755
      261829
      261844
      261938
      261951
      262010
      262055
      262116
      262178
      262182
      262223
      262252
      262312
      262324
      262381
      262449
      262503
      262597
      262654
      262751
      262792
      262851
      262867
      262952
      262975
      263051
      263087
      263134
      263191
      263199
      263241
      263281
      263364
      263376
      263423
      263463
      263465
      263490
      263490
      263528
      263574
      263607
      263632
      263686
      263763
      263794
      263837
      263896
      263916
      263943
      263995
      264015
      264114
      264195
      264278
      264302
      264393
      264475
      264521
      264617
      264697
      264763
      264772
      264775
      264795
      264858
      264869
      264928
      264986
      265028
      265037
      265134
      265136
      265183
      265238
      265312
      265369
      265390
      265461
      265556
      265562
      265621
      265658
      265713
      265741
      265759
      265768
      265805
      265863
      265915
      265992
      266061
      266107
      266118
      266197
      266231
      266237
      266279
      266324
      266378
      266467
      266536
      266609
      266695
      266776
      266819
      266836
      266897
      266918
      267007
      267075
      267096
      267190
      267283
      267319
      267323
      267372
      267431
      267450
      267507
      267525
      267587
      267627
      267709
      267798
      267798
      267807
      267845
      267932
      268005
      268013
      268030
      268069
      268146
      268229
      268238
      268272
      268345
      268353
      268427
      268456
      268522
      268533
      268561
      268612
      268638
      268719
      268762
      268811
      268822
      268849
      268945
      268959
      269040
      269119
      269129
      269224
      269230
      269314
      269380
      269428
      269515
      269573
      269647
      269663
      269666
      269708
      269805
      269889
      269982
      269997
      270081
      270107
      270112
      270135
      270147
      270161
      270257
      270347
      270430
      270500
      270591
      270656
      270704
      270705
      270747
      270752
      270823
      270887
      270943
      271026
      271101
      271125
      271130
      271205
      271287
      271302
      271347
      271401
      271422
      271498
      271501
      271514
      271580
      271582
      271656
      271707
      271792
      271830
      271912
      271975
      272055
      272131
      272206
      272234
      272293
      272329
      272374
      272435
      272466
      272516
      272532
      272558
      272636
      272679
      272727
      272756
      272790
      272797
      272866
      272917
      272987
      272994
      273082
      273090
      273161
      273169
      273203
      273250
      273271
      273285
      273343
      273346
      273406
      273503
      273580
      273602
      273676
      273765
      273792
      273807
      273876
      273928
      273978
      274054
      274143
      274168
      274267
      274277
      274304
      274391
      274469
      274526
      274545
      274587
      274661
      274707
      274717
      274806
      274843
      274937
      274946
      275014
      275082
      275154
      275178
      275210
      275289
      275348
      275409
      275450
      275495
      275581
      275598
      275681
      275718
      275731
      275747
      275809
      275825
