          73
         132
         223
         309
         379
         420
         447
         521
         564
         658
         703
         736
         751
         779
         874
         938
         984
        1002
        1024
        1094
        1101
        1101
        1142
        1174
        1209
        1228
        1241
        1301
        1343
        1380
        1420
        1448
        1458
        1532
        1611
        1680
        1734
        1813
        1879
        1901
        1980
        1995
        2071
        2087
        2158
        2253
        2304
        2332
        2376
        2396
        2473
        2501
        2600
        2601
        2655
        2730
        2787
        2885
        2957
        3013
        3036
        3056
        3151
        3191
        3205
        3232
        3278
        3284
        3359
        3447
        3524
        3608
        3622
        3662
        3702
        3725
        3792
        3810
        3886
        3972
        4060
        4093
        4176
        4268
        4340
        4416
        4515
        4540
        4561
        4593
        4617
        4641
        4737
        4806
        4839
        4934
        4965
        5058
        5095
        5126
        5176
        5214
        5263
        5273
        5286
        5354
        5379
        5442
        5451
        5493
        5548
        5588
        5608
        5704
        5797
        5868
        5955
        6036
        6068
        6120
        6172
        6189
        6190
        6213
        6277
        6348
        6433
        6464
        6473
        6533
        6600
        6625
        6710
        6780
        6862
        6904
        6934
        7004
        7072
        7077
        7157
        7196
        7251
        7330
        7377
        7419
        7452
        7523
        7542
        7585
        7652
        7661
        7755
        7774
        7872
        7967
        8013
        8103
        8178
        8183
        8218
        8266
        8364
        8407
        8452
        8497
        8594
        8618
        8664
        8690
        8754
        8799
        8876
        8917
        8998
        9018
        9117
        9191
        9284
        9375
        9416
        9499
        9590
        9684
        9753
        9767
        9769
        9862
        9959
       10034
       10068
       10127
       10199
       10280
       10312
       10387
       10411
       10418
       10471
       10511
       10593
       10631
       10693
       10753
       10762
       10857
       10898
       10969
       11063
       11146
       11166
       11257
       11285
       11321
       11420
       11437
       11468
       11543
       11595
       11671
       11720
       11731
       11781
       11828
       11891
       11909
       11937
       11974
       12031
       12115
       12206
       12217
       12237
       12267
       12300
       12317
       12388
       12464
       12490
       12523
       12557
       12655
       12753
       12765
       12823
       12877
       12887
       12982
       13007
       13015
       13107
       13202
       13213
       13304
       13340
       13367
       13464
       13541
       13551
       13605
       13656
       13747
       13825
       13883
       13966
       14032
       14116
       14207
       14215
       14262
       14304
       14384
       14416
       14416
       14417
       14487
       14494
       14543
       14575
       14655
       14684
       14702
       14775
       14798
       14879
       14944
       15037
       15111
       15193
       15291
       15380
       15408
       15422
       15457
       15555
       15638
       15699
       15766
       15795
       15812
       15882
       15964
       16031
       16085
       16106
       16137
       16161
       16223
       16257
       16258
       16282
       16354
       16400
       16452
       16545
       16624
       16663
       16753
       16771
       16775
       16788
       16828
       16908
       16990
       17089
       17136
       17182
       17249
       17314
       17387
       17475
       17523
       17559
       17650
       17678
       17718
       17728
       17787
       17872
       17895
       17963
       18015
       18028
       18115
       18186
       18278
       18345
       18363
       18369
       18453
       18513
       18570
       18649
       18650
       18691
       18751
       18766
       18811
       18852
       18882
       18951
       19043
       19111
       19185
       19205
       19239
       19320
       19359
       19407
       19427
       19427
       19439
       19486
       19517
       19518
       19614
       19711
       19735
       19790
       19849
       19862
       19937
       20001
       20090
       20144
       20227
       20323
       20342
       20360
       20422
       20485
       20537
       20601
       20615
       20641
       20669
       20718
       20802
       20815
       20859
       20867
       20917
       20951
       20984
       21081
       21156
       21180
       21200
       21293
       21296
       21312
       21347
       21427
       21464
       21538
       21633
       21655
       21657
       21729
       21807
       21818
       21874
       21963
       22006
       22055
       22120
       22175
       22230
       22249
       22348
       22367
       22406
       22465
       22543
       22641
       22732
       22825
       22924
       23014
       23032
       23107
       23166
       23187
       23282
       23332
       23385
       23420
       23507
       23534
       23559
       23620
       23677
       23703
       23738
       23798
       23848
       23921
       23956
       24021
       24111
       24113
       24140
       24207
       24232
       24323
       24356
       24439
       24517
       24519
       24534
       24628
       24643
       24715
       24715
       24772
       24787
       24863
       24932
       24982
       25074
       25155
       25227
       25313
       25388
       25479
       25537
       25583
       25602
       25694
       25746
       25765
       25861
       25872
       25918
       25960
       25996
       26005
       26006
       26087
       26125
       26180
       26225
       26283
       26352
       26356
       26413
       26450
       26545
       26606
       26661
       26702
       26711
       26762
       26808
       26846
       26941
       26982
       27048
       27074
       27155
       27158
       27166
       27174
       27203
       27215
       27283
       27347
       27356
       27381
       27393
       27481
       27505
       27572
       27609
       27632
       27689
       27701
       27782
       27839
       27926
       27993
       28007
       28047
       28083
       28109
       28167
       28189
       28262
       28315
       28377
       28382
       28460
       28462
       28487
       28578
       28631
       28669
       28753
       28767
       28861
       28946
       28970
       29049
       29129
       29181
       29272
       29329
       29383
       29470
       29516
       29530
       29569
       29666
       29748
       29835
       29887
       29965
       30057
       30105
       30119
       30173
       30176
       30180
       30213
       30256
       30316
       30376
       30386
       30481
       30497
       30566
       30615
       30652
       30709
       30765
       30816
       30821
       30839
       30933
       30981
       31069
       31144
       31151
       31238
       31293
       31364
       31383
       31425
       31496
       31531
       31626
       31675
       31696
       31760
       31844
       31917
       31955
       32001
       32034
       32074
       32154
       32168
       32240
       32286
       32313
       32353
       32428
       32480
       32552
       32552
       32620
       32645
       32698
       32765
       32816
       32899
       32949
       32999
       33026
       33056
       33115
       33181
       33207
       33286
       33309
       33393
       33472
       33530
       33577
       33654
       33680
       33770
       33835
       33865
       33942
       33963
       34032
       34109
       34206
       34232
       34292
       34323
       34389
       34432
       34467
       34501
       34544
       34546
       34561
       34566
       34653
       34677
       34750
       34798
       34859
       34907
       34955
       35038
       35080
       35158
       35220
       35316
       35325
       35403
       35484
       35519
       35544
       35630
       35666
       35681
       35716
       35757
       35808
       35842
       35931
       35953
       35972
       36037
       36104
       36110
       36170
       36238
       36304
       36309
       36350
       36403
       36463
       36473
       36504
       36557
       36602
       36691
       36776
       36801
       36852
       36858
       36899
       36925
       36943
       36969
       37037
       37085
       37145
       37146
       37238
       37319
       37363
       37403
       37469
       37509
       37557
       37567
       37595
       37645
       37649
       37699
       37726
       37817
       37915
       37969
       37982
       38051
       38143
       38222
       38254
       38326
       38407
       38471
       38544
       38630
       38634
       38666
       38741
       38815
       38827
       38902
       38923
       38979
       38984
       39046
       39109
       39125
       39167
       39193
       39288
       39311
       39356
       39426
       39435
       39472
       39494
       39559
       39618
       39635
       39708
       39777
       39827
       39860
       39875
       39881
       39941
       39970
       40064
       40158
       40255
       40322
       40348
       40395
       40461
       40518
       40604
       40691
       40757
       40854
       40859
       40893
       40935
       41024
       41090
       41132
       41172
       41226
       41298
       41308
       41367
       41390
       41394
       41471
       41550
       41615
       41639
       41726
       41726
       41763
       41811
       41811
       41855
       41866
       41911
       41939
       42035
       42127
       42138
       42140
       42147
       42200
       42247
       42265
       42273
       42308
       42333
       42375
       42447
       42485
       42498
       42586
       42617
       42643
       42651
       42703
       42791
       42865
       42901
       42966
       42980
       42986
       43013
       43039
       43092
       43127
       43206
       43277
       43334
       43345
       43429
       43470
       43528
       43566
       43607
       43647
       43734
       43803
       43810
       43845
       43925
       43944
       44012
       44066
       44073
       44155
       44200
       44297
       44303
       44337
       44363
       44444
       44459
       44486
       44543
       44641
       44685
       44702
       44761
       44767
       44804
       44867
       44888
       44917
       44975
       45037
       45048
       45065
       45114
       45204
       45222
       45249
       45281
       45337
       45364
       45391
       45457
       45495
       45555
       45614
       45690
       45755
       45823
       45871
       45887
       45887
       45943
       45970
       46062
       46082
       46171
       46252
       46272
       46341
       46354
       46417
       46516
       46561
       46619
       46633
       46718
       46808
       46886
       46929
       46991
       47087
       47123
       47126
       47176
       47242
       47339
       47437
       47508
       47590
       47672
       47673
       47766
       47812
       47879
       47911
       47980
       48002
       48069
       48078
       48175
       48183
       48278
       48328
       48404
       48447
       48505
       48505
       48590
       48612
       48660
       48722
       48784
       48882
       48931
       48953
       48966
       49062
       49109
       49195
       49195
       49230
       49236
       49312
       49379
       49444
       49542
       49606
       49631
       49672
       49693
       49775
       49853
       49915
       49919
       49932
       49993
       50033
       50046
       50121
       50198
       50220
       50232
       50315
       50366
       50462
       50496
       50523
       50559
       50640
       50728
       50747
       50840
       50878
       50938
       50998
       51019
       51033
       51051
       51089
       51143
       51179
       51271
       51344
       51439
       51522
       51591
       51659
       51689
       51783
       51852
       51899
       51933
       52031
       52130
       52137
       52146
       52194
       52278
       52341
       52350
       52375
       52390
       52486
       52524
       52614
       52624
       52641
       52680
       52757
       52777
       52783
       52787
       52811
       52846
       52938
       52958
       52962
       53016
       53071
       53152
       53187
       53244
       53267
       53273
       53288
       53387
       53444
       53514
       53526
       53601
       53601
       53621
       53641
       53679
       53745
       53837
       53928
       54006
       54029
       54073
       54118
       54199
       54208
       54237
       54268
       54268
       54336
       54364
       54398
       54426
       54491
       54532
       54626
       54719
       54781
       54824
       54881
       54937
       54987
       55011
       55020
       55058
       55122
       55211
       55226
       55295
       55327
       55394
       55485
       55559
       55637
       55699
       55789
       55831
       55881
       55930
       55953
       55964
       56063
       56136
       56187
       56228
       56306
       56391
       56477
       56493
       56538
       56616
       56637
       56673
       56710
       56712
       56769
       56789
       56797
       56891
       56942
       56950
       57008
       57093
       57106
       57180
       57208
       57226
       57321
       57404
       57443
       57540
       57575
       57632
       57686
       57724
       57812
       57863
       57953
       57973
       58004
       58095
       58166
       58182
       58211
       58238
       58323
       58361
       58454
       58525
       58548
       58590
       58677
       58691
       58764
       58857
       58899
       58913
       58915
       58986
       59077
       59084
       59104
       59124
       59209
       59239
       59319
       59415
       59446
       59494
       59544
       59575
       59668
       59765
       59778
       59816
       59830
       59831
       59901
       59930
       59967
       60021
       60104
       60122
       60127
       60179
       60188
       60259
       60269
       60327
       60352
       60444
       60446
       60511
       60593
       60645
       60654
       60738
       60764
       60783
       60819
       60910
       60929
       61013
       61049
       61111
       61131
       61217
       61309
       61394
       61477
       61538
       61631
       61712
       61783
       61865
       61918
       62010
       62093
       62116
       62150
       62187
       62253
       62338
       62345
       62443
       62496
       62533
       62556
       62559
       62625
       62709
       62765
       62813
       62902
       62913
       62929
       62950
       63027
       63079
       63090
       63133
       63182
       63216
       63308
       63382
       63462
       63547
       63624
       63625
       63640
       63690
       63779
       63852
       63935
       63945
       64016
       64082
       64123
       64191
       64253
       64344
       64417
       64508
       64523
       64530
       64563
       64654
       64703
       64757
       64841
       64900
       64919
       64982
       65025
       65042
       65074
       65172
       65199
       65282
       65309
       65313
       65356
       65374
       65445
       65541
       65546
       65623
       65623
       65647
       65708
       65709
       65741
       65825
       65866
       65963
       66034
       66072
       66157
       66201
       66259
       66279
       66371
       66378
       66394
       66441
       66503
       66531
       66629
       66718
       66795
       66888
       66925
       67012
       67095
       67191
       67249
       67277
       67302
       67351
       67427
       67469
       67502
       67575
       67652
       67684
       67714
       67782
       67836
       67929
       68022
       68094
       68150
       68166
       68222
       68238
       68321
       68377
       68425
       68505
       68534
       68555
       68622
       68708
       68805
       68880
       68976
       69049
       69141
       69166
       69181
       69273
       69304
       69363
       69372
       69380
       69409
       69459
       69554
       69559
       69574
       69631
       69660
       69758
       69773
       69804
       69864
       69956
       70033
       70086
       70146
       70218
       70279
       70342
       70403
       70421
       70469
       70510
       70564
       70653
       70721
       70721
       70723
       70809
       70860
       70945
       70999
       70999
       71013
       71047
       71134
       71172
       71214
       71269
       71292
       71298
       71341
       71412
       71490
       71563
       71627
       71665
       71704
       71711
       71767
       71781
       71812
       71831
       71886
       71977
       71980
       72035
       72085
       72151
       72162
       72219
       72246
       72340
       72414
       72456
       72457
       72477
       72493
       72533
       72577
       72626
       72630
       72702
       72709
       72787
       72807
       72825
       72881
       72979
       73039
       73136
       73230
       73283
       73343
       73360
       73432
       73441
       73460
       73555
       73606
       73668
       73732
       73812
       73859
       73878
       73935
       73960
       74048
       74133
       74167
       74236
       74331
       74384
       74409
       74508
       74607
       74633
       74690
       74745
       74763
       74827
       74838
       74934
       75023
       75023
       75050
       75123
       75168
       75244
       75297
       75320
       75364
       75384
       75448
       75534
       75604
       75700
       75710
       75747
       75829
       75896
       75945
       75948
       76045
       76095
       76098
       76154
       76161
       76166
       76187
       76253
       76286
       76306
       76306
       76306
       76316
       76387
       76475
       76566
       76601
       76673
       76761
       76815
       76872
       76873
       76905
       76996
       77046
       77128
       77172
       77249
       77314
       77344
       77366
       77434
       77480
       77569
       77656
       77679
       77707
       77772
       77852
       77890
       77893
       77922
       77946
       77995
       78043
       78118
       78134
       78177
       78186
       78218
       78254
       78272
       78295
       78319
       78338
       78377
       78468
       78490
       78587
       78682
       78758
       78761
       78806
       78814
       78836
       78917
       78965
       79026
       79037
       79136
       79172
       79239
       79301
       79363
       79431
       79481
       79537
       79560
       79576
       79620
       79697
       79708
       79739
       79817
       79840
       79900
       79944
       80000
       80034
       80061
       80151
       80160
       80200
       80204
       80228
       80319
       80333
       80372
       80401
       80427
       80520
       80555
       80574
       80599
       80679
       80762
       80786
       80822
       80881
       80911
       81005
       81031
       81045
       81063
       81081
       81110
       81138
       81232
       81249
       81314
       81412
       81426
       81523
       81607
       81681
       81702
       81706
       81745
       81762
       81774
       81828
       81858
       81913
       81976
       82043
       82046
       82097
       82108
       82146
       82213
       82244
       82334
       82343
       82387
       82452
       82545
       82589
       82609
       82627
       82671
       82690
       82773
       82826
       82867
       82894
       82950
       82975
       82994
       83079
       83120
       83180
       83248
       83265
       83347
       83349
       83420
       83429
       83491
       83579
       83615
       83708
       83806
       83849
       83909
       83936
       84009
       84031
       84043
       84073
       84102
       84108
       84202
       84215
       84272
       84327
       84398
       84417
       84425
       84522
       84568
       84599
       84670
       84743
       84774
       84827
       84836
       84914
       84996
       85024
       85079
       85172
       85269
       85338
       85379
       85430
       85466
       85489
       85551
       85603
       85692
       85711
       85776
       85862
       85961
       86057
       86084
       86136
       86168
       86200
       86292
       86372
       86377
       86412
       86428
       86525
       86560
       86635
       86677
       86765
       86785
       86813
       86829
       86865
       86911
       86961
       86974
       87000
       87073
       87164
       87224
       87292
       87302
       87358
       87378
       87471
       87505
       87552
       87644
       87729
       87763
       87807
       87807
       87853
       87910
       88003
       88017
       88040
       88095
       88158
       88185
       88205
       88263
       88350
       88427
       88507
       88559
       88642
       88741
       88830
       88874
       88929
       89002
       89096
       89132
       89214
       89253
       89333
       89407
       89453
       89473
       89489
       89534
       89537
       89567
       89590
       89669
       89749
       89826
       89849
       89924
       89991
       90079
       90103
       90125
       90209
       90289
       90326
       90344
       90360
       90430
       90502
       90567
       90639
       90705
       90766
       90852
       90872
       90932
       90985
       91080
       91145
       91186
       91200
       91251
       91334
       91354
       91445
       91506
       91545
       91566
       91634
       91660
       91688
       91784
       91802
       91809
       91893
       91923
       91986
       92010
       92026
       92101
       92101
       92127
       92183
       92273
       92288
       92300
       92366
       92439
       92444
       92463
       92526
       92528
       92585
       92622
       92665
       92705
       92802
       92816
       92856
       92951
       93004
       93093
       93127
       93139
       93169
       93189
       93211
       93270
       93306
       93351
       93389
       93401
       93420
       93505
       93586
       93612
       93699
       93745
       93754
       93839
       93872
       93964
       94016
       94115
       94144
       94230
       94294
       94313
       94390
       94396
       94410
       94458
       94468
       94522
       94615
       94639
       94645
       94687
       94694
       94742
       94761
       94857
       94882
       94897
       94951
       94966
       94990
       95073
       95125
       95194
       95245
       95305
       95361
       95429
       95430
       95461
       95541
       95616
       95685
       95758
       95791
       95811
       95856
       95928
       95946
       95992
       96004
       96075
       96174
       96177
       96221
       96302
       96303
       96361
       96448
       96476
       96510
       96604
       96692
       96711
       96775
       96829
       96847
       96904
       96910
       96910
       96936
       96961
       97038
       97131
       97222
       97252
       97281
       97317
       97349
       97404
       97433
       97440
       97489
       97559
       97624
       97711
       97764
       97807
       97901
       97946
       98021
       98072
       98127
       98159
       98164
       98207
       98239
       98265
       98344
       98421
       98489
       98492
       98514
       98557
       98630
       98715
       98781
       98820
       98849
       98930
       99011
       99088
       99109
       99128
       99213
       99226
       99262
       99299
       99366
       99440
       99514
       99607
       99666
       99748
       99826
       99905
       99917
       99943
      100019
      100083
      100176
      100195
      100257
      100345
      100443
      100529
      100579
      100662
      100747
      100782
      100825
      100897
      100957
      101003
      101080
      101089
      101126
      101157
      101191
      101258
      101348
      101408
      101431
      101431
      101471
      101505
      101526
      101597
      101644
      101671
      101732
      101796
      101883
      101961
      101961
      101983
      101998
      102083
      102087
      102139
      102144
      102237
      102265
      102310
      102398
      102434
      102510
      102599
      102606
      102644
      102691
      102737
      102738
      102765
      102811
      102822
      102829
      102880
      102933
      102948
      103018
      103074
      103090
      103139
      103200
      103267
      103302
      103380
      103450
      103508
      103576
      103635
      103641
      103664
      103747
      103844
      103857
      103917
      103964
      103969
      103988
      104001
      104006
      104059
      104112
      104180
      104267
      104317
      104329
      104380
      104442
      104450
      104501
      104522
      104604
      104664
      104757
      104802
      104819
      104867
      104958
      104974
      105038
      105120
      105132
      105142
      105164
      105188
      105227
      105245
      105316
      105358
      105389
      105408
      105507
      105596
      105607
      105651
      105671
      105753
      105753
      105763
      105860
      105934
      105984
      106080
      106143
      106240
      106291
      106316
      106329
      106367
      106392
      106450
      106473
      106532
      106594
      106621
      106671
      106709
      106734
      106833
      106925
      106967
      107038
      107095
      107100
      107189
      107287
      107341
      107401
      107487
      107561
      107656
      107656
      107713
      107790
      107827
      107856
      107896
      107913
      107954
      108026
      108063
      108127
      108174
      108250
      108278
      108296
      108366
      108440
      108523
      108593
      108651
      108689
      108740
      108756
      108795
      108854
      108920
      108953
      109032
      109048
      109107
      109187
      109204
      109289
      109379
      109434
      109500
      109525
      109623
      109650
      109743
      109767
      109815
      109892
      109968
      110003
      110102
      110148
      110180
      110213
      110230
      110272
      110371
      110398
      110416
      110466
      110534
      110580
      110670
      110761
      110844
      110867
      110958
      111027
      111102
      111181
      111204
      111254
      111257
      111261
      111335
      111371
      111373
      111455
      111463
      111532
      111629
      111634
      111701
      111775
      111869
      111925
      111927
      111968
      112020
      112067
      112147
      112195
      112289
      112303
      112325
      112420
      112458
      112467
      112531
      112579
      112627
      112703
      112802
      112813
      112905
      112991
      113047
      113100
      113177
      113228
      113259
      113292
      113380
      113449
      113525
      113611
      113648
      113703
      113796
      113865
      113873
      113882
      113947
      114023
      114099
      114170
      114211
      114220
      114235
      114236
      114265
      114331
      114367
      114380
      114404
      114473
      114562
      114627
      114630
      114682
      114747
      114757
      114834
      114905
      114940
      114979
      114981
      115044
      115098
      115098
      115175
      115203
      115243
      115330
      115377
      115453
      115534
      115607
      115660
      115693
      115792
      115793
      115831
      115892
      115943
      116028
      116055
      116095
      116120
      116125
      116200
      116269
      116314
      116315
      116408
      116423
      116426
      116433
      116471
      116495
      116509
      116582
      116590
      116646
      116698
      116718
      116803
      116848
      116900
      116915
      116974
      116983
      117025
      117043
      117061
      117150
      117243
      117311
      117323
      117372
      117441
      117444
      117466
      117502
      117513
      117589
      117594
      117670
      117745
      117779
      117836
      117892
      117918
      118000
      118016
      118086
      118175
      118212
      118228
      118280
      118358
      118421
      118472
      118499
      118564
      118580
      118586
      118677
      118689
      118755
      118760
      118839
      118911
      118959
      118979
      119013
      119027
      119104
      119127
      119182
      119202
      119248
      119275
      119285
      119298
      119361
      119392
      119452
      119500
      119578
      119664
      119693
      119727
      119799
      119870
      119963
      120026
      120048
      120095
      120188
      120189
      120234
      120285
      120384
      120395
      120435
      120493
      120577
      120663
      120753
      120824
      120840
      120849
      120913
      120914
      120969
      121031
      121062
      121122
      121216
      121229
      121254
      121314
      121355
      121359
      121403
      121485
      121490
      121562
      121567
      121651
      121701
      121701
      121773
      121795
      121808
      121903
      121952
      121969
      122018
      122037
      122109
      122157
      122216
      122308
      122400
      122409
      122460
      122552
      122644
      122693
      122714
      122748
      122777
      122825
      122867
      122950
      122978
      123043
      123094
      123139
      123159
      123233
      123295
      123308
      123349
      123447
      123511
      123543
      123565
      123579
      123668
      123744
      123762
      123819
      123865
      123955
      123979
      123991
      124085
      124156
      124246
      124334
      124396
      124447
      124461
      124552
      124602
      124645
      124708
      124739
      124771
      124799
      124815
      124830
      124901
      124909
      124959
      125050
      125056
      125129
      125196
      125232
      125255
      125325
      125330
      125409
      125487
      125548
      125584
      125608
      125666
      125716
      125719
      125808
      125874
      125906
      126004
      126044
      126061
      126129
      126205
      126265
      126342
      126365
      126409
      126457
      126513
      126570
      126626
      126661
      126734
      126815
      126913
      126996
      127076
      127170
      127234
      127320
      127383
      127434
      127483
      127523
      127582
      127672
      127736
      127792
      127886
      127918
      127973
      128063
      128130
      128137
      128230
      128328
      128389
      128412
      128431
      128492
      128581
      128649
      128664
      128701
      128765
      128768
      128824
      128923
      128956
      129002
      129096
      129136
      129224
      129281
      129339
      129411
      129431
      129463
      129463
      129469
      129548
      129600
      129605
      129639
      129680
      129777
      129874
      129880
      129933
      129986
      130073
      130101
      130168
      130185
      130221
      130222
      130283
      130290
      130298
      130383
      130482
      130563
      130596
      130673
      130683
      130765
      130796
      130835
      130877
      130919
      131015
      131061
      131147
      131243
      131295
      131346
      131353
      131449
      131515
      131541
      131550
      131604
      131639
      131723
      131751
      131824
      131858
      131898
      131971
      132032
      132075
      132126
      132201
      132250
      132329
      132349
      132356
      132451
      132463
      132544
      132623
      132715
      132772
      132805
      132848
      132905
      132992
      133048
      133096
      133159
      133161
      133230
      133276
      133374
      133432
      133460
      133474
      133531
      133628
      133654
      133711
      133718
      133730
      133753
      133782
      133836
      133928
      133933
      133988
      134077
      134149
      134222
      134314
      134362
      134400
      134482
      134573
      134638
      134716
      134790
      134871
      134904
      134928
      134980
      135064
      135150
      135211
      135266
      135309
      135374
      135452
      135547
      135573
      135641
      135652
      135677
      135726
      135732
      135813
      135910
      135931
      136016
      136060
      136150
      136184
      136276
      136288
      136363
      136450
      136537
      136611
      136690
      136776
      136799
      136801
      136823
      136867
      136913
      136980
      137021
      137093
      137150
      137191
      137215
      137291
      137307
      137389
      137476
      137522
      137597
      137691
      137700
      137795
      137880
      137927
      137957
      138040
      138091
      138160
      138237
      138293
      138325
      138401
      138471
      138473
      138569
      138580
      138633
      138725
      138813
      138842
      138937
      139004
      139078
      139140
      139184
      139185
      139209
      139284
      139284
      139360
      139368
      139400
      139488
      139570
      139662
      139695
      139733
      139744
      139815
      139839
      139888
      139987
      140042
      140123
      140153
      140163
      140165
      140193
      140233
      140282
      140288
      140368
      140390
      140407
      140468
      140514
      140579
      140612
      140631
      140724
      140771
      140818
      140872
      140906
      140970
      140970
      140990
      141060
      141074
      141169
      141258
      141334
      141389
      141405
      141423
      141427
      141428
      141495
      141581
      141603
      141670
      141685
      141707
      141750
      141826
      141915
      141925
      141951
      141984
      142052
      142124
      142190
      142225
      142251
      142336
      142367
      142375
      142423
      142473
      142531
      142534
      142590
      142590
      142610
      142700
      142743
      142764
      142788
      142790
      142805
      142813
      142872
      142893
      142940
      143029
      143058
      143060
      143091
      143108
      143175
      143182
      143270
      143294
      143353
      143426
      143427
      143517
      143585
      143652
      143735
      143758
      143822
      143859
      143906
      143930
      143940
      143991
      144031
      144115
      144187
      144205
      144243
      144297
      144306
      144306
      144399
      144427
      144489
      144524
      144557
      144597
      144688
      144758
      144784
      144831
      144887
      144932
      144998
      145007
      145016
      145056
      145126
      145147
      145189
      145210
      145265
      145301
      145316
      145346
      145349
      145444
      145451
      145479
      145560
      145576
      145591
      145676
      145748
      145780
      145848
      145902
      145921
      145938
      146022
      146101
      146191
      146218
      146308
      146364
      146425
      146462
      146541
      146601
      146630
      146655
      146656
      146722
      146746
      146748
      146813
      146904
      146976
      147022
      147027
      147105
      147171
      147231
      147323
      147373
      147472
      147570
      147639
      147730
      147744
      147802
      147872
      147899
      147934
      147954
      148020
      148093
      148132
      148157
      148205
      148262
      148291
      148380
      148419
      148428
      148476
      148548
      148553
      148570
      148626
      148710
      148759
      148787
      148846
      148855
      148934
      148989
      149005
      149102
      149191
      149200
      149236
      149285
      149316
      149378
      149458
      149499
      149594
      149669
      149686
      149695
      149752
      149777
      149825
      149913
      149982
      149995
      150088
      150173
      150264
      150274
      150322
      150402
      150464
      150532
      150607
      150678
      150696
      150791
      150860
      150886
      150971
      150993
      151036
      151102
      151190
      151210
      151275
      151284
      151373
      151380
      151388
      151391
      151446
      151505
      151561
      151606
      151636
      151680
      151752
      151768
      151829
      151858
      151932
      151958
      151973
      152004
      152009
      152055
      152055
      152146
      152164
      152183
      152219
      152238
      152320
      152337
      152362
      152417
      152508
      152522
      152564
      152636
      152732
      152737
      152833
      152897
      152900
      152901
      152937
      153020
      153080
      153173
      153182
      153201
      153259
      153338
      153410
      153427
      153484
      153513
      153539
      153578
      153616
      153707
      153803
      153888
      153982
      154006
      154030
      154047
      154073
      154084
      154155
      154219
      154234
      154259
      154263
      154358
      154442
      154503
      154504
      154569
      154586
      154613
      154633
      154634
      154637
      154657
      154678
      154765
      154794
      154839
      154931
      154971
      155015
      155034
      155067
      155068
      155076
      155142
      155143
      155182
      155237
      155273
      155331
      155384
      155446
      155458
      155547
      155591
      155689
      155707
      155788
      155879
      155977
      156027
      156037
      156132
      156174
      156229
      156310
      156339
      156347
      156441
      156477
      156504
      156526
      156561
      156600
      156671
      156680
      156713
      156803
      156825
      156849
      156894
      156949
      157033
      157068
      157091
      157139
      157199
      157247
      157289
      157348
      157349
      157382
      157386
      157470
      157505
      157602
      157662
      157675
      157757
      157780
      157846
      157904
      157943
      158011
      158060
      158126
      158220
      158280
      158365
      158402
      158474
      158486
      158560
      158593
      158612
      158647
      158649
      158741
      158803
      158895
      158939
      159037
      159119
      159170
      159177
      159257
      159271
      159277
      159299
      159330
      159367
      159461
      159510
      159536
      159560
      159650
      159650
      159691
      159745
      159772
      159787
      159798
      159854
      159892
      159963
      159964
      159979
      159988
      160062
      160120
      160193
      160284
      160291
      160300
      160379
      160383
      160419
      160422
      160476
      160486
      160576
      160658
      160739
      160781
      160844
      160927
      160987
      161001
      161090
      161141
      161142
      161172
      161215
      161221
      161224
      161289
      161298
      161389
      161396
      161440
      161507
      161540
      161554
      161564
      161575
      161582
      161584
      161620
      161643
      161710
      161726
      161818
      161857
      161890
      161896
      161969
      162058
      162127
      162180
      162213
      162302
      162314
      162363
      162401
      162457
      162486
      162537
      162590
      162652
      162702
      162772
      162871
      162934
      162990
      163077
      163172
      163229
      163302
      163309
      163313
      163385
      163408
      163480
      163575
      163630
      163667
      163742
      163827
      163833
      163910
      163984
      164024
      164087
      164121
      164187
      164262
      164262
      164269
      164298
      164339
      164380
      164423
      164462
      164504
      164601
      164699
      164761
      164830
      164925
      164972
      164998
      165095
      165098
      165139
      165177
      165229
      165248
      165332
      165420
      165460
      165544
      165587
      165602
      165663
      165675
      165734
      165822
      165859
      165920
      165988
      166080
      166170
