          17
          73
         156
         239
         241
         286
         307
         311
         360
         422
         430
         451
         462
         526
         586
         670
         714
         781
         846
         921
        1020
        1085
        1156
        1189
        1211
        1231
        1244
        1303
        1383
        1437
        1491
        1494
        1588
        1653
        1682
        1700
        1793
        1862
        1933
        1961
        1968
        1992
        2051
        2140
        2220
        2230
        2275
        2282
        2347
        2427
        2445
        2470
        2491
        2581
        2599
        2665
        2680
        2751
        2791
        2809
        2898
        2932
        3011
        3059
        3153
        3224
        3293
        3331
        3401
        3404
        3499
        3597
        3636
        3732
        3789
        3856
        3876
        3893
        3910
        3919
        3930
        4003
        4078
        4101
        4131
        4196
        4202
        4294
        4360
        4447
        4517
        4551
        4600
        4668
        4726
        4811
        4839
        4886
        4902
        4928
        4963
        5029
        5070
        5120
        5180
        5185
        5236
        5275
        5307
        5352
        5360
        5414
        5468
        5566
        5571
        5658
        5736
        5827
        5832
        5930
        5971
        6043
        6054
        6120
        6200
        6245
        6328
        6351
        6388
        6457
        6508
        6544
        6561
        6605
        6665
        6741
        6813
        6837
        6893
        6966
        6977
        6986
        6992
        7081
        7129
        7131
        7142
        7235
        7312
        7379
        7437
        7438
        7533
        7579
        7583
        7667
        7718
        7725
        7792
        7805
        7837
        7864
        7950
        7992
        8058
        8082
        8176
        8261
        8340
        8379
        8447
        8516
        8579
        8677
        8765
        8852
        8864
        8937
        8988
        9026
        9077
        9151
        9198
        9277
        9288
        9360
        9422
        9462
        9470
        9562
        9620
        9712
        9811
        9861
        9940
        9990
       10054
       10131
       10158
       10256
       10310
       10316
       10410
       10446
       10513
       10539
       10623
       10669
       10716
       10737
       10823
       10827
       10924
       10997
       11087
       11151
       11185
       11272
       11357
       11398
       11399
       11472
       11496
       11558
       11558
       11612
       11689
       11756
       11845
       11915
       11992
       12064
       12132
       12220
       12294
       12352
       12405
       12453
       12528
       12592
       12612
       12639
       12648
       12747
       12791
       12883
       12950
       12983
       13082
       13148
       13191
       13282
       13316
       13357
       13412
       13502
       13559
       13624
       13698
       13751
       13817
       13900
       13990
       14044
       14067
       14112
       14198
       14222
       14229
       14288
       14343
       14389
       14457
       14500
       14558
       14571
       14644
       14740
       14782
       14792
       14819
       14889
       14917
       15014
       15042
       15091
       15104
       15175
       15185
       15221
       15306
       15370
       15425
       15516
       15598
       15652
       15675
       15734
       15743
       15791
       15879
       15941
       16033
       16065
       16082
       16105
       16119
       16130
       16149
       16229
       16274
       16340
       16384
       16481
       16573
       16640
       16724
       16819
       16834
       16843
       16857
       16902
       16907
       16915
       16990
       16990
       17079
       17116
       17211
       17301
       17333
       17418
       17442
       17509
       17573
       17621
       17659
       17665
       17714
       17808
       17820
       17905
       17946
       17960
       18050
       18065
       18125
       18180
       18211
       18218
       18291
       18299
       18304
       18391
       18414
       18475
       18562
       18576
       18666
       18741
       18793
       18891
       18990
       19057
       19076
       19131
       19179
       19193
       19245
       19269
       19339
       19366
       19392
       19394
       19465
       19528
       19539
       19618
       19618
       19665
       19714
       19767
       19770
       19833
       19838
       19937
       20031
       20031
       20128
       20204
       20255
       20308
       20354
       20381
       20391
       20440
       20474
       20517
       20566
       20589
       20633
       20637
       20670
       20748
       20783
       20825
       20890
       20930
       21025
       21104
       21129
       21131
       21185
       21275
       21350
       21404
       21412
       21487
       21573
       21657
       21677
       21762
       21835
       21873
       21896
       21952
       21967
       22057
       22137
       22155
       22231
       22242
       22326
       22342
       22363
       22457
       22526
       22528
       22554
       22637
       22691
       22779
       22801
       22899
       22994
       23074
       23130
       23197
       23254
       23335
       23347
       23415
       23509
       23528
       23624
       23706
       23796
       23811
       23855
       23921
       23999
       24039
       24075
       24085
       24172
       24267
       24293
       24376
       24380
       24469
       24487
       24583
       24646
       24675
       24752
       24783
       24867
       24948
       25032
       25058
       25065
       25115
       25194
       25240
       25242
       25338
       25381
       25467
       25484
       25496
       25525
       25538
       25539
       25543
       25549
       25597
       25651
       25653
       25660
       25691
       25777
       25849
       25905
       25982
       26009
       26012
       26039
       26047
       26095
       26109
       26193
       26282
       26293
       26309
       26345
       26437
       26438
       26455
       26475
       26476
       26554
       26554
       26570
       26581
       26667
       26726
       26749
       26848
       26885
       26936
       26982
       27049
       27131
       27218
       27218
       27295
       27334
       27378
       27391
       27430
       27477
       27484
       27548
       27601
       27619
       27689
       27750
       27776
       27789
       27813
       27847
       27857
       27899
       27961
       28052
       28121
       28160
       28204
       28261
       28319
       28324
       28338
       28404
       28462
       28481
       28536
       28537
       28574
       28633
       28668
       28732
       28771
       28857
       28881
       28978
       29077
       29139
       29212
       29309
       29356
       29450
       29494
       29532
       29611
       29696
       29721
       29758
       29769
       29816
       29912
       30009
       30035
       30115
       30149
       30200
       30204
       30299
       30347
       30438
       30491
       30566
       30644
       30734
       30752
       30831
       30840
       30851
       30894
       30944
       31009
       31011
       31091
       31132
       31151
       31220
       31304
       31365
       31430
       31488
       31503
       31575
       31593
       31668
       31763
       31815
       31895
       31950
       31969
       32021
       32069
       32087
       32171
       32261
       32278
       32300
       32393
       32411
       32509
       32574
       32643
       32739
       32836
       32888
       32905
       32986
       33080
       33129
       33187
       33209
       33219
       33241
       33244
       33292
       33363
       33414
       33418
       33423
       33474
       33549
       33648
       33714
       33799
       33844
       33877
       33959
       34039
       34064
       34154
       34183
       34249
       34344
       34356
       34452
       34521
       34576
       34596
       34611
       34642
       34669
       34764
       34815
       34892
       34924
       34950
       34952
       35021
       35048
       35061
       35159
       35192
       35233
       35306
       35381
       35433
       35465
       35481
       35544
       35598
       35638
       35726
       35818
       35906
       35933
       35981
       36006
       36064
       36152
       36224
       36301
       36394
       36490
       36510
       36594
       36639
       36711
       36764
       36812
       36821
       36890
       36946
       37007
       37035
       37129
       37200
       37212
       37255
       37354
       37446
       37466
       37545
       37615
       37656
       37698
       37793
       37800
       37851
       37938
       37993
       38067
       38152
       38161
       38228
       38261
       38327
       38414
       38493
       38538
       38570
       38604
       38653
       38709
       38742
       38829
       38892
       38975
       39006
       39093
       39179
       39198
       39240
       39278
       39348
       39414
       39416
       39506
       39515
       39604
       39637
       39686
       39768
       39839
       39869
       39949
       39970
       40020
       40086
       40117
       40134
       40233
       40316
       40356
       40438
       40440
       40526
       40531
       40626
       40684
       40771
       40840
       40901
       40953
       41015
       41063
       41135
       41234
       41254
       41296
       41348
       41445
       41538
       41605
       41694
       41756
       41837
       41857
       41867
       41901
       41932
       41933
       41995
       42030
       42042
       42106
       42202
       42222
       42262
       42285
       42311
       42380
       42429
       42479
       42576
       42638
       42677
       42681
       42755
       42771
       42787
       42797
       42831
       42866
       42946
       42976
       43010
       43045
       43052
       43091
       43107
       43127
       43154
       43174
       43202
       43229
       43296
       43304
       43327
       43356
       43437
       43453
       43523
       43591
       43630
       43657
       43688
       43744
       43797
       43862
       43901
       43989
       44030
       44041
       44122
       44160
       44218
       44299
       44324
       44340
       44375
       44444
       44463
       44470
       44515
       44544
       44609
       44637
       44731
       44800
       44879
       44899
       44946
       45045
       45084
       45153
       45181
       45187
       45191
       45196
       45250
       45311
       45368
       45402
       45411
       45450
       45456
       45497
       45530
       45603
       45681
       45713
       45769
       45857
       45950
       45956
       45981
       46063
       46121
       46174
       46188
       46234
       46264
       46290
       46343
       46376
       46450
       46465
       46496
       46509
       46598
       46695
       46727
       46806
       46845
       46940
       47015
       47110
       47177
       47201
       47291
       47292
       47342
       47380
       47453
       47490
       47557
       47595
       47646
       47702
       47743
       47794
       47893
       47986
       47998
       48043
       48106
       48182
       48206
       48207
       48294
       48365
       48372
       48470
       48480
       48480
       48492
       48587
       48661
       48666
       48676
       48676
       48715
       48782
       48815
       48818
       48832
       48836
       48893
       48985
       49034
       49073
       49118
       49209
       49292
       49341
       49362
       49461
       49526
       49602
       49686
       49736
       49811
       49823
       49890
       49909
       49996
       50004
       50011
       50050
       50051
       50064
       50157
       50236
       50277
       50283
       50297
       50330
       50365
       50403
       50425
       50466
       50488
       50500
       50523
       50541
       50585
       50608
       50619
       50714
       50782
       50858
       50955
       51043
       51071
       51120
       51161
       51232
       51277
       51362
       51376
       51443
       51522
       51546
       51639
       51718
       51728
       51731
       51819
       51861
       51959
       52029
       52121
       52128
       52132
       52208
       52244
       52246
       52314
       52389
       52429
       52476
       52559
       52584
       52586
       52654
       52729
       52789
       52838
       52918
       53015
       53020
       53024
       53090
       53107
       53199
       53277
       53317
       53322
       53409
       53452
       53497
       53563
       53589
       53589
       53662
       53760
       53773
       53836
       53874
       53944
       53976
       54063
       54086
       54112
       54151
       54199
       54208
       54262
       54307
       54332
       54367
       54397
       54451
       54541
       54591
       54689
       54758
       54769
       54818
       54856
       54858
       54906
       54987
       54996
       55080
       55116
       55144
       55156
       55205
       55271
       55358
       55384
       55457
       55477
       55553
       55626
       55626
       55663
       55706
       55750
       55815
       55825
       55855
       55903
       55943
       55979
       56018
       56048
       56061
       56136
       56191
       56234
       56252
       56257
       56268
       56339
       56382
       56414
       56493
       56511
       56541
       56548
       56579
       56658
       56752
       56802
       56849
       56935
       57005
       57031
       57086
       57124
       57208
       57301
       57367
       57442
       57442
       57537
       57565
       57655
       57726
       57818
       57903
       57978
       57986
       58068
       58100
       58152
       58167
       58180
       58201
       58239
       58260
       58277
       58309
       58338
       58423
       58495
       58532
       58591
       58611
       58627
       58690
       58743
       58776
       58808
       58831
       58867
       58939
       58964
       58997
       59041
       59094
       59101
       59196
       59264
       59286
       59310
       59390
       59424
       59500
       59505
       59600
       59629
       59725
       59781
       59799
       59863
       59893
       59947
       60013
       60105
       60131
       60216
       60217
       60302
       60322
       60385
       60466
       60531
       60572
       60593
       60601
       60681
       60737
       60762
       60861
       60929
       61021
       61101
       61101
       61190
       61236
       61317
       61347
       61381
       61465
       61497
       61567
       61622
       61650
       61679
       61768
       61827
       61829
       61873
       61876
       61915
       62001
       62006
       62021
       62043
       62072
       62123
       62128
       62195
       62238
       62323
       62420
       62471
       62509
       62583
       62677
       62751
       62820
       62854
       62944
       63017
       63051
       63072
       63108
       63155
       63199
       63295
       63371
       63426
       63434
       63502
       63578
       63582
       63650
       63742
       63841
       63875
       63956
       63986
       64067
       64160
       64182
       64182
       64182
       64240
       64321
       64342
       64360
       64450
       64455
       64480
       64569
       64600
       64668
       64722
       64727
       64751
       64807
       64839
       64924
       65021
       65100
       65158
       65169
       65247
       65327
       65423
       65518
       65565
       65640
       65719
       65730
       65806
       65844
       65905
       65915
       65971
       66057
       66119
       66133
       66146
       66229
       66271
       66343
       66345
       66387
       66441
       66463
       66502
       66586
       66628
       66685
       66706
       66718
       66790
       66873
       66916
       66947
       66959
       67046
       67096
       67173
       67254
       67331
       67396
       67482
       67513
       67580
       67632
       67678
       67756
       67792
       67832
       67841
       67841
       67881
       67936
       67990
       68050
       68081
       68144
       68168
       68255
       68312
       68393
       68415
       68506
       68511
       68587
       68645
       68735
       68773
       68834
       68843
       68932
       69030
       69122
       69128
       69176
       69208
       69239
       69304
       69377
       69448
       69471
       69472
       69528
       69620
       69691
       69728
       69743
       69756
       69797
       69875
       69901
       69941
       69983
       70006
       70071
       70123
       70128
       70220
       70306
       70378
       70419
       70429
       70511
       70576
       70649
       70725
       70811
       70910
       70948
       71028
       71086
       71150
       71193
       71238
       71262
       71276
       71311
       71343
       71427
       71444
       71477
       71524
       71544
       71587
       71615
       71645
       71707
       71750
       71801
       71895
       71900
       71957
       71991
       72057
       72098
       72160
       72165
       72213
       72250
       72283
       72333
       72339
       72357
       72381
       72452
       72529
       72539
       72554
       72645
       72739
       72817
       72864
       72919
       72984
       73048
       73091
       73169
       73213
       73245
       73260
       73350
       73372
       73434
       73501
       73582
       73582
       73649
       73661
       73713
       73718
       73767
       73835
       73932
       73949
       74039
       74104
       74185
       74274
       74356
       74383
       74480
       74554
       74567
       74596
       74660
       74683
       74776
       74830
       74924
       75010
       75024
       75050
       75068
       75145
       75239
       75309
       75383
       75437
       75451
       75519
       75543
       75607
       75624
       75715
       75753
       75761
       75791
       75884
       75936
       76020
       76096
       76178
       76231
       76258
       76306
       76317
       76405
       76405
       76446
       76452
       76540
       76591
       76676
       76713
       76735
       76759
       76817
       76831
       76920
       76988
       77018
       77099
       77139
       77179
       77233
       77298
       77330
       77345
       77424
       77440
       77494
       77590
       77625
       77695
       77701
       77706
       77715
       77717
       77727
       77814
       77863
       77958
       77959
       78052
       78052
       78072
       78140
       78171
       78261
       78324
       78386
       78426
       78524
       78605
       78644
       78710
       78798
       78816
       78894
       78911
       78914
       79008
       79057
       79115
       79200
       79264
       79341
       79352
       79428
       79491
       79506
       79595
       79607
       79657
       79709
       79716
       79810
       79893
       79904
       79905
       79943
       79959
       80021
       80051
       80140
       80239
       80275
       80328
       80366
       80439
       80451
       80471
       80511
       80538
       80605
       80630
       80712
       80737
       80762
       80779
       80840
       80875
       80972
       81059
       81101
       81171
       81205
       81284
       81351
       81447
       81531
       81579
       81583
       81618
       81625
       81671
       81733
       81740
       81837
       81861
       81928
       82003
       82031
       82073
       82088
       82187
       82208
       82241
       82270
       82295
       82384
       82479
       82544
       82561
       82638
       82668
       82688
       82774
       82859
       82872
       82961
       83050
       83068
       83132
       83144
       83188
       83250
       83347
       83406
       83427
       83440
       83467
       83517
       83581
       83652
       83652
       83694
       83753
       83755
       83789
       83799
       83827
       83836
       83931
       84022
       84053
       84102
       84122
       84179
       84195
       84218
       84281
       84300
       84300
       84399
       84426
       84483
       84577
       84587
       84659
       84688
       84735
       84795
       84882
       84916
       84943
       84953
       85047
       85096
       85137
       85220
       85243
       85314
       85374
       85456
       85542
       85609
       85638
       85656
       85728
       85811
       85812
       85880
       85960
       85969
       86059
       86064
       86146
       86161
       86203
       86253
       86328
       86369
       86373
       86435
       86443
       86524
       86587
       86663
       86670
       86761
       86810
       86810
       86877
       86928
       87016
       87100
       87157
       87217
       87280
       87326
       87379
       87433
       87449
       87463
       87540
       87583
       87593
       87653
       87692
       87715
       87719
       87803
       87809
       87889
       87958
       87968
       88047
       88101
       88122
       88203
       88207
       88276
       88360
       88384
       88438
       88504
       88540
       88590
       88687
       88710
       88752
       88762
       88824
       88904
       88906
       88988
       89083
       89114
       89130
       89210
       89291
       89329
       89337
       89345
       89437
       89495
       89527
       89572
       89670
       89756
       89852
       89891
       89966
       90002
       90061
       90077
       90098
       90115
       90171
       90227
       90246
       90298
       90306
       90363
       90446
       90510
       90545
       90634
       90656
       90698
       90797
       90889
       90911
       90936
       91002
       91006
       91010
       91086
       91143
       91224
       91282
       91328
       91364
       91394
       91415
       91497
       91508
       91602
       91692
       91768
       91797
       91820
       91858
       91930
       91974
       92027
       92076
       92134
       92192
       92273
       92330
       92407
       92440
       92487
       92569
       92622
       92688
       92718
       92728
       92781
       92794
       92874
       92881
       92924
       92998
       93067
       93093
       93122
       93161
       93231
       93287
       93386
       93395
       93442
       93522
       93526
       93577
       93590
       93666
       93745
       93827
       93901
       93973
       94035
       94129
       94134
       94156
       94172
       94204
       94295
       94362
       94419
       94450
       94451
       94483
       94548
       94619
       94649
       94692
       94712
       94740
       94804
       94894
       94949
       94959
       95000
       95050
       95128
       95128
       95150
       95207
       95212
       95301
       95355
       95357
       95443
       95454
       95544
       95632
       95731
       95738
       95833
       95868
       95938
       95989
       95996
       96060
       96117
       96194
       96209
       96272
       96368
       96418
       96482
       96487
       96556
       96574
       96661
       96727
       96736
       96759
       96783
       96798
       96860
       96936
       97002
       97037
       97049
       97109
       97188
       97276
       97307
       97354
       97439
       97452
       97488
       97558
       97627
       97696
       97752
       97844
       97923
       97938
       98036
       98044
       98115
       98118
       98140
       98149
       98231
       98235
       98276
       98324
       98357
       98426
       98434
       98465
       98480
       98494
       98587
       98593
       98596
       98607
       98630
       98727
       98811
       98872
       98960
       99040
       99114
       99200
       99228
       99315
       99345
       99355
       99410
       99428
       99508
       99558
       99653
       99666
       99755
       99827
       99861
       99913
       99958
      100034
      100058
      100136
      100232
      100252
      100315
      100385
      100447
      100533
      100574
      100670
      100696
      100707
      100760
      100789
      100799
      100875
      100920
      100945
      100980
      101039
      101046
      101080
      101167
      101175
      101263
      101355
      101361
      101431
      101469
      101470
      101538
      101572
      101658
      101673
      101738
      101748
      101765
      101849
      101858
      101957
      102020
      102067
      102144
      102149
      102246
      102285
      102320
      102400
      102428
      102465
      102521
      102524
      102555
      102596
      102598
      102638
      102642
      102702
      102779
      102809
      102889
      102934
      103030
      103082
      103150
      103173
      103228
      103230
      103313
      103399
      103476
      103488
      103501
      103575
      103608
      103611
      103689
      103763
      103766
      103801
      103852
      103898
      103958
      103971
      104052
      104062
      104133
      104174
      104240
      104261
      104267
      104269
      104339
      104355
      104383
      104449
      104544
      104565
      104610
      104627
      104638
      104647
      104744
      104801
      104830
      104855
      104935
      105021
      105086
      105146
      105161
      105197
      105278
      105287
      105345
      105401
      105485
      105521
      105521
      105543
      105587
      105681
      105755
      105843
      105929
      106000
      106033
      106036
      106050
      106065
      106146
      106243
      106282
      106301
      106354
      106434
      106476
      106493
      106588
      106661
      106756
      106809
      106841
      106869
      106873
      106885
      106936
      106956
      106970
      107046
      107134
      107165
      107168
      107229
      107260
      107359
      107379
      107444
      107460
      107543
      107600
      107638
      107728
      107811
      107845
      107924
      108023
      108093
      108173
      108209
      108297
      108323
      108351
      108428
      108507
      108572
      108613
      108636
      108679
      108684
      108733
      108800
      108852
      108879
      108948
      109019
      109023
      109052
      109109
      109174
      109250
      109338
      109374
      109396
      109475
      109530
      109606
      109689
      109787
      109860
      109879
      109923
      109991
      110037
      110051
      110075
      110128
      110185
      110266
      110277
      110337
      110344
      110423
      110498
      110579
      110623
      110624
      110669
      110671
      110711
      110800
      110865
      110940
      111005
      111030
      111095
      111116
      111118
      111204
      111258
      111318
      111362
      111397
      111469
      111490
      111550
      111648
      111719
      111788
      111860
      111862
      111935
      112015
      112025
      112119
      112123
      112143
      112205
      112260
      112340
      112401
      112469
      112500
      112539
      112637
      112733
      112826
      112837
      112849
      112916
      112937
      113027
      113092
      113129
      113147
      113184
      113219
      113227
      113297
      113317
      113383
      113418
      113429
      113453
      113504
      113538
      113581
      113623
      113649
      113663
      113701
      113796
      113823
      113903
      113937
      113985
      114022
      114096
      114152
      114216
      114227
      114249
      114311
      114373
      114457
      114510
      114531
      114589
      114665
      114698
      114741
      114821
      114901
      114954
      114983
      115042
      115046
      115144
      115190
      115289
      115330
      115397
      115459
      115517
      115589
      115604
      115697
      115699
      115752
      115822
      115863
      115928
      115998
      116039
      116095
      116152
      116223
      116294
      116343
      116343
      116415
      116509
      116552
      116564
      116565
      116619
      116647
      116689
      116706
      116797
      116803
      116850
      116913
      116967
      117001
      117004
      117017
      117114
      117213
      117297
      117326
      117415
      117441
      117494
      117536
      117552
      117600
      117623
      117711
      117780
      117783
      117836
      117843
      117905
      117919
      117984
      118024
      118040
      118104
      118178
      118187
      118241
      118305
      118352
      118420
      118479
      118501
      118547
      118577
      118669
      118730
      118737
      118742
      118787
      118837
      118879
      118899
      118917
      118959
      119036
      119108
      119142
      119235
      119324
      119358
      119451
      119505
      119587
      119643
      119734
      119765
      119797
      119817
      119916
      119987
      120050
      120053
      120132
      120164
      120203
      120298
      120313
      120343
      120418
      120490
      120502
      120534
      120535
      120622
      120711
      120809
      120907
      120957
      121000
      121045
      121103
      121122
      121177
      121249
      121275
      121342
      121371
      121465
      121469
      121546
      121617
      121666
      121670
      121692
      121787
      121827
      121853
      121918
      121949
      121995
      122075
      122123
      122147
      122235
      122329
      122381
      122428
      122518
      122550
      122627
      122642
      122689
      122765
      122793
      122817
      122868
      122938
      123025
      123059
      123116
      123214
      123240
      123248
      123262
      123333
      123382
      123462
      123551
      123628
      123682
      123773
      123775
      123823
      123922
      123929
      123963
      124038
      124102
      124134
      124215
      124256
      124325
      124336
      124394
      124394
      124425
      124437
      124519
      124526
      124533
      124596
      124679
      124746
      124769
      124793
      124809
      124828
      124919
      124939
      124996
      125058
      125089
      125187
      125243
      125251
      125345
      125443
      125506
      125523
      125538
      125590
      125636
      125649
      125708
      125778
      125850
      125931
      125933
      125993
      126009
      126058
      126111
      126119
      126176
      126185
      126243
      126312
      126324
      126336
      126401
      126452
      126536
      126600
      126665
      126722
      126735
      126743
      126776
      126828
      126880
      126882
      126936
      126943
      127009
      127064
      127128
      127198
      127258
      127325
      127388
      127440
      127453
      127534
      127627
      127675
      127675
      127720
      127803
      127880
      127961
      128026
      128063
      128085
      128115
      128119
      128202
      128213
      128281
      128356
      128427
      128457
      128539
      128564
      128631
      128660
      128686
      128734
      128750
      128787
      128802
      128845
      128869
      128915
      128992
      129083
      129138
      129190
      129281
      129290
      129330
      129377
      129409
      129445
      129506
      129542
      129565
      129600
      129610
      129683
      129744
      129797
      129878
      129928
      130020
      130082
      130122
      130124
      130162
      130252
      130272
      130284
      130300
      130301
      130340
      130429
      130436
      130456
      130485
      130497
      130536
      130543
      130641
      130674
      130709
      130711
      130714
      130722
      130789
      130832
      130854
      130923
      130968
      131051
      131140
      131206
      131256
      131344
      131437
      131512
      131532
      131601
      131671
      131686
      131686
      131772
      131846
      131903
      132001
      132043
      132065
      132164
      132212
      132241
      132329
      132416
      132509
      132538
      132621
      132636
      132700
      132789
      132849
      132916
      132989
      133066
      133157
      133235
      133282
      133310
      133376
      133410
      133485
      133568
      133651
      133718
      133817
      133879
      133922
      133982
      134032
      134130
      134212
      134220
      134236
      134335
      134379
      134401
      134408
      134451
      134499
      134564
      134568
      134646
      134680
      134701
      134730
      134731
      134811
      134865
      134870
      134908
      134944
      135038
      135087
      135182
      135262
      135345
      135392
      135434
      135528
      135577
      135651
      135683
      135688
      135774
      135839
      135902
      135989
      136022
      136061
      136141
      136220
      136287
      136378
      136391
      136435
      136526
      136612
      136670
      136686
      136784
      136848
      136867
      136966
      137030
      137081
      137159
      137244
      137331
      137413
      137448
      137527
      137567
      137587
      137677
      137744
      137761
      137787
      137796
      137807
      137889
      137911
      137933
      137993
      138047
      138098
      138158
      138179
      138240
      138294
      138349
      138426
      138460
      138545
      138634
      138650
      138671
      138760
      138788
      138884
      138945
      138972
      139056
      139096
      139149
      139216
      139314
      139379
      139474
      139499
      139514
      139590
      139650
      139714
      139792
      139801
      139874
      139940
      139977
      140051
      140112
      140211
      140264
      140346
      140386
      140482
      140530
      140560
      140643
      140737
      140776
      140805
      140820
      140888
      140930
      140941
      140960
      141023
      141058
      141123
      141187
      141222
      141289
      141385
      141422
      141458
      141537
      141543
      141619
      141674
      141709
      141731
      141755
      141792
      141869
      141908
      141943
      142032
      142069
      142128
      142166
      142172
      142261
      142344
      142373
      142425
      142430
      142513
      142539
      142566
      142655
      142661
      142720
      142743
      142743
      142799
      142814
      142849
      142880
      142883
      142913
      142995
      143051
      143109
      143142
      143219
      143230
      143240
      143250
      143310
      143339
      143428
      143451
      143521
      143586
      143600
      143664
      143716
      143747
      143808
      143906
      143984
      144075
      144156
      144220
      144263
      144278
      144354
      144398
      144490
      144507
      144603
      144655
      144676
      144682
      144760
      144811
      144856
      144945
      145005
      145019
      145052
      145115
      145120
      145161
      145217
      145293
      145347
      145386
      145430
      145517
      145613
      145675
      145699
      145726
      145795
      145848
      145900
      145976
      146044
      146048
      146099
      146134
      146175
      146239
      146245
      146288
      146319
      146346
      146380
      146452
      146461
      146486
      146581
      146652
      146679
      146741
      146802
      146838
      146851
      146895
      146912
      146938
      146963
      147041
      147132
      147202
      147255
      147341
      147372
      147393
      147462
      147495
      147573
      147654
      147735
      147757
      147836
      147838
      147881
      147930
      147931
      148026
      148055
      148128
      148177
      148191
      148214
      148271
      148304
      148369
      148452
      148506
      148596
      148628
      148700
      148709
      148764
      148774
      148848
      148924
      148958
      149045
      149140
      149223
      149270
      149287
      149291
      149372
      149393
      149399
      149409
      149508
      149565
      149633
      149731
      149736
      149811
      149885
      149908
      150002
      150008
      150073
      150124
      150154
      150249
      150294
      150332
      150354
      150447
      150481
      150536
      150563
      150585
      150665
      150749
      150753
      150813
      150824
      150839
      150863
      150892
      150981
      151059
      151064
      151076
      151164
      151236
      151277
      151285
      151291
      151353
      151421
      151423
      151464
      151491
      151560
      151572
      151608
      151682
      151734
      151826
      151829
      151830
      151862
      151869
      151918
      151965
      151998
      152082
      152173
      152191
      152283
      152345
      152442
      152504
      152541
      152595
      152689
      152714
      152796
      152804
      152876
      152915
      152950
      152994
      153040
      153082
      153169
      153229
      153274
      153345
      153383
      153432
      153472
      153493
      153541
      153552
      153581
      153658
      153678
      153745
      153764
      153768
      153781
      153829
      153859
      153875
      153953
      154051
      154118
      154160
      154208
      154239
      154282
      154350
      154418
      154482
      154525
      154566
      154570
      154623
      154682
      154688
      154706
      154729
      154749
      154793
      154883
      154955
      154994
      155018
      155070
      155136
      155216
      155290
      155292
      155344
      155404
      155423
      155511
      155577
      155579
      155585
      155605
      155649
      155699
      155784
      155847
      155882
      155969
      156044
      156123
      156161
      156195
      156268
      156278
      156298
      156321
      156400
      156420
      156464
      156489
      156529
      156542
      156597
      156633
      156678
      156713
      156784
      156829
      156868
      156880
      156963
      156983
      157064
      157142
      157180
      157216
      157288
      157290
      157333
      157358
      157442
      157485
      157495
      157512
      157593
      157689
      157743
      157747
      157751
      157771
      157860
      157952
      157977
      158067
      158088
      158184
      158210
      158248
      158298
      158380
      158474
      158485
      158539
      158554
      158572
      158586
      158683
      158706
      158758
      158827
      158837
      158920
      158971
      159022
      159100
      159119
      159166
      159201
      159236
      159301
      159382
      159437
      159522
      159550
      159591
      159620
      159637
      159702
      159778
      159826
      159901
      159916
      159937
      160027
      160089
      160187
      160235
      160282
      160294
      160382
      160426
      160428
      160463
      160513
      160559
      160651
      160723
      160810
      160819
      160870
      160957
      160992
      161083
      161093
      161100
      161138
      161152
      161249
      161275
      161351
      161361
      161421
      161468
      161558
      161571
      161658
      161718
      161810
      161906
      161974
      162016
      162101
      162161
      162178
      162268
      162327
      162407
      162506
      162527
      162551
      162556
      162650
      162720
      162747
      162799
      162817
      162847
      162929
      162948
      163015
      163075
      163137
      163149
      163161
      163201
      163225
      163291
      163369
      163452
      163523
      163593
      163636
      163692
      163790
      163847
      163864
      163919
      164007
      164020
      164116
      164199
      164225
      164247
      164294
      164379
      164472
      164485
      164552
      164552
      164586
      164653
      164735
      164827
      164843
      164901
      164919
      164968
      164982
      165045
      165075
      165136
      165195
      165201
      165295
      165321
      165346
      165416
      165457
      165524
      165599
      165663
      165679
      165711
      165793
      165876
      165908
      165943
      165949
      166008
      166091
      166171
      166259
      166342
      166357
      166384
      166477
      166485
      166573
      166578
      166638
      166650
      166686
      166739
      166798
      166843
      166897
      166950
      166988
      167043
      167077
      167148
      167166
      167179
      167216
      167247
      167292
      167360
      167446
      167447
      167539
      167578
      167645
      167695
      167702
      167793
      167819
      167897
      167951
      167969
      168065
      168149
      168185
      168282
      168342
      168395
      168402
      168438
      168532
      168596
      168685
      168737
      168781
      168794
      168830
      168857
      168918
      168943
      169036
      169078
      169101
      169155
      169216
      169306
      169327
      169395
      169488
      169494
      169549
      169613
      169703
      169744
      169783
      169812
      169871
      169912
      169951
      170001
      170047
      170096
      170142
      170221
      170285
      170306
      170360
      170435
      170448
      170469
      170540
      170613
      170654
      170662
      170682
      170776
      170806
      170868
      170939
      171030
      171121
      171163
      171204
      171229
      171316
      171378
      171436
      171493
      171529
      171556
      171569
      171626
      171677
      171677
      171725
      171815
      171870
      171897
      171981
      172019
      172034
      172064
      172112
      172166
      172175
      172265
      172317
      172398
      172421
      172501
      172594
      172609
      172651
      172677
      172742
      172764
      172844
      172937
      172945
      172976
      172979
      173009
      173056
      173065
      173161
      173194
      173230
      173326
      173344
      173380
      173387
      173472
      173518
      173550
      173561
      173619
      173689
      173732
      173786
      173857
      173894
      173928
      173952
      173972
      174023
      174100
      174156
      174204
      174294
      174332
      174371
      174449
      174521
      174588
      174656
      174665
      174755
      174812
      174901
      174984
      175044
      175109
      175147
      175153
      175216
      175314
      175365
      175376
      175416
      175513
      175572
      175655
      175745
      175777
      175827
      175906
      175959
      176018
      176042
      176100
      176100
      176113
      176118
      176160
      176160
      176227
      176306
      176309
      176377
      176434
      176458
      176487
      176501
      176518
      176558
      176628
      176644
      176690
      176710
      176808
      176870
      176875
      176919
      176930
      176962
      176974
      177003
      177083
      177177
      177190
      177266
      177350
      177402
      177465
      177514
      177587
      177587
      177616
      177634
      177668
      177766
      177794
      177794
      177893
      177924
      177996
      178082
      178173
      178180
      178202
      178273
      178368
      178422
      178501
      178593
      178595
      178663
      178677
      178727
      178748
      178770
      178781
      178794
      178890
      178936
      178969
      179050
      179062
      179072
      179160
      179239
      179253
      179285
      179376
      179381
      179414
      179461
      179464
      179504
      179523
      179527
      179567
      179662
      179761
      179823
      179868
      179877
      179924
      179949
      180018
      180029
      180079
      180146
      180159
      180213
      180220
      180220
      180226
      180240
      180325
      180379
      180428
      180465
      180523
      180568
      180624
      180631
      180663
      180722
      180791
      180822
      180908
      180964
      180975
      181029
      181054
      181056
      181125
      181148
      181207
      181217
      181242
      181293
      181328
      181337
      181429
      181447
      181479
      181548
      181577
      181642
      181662
      181675
      181719
      181772
      181800
      181870
      181917
      181954
      181973
      182021
      182106
      182201
      182292
      182313
      182321
      182392
      182419
      182440
      182484
      182543
      182613
      182691
      182709
      182716
      182761
      182795
      182881
      182891
      182897
      182902
      182916
      182929
      182948
      182989
      183028
      183040
      183050
      183086
      183087
      183106
      183117
      183167
      183197
      183289
      183292
      183330
      183333
      183373
      183392
      183448
      183532
      183575
      183578
      183656
      183676
      183683
      183697
      183729
      183820
      183866
      183903
      183909
      183912
      183925
      184020
      184035
      184036
      184041
      184137
      184214
      184231
      184271
      184369
      184406
      184472
      184556
      184636
      184649
      184704
      184761
      184837
      184890
      184919
      184924
      184945
      184968
      185016
      185023
      185073
      185165
      185208
      185304
      185312
      185386
      185422
      185469
      185507
      185561
      185570
      185661
      185668
      185725
      185819
      185876
      185925
      185989
      186049
      186057
      186132
      186201
      186218
      186304
      186314
      186405
      186441
      186538
      186564
      186589
      186641
      186703
      186764
      186828
      186857
      186902
      186984
      187072
      187086
      187146
      187192
      187197
      187273
      187280
      187304
      187374
      187446
      187481
      187537
      187566
      187595
      187667
      187764
      187851
      187881
      187957
      187973
      188025
      188117
      188212
      188230
      188291
      188296
      188385
      188469
      188554
      188573
      188650
      188653
      188735
      188802
      188869
      188952
      189034
      189070
      189143
      189192
      189256
      189316
      189350
      189431
      189494
      189555
      189596
      189663
      189715
      189757
      189783
      189859
      189950
      189979
      190075
      190112
      190127
      190149
      190245
      190333
      190335
      190341
      190431
      190511
      190522
      190562
      190604
      190694
      190787
      190797
      190809
      190887
      190930
      190948
      191033
      191050
      191066
      191066
      191159
      191171
      191239
      191282
      191323
      191399
      191477
      191497
      191585
      191670
      191685
      191772
      191789
      191858
      191947
      191995
      192039
      192077
      192130
      192213
      192236
      192271
      192285
      192342
      192405
      192501
      192528
      192547
      192554
      192590
      192681
      192774
      192786
      192794
      192822
      192859
      192946
      193009
      193040
      193101
      193180
      193213
      193305
      193385
      193463
      193475
      193572
      193623
      193717
      193807
      193809
      193835
      193923
      193924
      193944
      194043
      194067
      194131
      194194
      194272
      194282
      194380
      194427
      194435
      194503
      194589
      194653
      194687
      194734
      194800
      194883
      194910
      194982
      195072
      195097
      195145
      195176
      195268
      195324
      195398
      195491
      195590
      195608
      195620
      195635
      195646
      195662
      195744
      195832
      195836
      195859
      195917
      195949
      196003
      196064
      196142
      196154
      196194
      196218
      196272
      196308
      196356
      196406
      196419
      196512
      196554
      196611
      196665
      196757
      196827
      196841
      196935
      196993
      197048
      197127
      197160
      197255
      197344
      197359
      197377
      197399
      197493
      197576
      197633
      197646
      197660
      197755
      197826
      197873
      197885
      197982
      198079
      198172
      198189
      198244
      198264
      198358
      198373
      198374
      198452
      198502
      198526
      198546
      198582
      198638
      198661
      198712
      198722
      198794
      198884
      198895
      198951
      198959
      199048
      199091
      199134
      199226
      199257
      199282
      199323
      199338
      199347
      199381
      199427
      199441
      199518
      199610
      199665
      199721
      199751
      199844
      199850
      199886
      199910
      199936
      200011
      200047
      200113
      200140
      200210
      200287
      200378
      200402
      200446
      200506
      200541
      200560
      200612
      200645
      200710
      200756
      200834
      200838
      200913
      201000
      201083
      201139
      201235
      201306
      201337
      201385
      201388
      201479
      201523
      201594
      201668
      201720
      201721
      201773
      201785
      201816
      201818
      201820
      201871
      201967
      202043
      202081
      202082
      202133
      202133
      202146
      202183
      202235
      202300
      202303
      202401
      202471
      202532
      202536
      202549
      202618
      202716
      202807
      202815
      202846
      202927
      202968
      203021
      203080
      203138
      203234
      203263
      203273
      203301
      203397
      203449
      203524
      203605
      203685
      203762
      203798
      203874
      203940
      203957
      204011
      204082
      204093
      204192
      204195
      204241
      204278
      204361
      204399
      204427
      204433
      204457
      204535
      204611
      204694
      204747
      204788
      204846
      204856
      204892
      204957
      205016
      205080
      205164
      205177
      205225
      205235
      205301
      205380
      205388
      205430
      205477
      205517
      205520
      205568
      205645
      205719
      205752
      205803
      205832
      205846
      205857
      205931
      205932
      206025
      206121
      206150
      206160
      206183
      206213
      206307
      206402
      206487
      206510
      206602
      206607
      206687
      206693
      206760
      206844
      206844
      206925
      206969
      207048
      207124
      207171
      207206
      207300
      207361
      207460
      207521
      207559
      207607
      207649
      207681
      207709
      207771
      207781
      207802
      207824
      207894
      207899
      207981
      208023
      208072
      208126
      208170
      208207
      208219
      208249
      208265
      208363
      208406
      208494
      208565
      208649
      208702
      208791
      208855
      208949
      208985
      209004
      209036
      209051
      209134
      209211
      209247
      209344
      209410
      209421
      209465
      209546
      209573
      209664
      209666
      209686
      209748
      209816
      209854
      209892
      209985
      210063
      210103
      210129
      210151
      210184
      210226
      210321
      210358
      210378
      210385
      210388
      210471
      210546
      210559
      210636
      210727
      210753
      210818
      210882
      210938
      210966
      210972
      211029
      211048
      211070
      211098
      211136
      211213
      211278
      211280
      211329
      211376
      211387
      211443
      211488
      211509
      211532
      211596
      211653
      211718
      211806
      211882
      211965
      212049
      212128
      212192
      212201
      212261
      212318
      212350
      212381
      212447
      212539
      212566
      212653
      212737
      212746
      212837
      212922
      212928
      212968
      212968
      213017
      213023
      213069
      213137
      213232
      213311
      213369
      213449
      213543
      213592
      213656
      213671
      213764
      213830
      213856
      213928
      213929
      213953
      214048
      214118
      214191
      214252
      214297
      214312
      214334
      214351
      214373
      214408
      214421
      214484
      214533
      214572
      214606
      214665
      214734
      214804
      214866
      214959
      215032
      215036
      215069
      215082
      215149
      215229
      215283
      215324
      215377
      215418
      215451
      215455
      215467
      215513
      215533
      215600
      215636
      215700
      215792
      215877
      215906
      215935
      216033
      216101
      216189
      216205
      216211
      216298
      216339
      216425
      216445
      216492
      216525
      216593
      216656
      216681
      216730
      216807
      216905
      216961
      217037
      217083
      217152
      217214
      217272
      217344
      217441
      217453
      217467
      217521
      217603
      217644
      217709
      217782
      217816
      217894
      217894
      217974
      218067
      218079
      218093
      218127
      218178
      218252
      218277
      218317
      218361
      218404
      218462
      218505
      218562
      218638
      218715
      218724
      218809
      218888
      218938
      219020
      219069
      219085
      219096
      219135
      219214
      219273
      219340
      219341
      219360
      219408
      219499
      219544
      219637
      219652
      219729
      219777
      219851
      219934
      219950
      220040
      220094
      220097
      220152
      220216
      220252
      220339
      220354
      220359
      220366
      220443
      220457
      220538
      220570
      220596
      220641
      220707
      220761
      220856
      220864
      220895
      220987
      221079
      221083
      221180
      221187
      221259
      221357
      221423
      221445
      221509
      221515
      221611
      221682
      221731
      221788
      221812
      221873
      221912
      221950
      222034
      222056
      222144
      222205
      222246
      222250
      222307
      222375
      222473
      222488
      222566
      222596
      222635
      222679
      222703
      222738
      222824
      222861
      222941
      222976
      223024
      223123
      223130
      223212
      223289
      223318
      223356
      223436
      223463
      223548
      223616
      223696
      223770
      223823
      223879
      223965
      224014
      224036
      224036
      224116
      224123
      224140
      224162
      224223
      224316
      224372
      224402
      224458
      224484
      224575
      224613
      224674
      224722
      224805
      224830
      224849
      224948
      224957
      224990
      225052
      225054
      225123
      225169
      225250
      225309
      225360
      225429
      225436
      225496
      225524
      225594
      225597
      225638
      225684
      225700
      225751
      225766
      225790
      225796
      225893
      225945
      225952
      225980
      225993
      226068
      226143
      226229
      226265
      226338
      226360
      226365
      226369
      226437
      226462
      226524
      226617
      226684
