           1
          10
          27
         114
         143
         160
         184
         277
         291
         324
         405
         491
         561
         655
         743
         785
         850
         907
         913
        1001
        1047
        1134
        1193
        1237
        1289
        1322
        1357
        1371
        1429
        1471
        1536
        1589
        1663
        1718
        1718
        1737
        1833
        1891
        1912
        1916
        1945
        1982
        1987
        1993
        2088
        2156
        2251
        2314
        2404
        2444
        2533
        2594
        2662
        2714
        2789
        2797
        2803
        2857
        2873
        2948
        2998
        3045
        3106
        3111
        3130
        3206
        3261
        3320
        3413
        3473
        3520
        3606
        3632
        3643
        3717
        3797
        3819
        3850
        3850
        3872
        3889
        3945
        4029
        4128
        4181
        4245
        4304
        4332
        4426
        4486
        4510
        4566
        4663
        4664
        4694
        4767
        4833
        4843
        4868
        4917
        4924
        5018
        5090
        5173
        5229
        5258
        5279
        5289
        5341
        5416
        5418
        5475
        5554
        5560
        5628
        5633
        5662
        5698
        5704
        5717
        5739
        5799
        5860
        5938
        5950
        6005
        6011
        6097
        6126
        6126
        6195
        6227
        6319
        6354
        6388
        6432
        6512
        6595
        6693
        6713
        6768
        6860
        6954
        7031
        7048
        7058
        7067
        7166
        7231
        7247
        7251
        7278
        7317
        7415
        7486
        7516
        7528
        7531
        7594
        7634
        7638
        7638
        7695
        7787
        7854
        7884
        7966
        8024
        8027
        8049
        8095
        8186
        8279
        8344
        8349
        8414
        8507
        8546
        8564
        8581
        8662
        8745
        8772
        8781
        8855
        8934
        8996
        9043
        9082
        9179
        9184
        9192
        9227
        9273
        9305
        9403
        9488
        9587
        9623
        9670
        9688
        9697
        9754
        9825
        9915
        9983
        9988
        9999
       10035
       10035
       10067
       10093
       10111
       10198
       10281
       10366
       10457
       10532
       10621
       10664
       10702
       10745
       10796
       10802
       10874
       10927
       10966
       10999
       11094
       11155
       11211
       11243
       11342
       11375
       11441
       11508
       11593
       11688
       11723
       11753
       11833
       11878
       11955
       12038
       12058
       12092
       12094
       12174
       12197
       12238
       12333
       12430
       12435
       12466
       12539
       12596
       12613
       12689
       12750
       12767
       12853
       12947
       12997
       13078
       13126
       13140
       13140
       13161
       13228
       13237
       13306
       13378
       13454
       13499
       13522
       13612
       13666
       13763
       13855
       13918
       13935
       13946
       13997
       14061
       14151
       14153
       14179
       14235
       14284
       14306
       14366
       14422
       14494
       14498
       14570
       14641
       14659
       14692
       14769
       14860
       14894
       14942
       14983
       15041
       15052
       15083
       15108
       15172
       15225
       15268
       15293
       15320
       15320
       15354
       15424
       15446
       15465
       15466
       15504
       15571
       15657
       15662
       15722
       15811
       15872
       15945
       15954
       15987
       16068
       16080
       16159
       16245
       16315
       16394
       16486
       16584
       16671
       16692
       16733
       16766
       16836
       16839
       16874
       16880
       16933
       17024
       17079
       17119
       17130
       17190
       17224
       17234
       17295
       17354
       17391
       17401
       17497
       17516
       17561
       17639
       17725
       17818
       17833
       17856
       17944
       17988
       18053
       18064
       18128
       18205
       18259
       18357
       18391
       18408
       18452
       18458
       18467
       18499
       18529
       18579
       18677
       18745
       18820
       18880
       18946
       18968
       18971
       18981
       18989
       19050
       19106
       19131
       19203
       19285
       19312
       19375
       19384
       19467
       19566
       19648
       19705
       19756
       19795
       19817
       19860
       19933
       19940
       20027
       20119
       20150
       20208
       20224
       20254
       20260
       20290
       20316
       20365
       20435
       20506
       20592
       20688
       20727
       20787
       20832
       20921
       21005
       21104
       21156
       21187
       21225
       21294
       21378
       21440
       21480
       21579
       21613
       21624
       21675
       21756
       21799
       21836
       21897
       21921
       21936
       21955
       21998
       22007
       22069
       22160
       22195
       22231
       22243
       22277
       22353
       22442
       22513
       22516
       22574
       22618
       22711
       22733
       22807
       22900
       22948
       22953
       23050
       23063
       23121
       23132
       23229
       23325
       23379
       23391
       23435
       23437
       23526
       23618
       23691
       23752
       23839
       23908
       23969
       23976
       24022
       24022
       24062
       24087
       24102
       24113
       24200
       24242
       24269
       24310
       24404
       24414
       24468
       24480
       24481
       24580
       24582
       24643
       24675
       24764
       24837
       24857
       24941
       24960
       25042
       25112
       25192
       25232
       25302
       25362
       25371
       25420
       25512
       25537
       25616
       25702
       25772
       25790
       25883
       25899
       25901
       25924
       25927
       25954
       25961
       25970
       26000
       26044
       26057
       26154
       26155
       26204
       26286
       26329
       26351
       26445
       26456
       26504
       26518
       26522
       26542
       26603
       26672
       26724
       26774
       26853
       26864
       26927
       26994
       27063
       27162
       27226
       27252
       27338
       27384
       27460
       27520
       27588
       27654
       27669
       27743
       27816
       27868
       27961
       27980
       28049
       28131
       28214
       28313
       28385
       28436
       28444
       28519
       28544
       28614
       28635
       28665
       28757
       28783
       28793
       28831
       28906
       28976
       29052
       29120
       29186
       29278
       29377
       29412
       29457
       29543
       29566
       29593
       29680
       29752
       29816
       29873
       29944
       29964
       29973
       30063
       30158
       30226
       30253
       30308
       30397
       30424
       30462
       30475
       30517
       30527
       30527
       30616
       30616
       30623
       30688
       30705
       30752
       30834
       30909
       30944
       31029
       31106
       31177
       31230
       31264
       31295
       31349
       31380
       31447
       31484
       31510
       31524
       31543
       31640
       31716
       31797
       31894
       31912
       31957
       32025
       32061
       32097
       32125
       32191
       32219
       32294
       32325
       32400
       32404
       32489
       32522
       32545
       32640
       32675
       32683
       32744
       32780
       32810
       32889
       32957
       33008
       33092
       33146
       33149
       33176
       33249
       33311
       33334
       33390
       33450
       33502
       33524
       33534
       33602
       33693
       33737
       33811
       33868
       33872
       33911
       33914
       33923
       34018
       34075
       34123
       34199
       34296
       34309
       34403
       34454
       34460
       34498
       34561
       34597
       34648
       34685
       34773
       34779
       34855
       34876
       34880
       34964
       34985
       35054
       35145
       35169
       35192
       35262
       35319
       35374
       35417
       35482
       35537
       35635
       35638
       35673
       35747
       35843
       35918
       35931
       36027
       36064
       36125
       36138
       36162
       36173
       36224
       36226
       36235
       36269
       36325
       36419
       36467
       36546
       36549
       36567
       36644
       36730
       36739
       36822
       36849
       36853
       36932
       37021
       37084
       37129
       37190
       37279
       37365
       37404
       37423
       37486
       37572
       37637
       37670
       37713
       37773
       37796
       37864
       37889
       37970
       38061
       38091
       38098
       38144
       38149
       38183
       38267
       38274
       38336
       38395
       38431
       38507
       38571
       38611
       38648
       38743
       38812
       38827
       38904
       38940
       38943
       39040
       39054
       39139
       39141
       39225
       39285
       39320
       39412
       39474
       39525
       39589
       39650
       39699
       39711
       39756
       39793
       39871
       39883
       39974
       40035
       40074
       40082
       40096
       40106
       40121
       40125
       40174
       40269
       40368
       40368
       40450
       40496
       40539
       40636
       40678
       40729
       40749
       40828
       40861
       40881
       40919
       40974
       41069
       41155
       41219
       41316
       41412
       41443
       41486
       41569
       41641
       41663
       41722
       41770
       41784
       41847
       41915
       41968
       42009
       42021
       42105
       42115
       42192
       42224
       42246
       42253
       42264
       42285
       42361
       42415
       42456
       42460
       42502
       42556
       42634
       42707
       42727
       42805
       42813
       42868
       42921
       42935
       42999
       43002
       43043
       43135
       43184
       43262
       43311
       43403
       43415
       43496
       43525
       43582
       43676
       43714
       43779
       43810
       43901
       44000
       44014
       44109
       44150
       44231
       44308
       44373
       44463
       44506
       44518
       44531
       44609
       44641
       44738
       44793
       44801
       44870
       44933
       44957
       45034
       45097
       45194
       45230
       45235
       45293
       45330
       45394
       45492
       45547
       45600
       45685
       45720
       45729
       45784
       45878
       45889
       45952
       45995
       46076
       46094
       46164
       46186
       46248
       46269
       46318
       46363
       46385
       46392
       46401
       46484
       46562
       46640
       46664
       46675
       46682
       46747
       46769
       46790
       46878
       46924
       46933
       46938
       46940
       47031
       47113
       47148
       47229
       47328
       47357
       47389
       47426
       47473
       47524
       47550
       47594
       47600
       47640
       47706
       47792
       47861
       47861
       47922
       47941
       47972
       48022
       48055
       48128
       48190
       48227
       48274
       48306
       48354
       48400
       48476
       48509
       48588
       48667
       48727
       48767
       48806
       48833
       48840
       48914
       48936
       48955
       49016
       49069
       49072
       49082
       49170
       49184
       49199
       49291
       49351
       49357
       49416
       49444
       49542
       49623
       49695
       49710
       49805
       49850
       49937
       50028
       50071
       50127
       50185
       50229
       50312
       50350
       50419
       50514
       50568
       50660
       50730
       50804
       50806
       50883
       50951
       50955
       51001
       51061
       51088
       51112
       51121
       51202
       51244
       51322
       51396
       51479
       51538
       51617
       51674
       51713
       51781
       51785
       51789
       51805
       51848
       51903
       51948
       52005
       52084
       52090
       52091
       52115
       52136
       52217
       52251
       52348
       52437
       52454
       52475
       52557
       52630
       52648
       52719
       52816
       52853
       52950
       53043
       53085
       53154
       53158
       53239
       53287
       53311
       53370
       53402
       53445
       53501
       53575
       53591
       53678
       53734
       53776
       53806
       53824
       53846
       53865
       53894
       53970
       54053
       54131
       54140
       54176
       54222
       54294
       54376
       54437
       54474
       54540
       54553
       54592
       54607
       54659
       54676
       54753
       54848
       54865
       54925
       54981
       55027
       55074
       55151
       55219
       55227
       55283
       55381
       55404
       55468
       55511
       55547
       55633
       55726
       55762
       55785
       55794
       55795
       55894
       55956
       55991
       56071
       56166
       56172
       56244
       56271
       56280
       56323
       56378
       56435
       56471
       56567
       56604
       56663
       56677
       56696
       56776
       56829
       56891
       56921
       56927
       57007
       57029
       57096
       57145
       57239
       57260
       57359
       57447
       57513
       57563
       57580
       57626
       57669
       57763
       57777
       57801
       57840
       57924
       57997
       58010
       58027
       58086
       58143
       58146
       58202
       58224
       58238
       58336
       58376
       58419
       58463
       58470
       58484
       58552
       58651
       58696
       58775
       58862
       58866
       58919
       58979
       59066
       59097
       59154
       59194
       59234
       59302
       59368
       59458
       59461
       59534
       59560
       59584
       59640
       59691
       59710
       59780
       59794
       59823
       59861
       59915
       59997
       60058
       60078
       60138
       60166
       60237
       60271
       60284
       60305
       60319
       60417
       60420
       60438
       60532
       60580
       60590
       60595
       60691
       60749
       60846
       60896
       60952
       60989
       61061
       61158
       61159
       61181
       61207
       61290
       61369
       61453
       61490
       61583
       61677
       61728
       61751
       61812
       61849
       61918
       61920
       62002
       62051
       62125
       62146
       62191
       62288
       62363
       62462
       62499
       62533
       62615
       62667
       62711
       62762
       62802
       62876
       62901
       62945
       62976
       63003
       63030
       63112
       63191
       63194
       63251
       63316
       63399
       63457
       63473
       63475
       63510
       63561
       63611
       63611
       63665
       63720
       63809
       63864
       63913
       63989
       64008
       64009
       64058
       64133
       64212
       64268
       64339
       64432
       64444
       64467
       64511
       64540
       64592
       64650
       64712
       64731
       64777
       64833
       64857
       64947
       64976
       65038
       65133
       65175
       65218
       65220
       65294
       65373
       65384
       65402
       65434
       65495
       65563
       65581
       65639
       65680
       65727
       65796
       65805
       65838
       65862
       65927
       66015
       66035
       66082
       66151
       66205
       66281
       66378
       66456
       66529
       66568
       66656
       66685
       66768
       66866
       66943
       66980
       67024
       67039
       67118
       67156
       67229
       67250
       67293
       67322
       67418
       67456
       67504
       67575
       67631
       67634
       67719
       67756
       67817
       67907
       67931
       67997
       68092
       68127
       68154
       68174
       68175
       68246
       68288
       68368
       68404
       68464
       68468
       68497
       68507
       68528
       68569
       68625
       68647
       68662
       68687
       68785
       68804
       68836
       68864
       68931
       68934
       68975
       68986
       68996
       69045
       69102
       69136
       69178
       69224
       69296
       69393
       69436
       69443
       69489
       69557
       69573
       69635
       69699
       69743
       69756
       69802
       69842
       69895
       69978
       70046
       70094
       70098
       70193
       70222
       70296
       70305
       70367
       70452
       70479
       70563
       70659
       70722
       70786
       70804
       70875
       70922
       70927
       70952
       70957
       70998
       71093
       71093
       71138
       71143
       71204
       71287
       71355
       71407
       71438
       71490
       71512
       71554
       71590
       71601
       71657
       71724
       71784
       71827
       71878
       71904
       71971
       72003
       72046
       72065
       72077
       72100
       72177
       72251
       72265
       72291
       72339
       72347
       72352
       72355
       72404
       72438
       72495
       72543
       72620
       72625
       72682
       72702
       72790
       72830
       72844
       72891
       72917
       72925
       72947
       73018
       73104
       73168
       73236
       73262
       73275
       73366
       73423
       73441
       73471
       73562
       73608
       73628
       73670
       73704
       73770
       73783
       73832
       73853
       73866
       73923
       73927
       73931
       73958
       73988
       73990
       74070
       74113
       74129
       74185
       74201
       74264
       74276
       74370
       74437
       74489
       74520
       74577
       74676
       74705
       74792
       74807
       74829
       74847
       74853
       74951
       74992
       75064
       75140
       75185
       75187
       75243
       75279
       75291
       75294
       75351
       75393
       75406
       75447
       75451
       75545
       75582
       75610
       75681
       75681
       75728
       75801
       75875
       75957
       76002
       76051
       76104
       76198
       76253
       76264
       76332
       76417
       76477
       76485
       76494
       76514
       76538
       76618
       76707
       76753
       76833
       76855
       76948
       76978
       77070
       77120
       77139
       77139
       77183
       77269
       77278
       77315
       77351
       77361
       77384
       77442
       77455
       77478
       77494
       77514
       77583
       77630
       77654
       77751
       77785
       77847
       77860
       77862
       77958
       77969
       78052
       78133
       78151
       78214
       78225
       78322
       78397
       78403
       78416
       78463
       78559
       78642
       78714
       78751
       78815
       78838
       78865
       78929
       78980
       78999
       79079
       79145
       79171
       79224
       79310
       79341
       79422
       79447
       79464
       79493
       79542
       79556
       79561
       79631
       79683
       79696
       79744
       79778
       79782
       79866
       79961
       80059
       80113
       80187
       80220
       80268
       80334
       80348
       80421
       80466
       80548
       80607
       80680
       80765
       80798
       80804
       80896
       80993
       81030
       81054
       81151
       81174
       81242
       81247
       81276
       81338
       81363
       81437
       81472
       81547
       81627
       81672
       81715
       81748
       81830
       81832
       81832
       81873
       81919
       81957
       82020
       82048
       82138
       82228
       82247
       82316
       82384
       82406
       82459
       82535
       82560
       82659
       82704
       82791
       82806
       82828
       82876
       82957
       83035
       83104
       83118
       83175
       83240
       83250
       83275
       83360
       83394
       83401
       83402
       83452
       83541
       83595
       83651
       83706
       83775
       83817
       83869
       83953
       83954
       83967
       84009
       84083
       84091
       84103
       84130
       84213
       84273
       84315
       84340
       84435
       84478
       84499
       84549
       84575
       84632
       84636
       84636
       84731
       84786
       84844
       84882
       84966
       85015
       85028
       85059
       85156
       85211
       85278
       85352
       85392
       85408
       85448
       85496
       85554
       85598
       85677
       85712
       85782
       85835
       85872
       85917
       85962
       86004
       86101
       86103
       86133
       86231
       86279
       86338
       86363
       86460
       86520
       86570
       86571
       86577
       86586
       86602
       86611
       86706
       86789
       86885
       86896
       86958
       87050
       87111
       87120
       87159
       87234
       87279
       87283
       87283
       87367
       87406
       87431
       87492
       87532
       87619
       87714
       87780
       87850
       87856
       87902
       87962
       87984
       88019
       88084
       88175
       88264
       88306
       88372
       88413
       88433
       88492
       88494
       88543
       88574
       88611
       88617
       88642
       88700
       88774
       88846
       88873
       88950
       89042
       89051
       89088
       89147
       89196
       89258
       89282
       89364
       89459
       89488
       89530
       89576
       89576
       89666
       89716
       89809
       89829
       89897
       89980
       90057
       90130
       90186
       90192
       90235
       90318
       90355
       90411
       90440
       90497
       90574
       90576
       90580
       90620
       90634
       90718
       90767
       90789
       90864
       90953
       90985
       91075
       91127
       91182
       91195
       91206
       91276
       91315
       91343
       91404
       91416
       91448
       91448
       91468
       91553
       91603
       91689
       91729
       91761
       91767
       91855
       91899
       91917
       91976
       92004
       92053
       92102
       92113
       92159
       92247
       92288
       92349
       92402
       92478
       92498
       92550
       92568
       92667
       92687
       92700
       92701
       92750
       92794
       92862
       92923
       93011
       93075
       93161
       93193
       93213
       93282
       93285
       93311
       93334
       93338
       93358
       93396
       93436
       93489
       93571
       93606
       93689
       93784
       93802
       93819
       93884
       93935
       94029
       94083
       94137
       94147
       94172
       94238
       94238
       94298
       94309
       94405
       94412
       94441
       94536
       94586
       94646
       94695
       94761
       94779
       94867
       94945
       94951
       95033
       95066
       95140
       95147
       95207
       95296
       95329
       95428
       95433
       95525
       95609
       95706
       95727
       95758
       95780
       95842
       95853
       95866
       95887
       95979
       96063
       96106
       96183
       96251
       96262
       96359
       96403
       96411
       96462
       96481
       96555
       96640
       96704
       96791
       96823
       96834
       96895
       96905
       96997
       97023
       97060
       97111
       97132
       97199
       97215
       97272
       97327
       97336
       97382
       97457
       97516
       97529
       97559
       97608
       97704
       97760
       97841
       97884
       97954
       97974
       98050
       98069
       98122
       98175
       98196
       98246
       98315
       98388
       98388
       98476
       98558
       98622
       98656
       98693
       98734
       98734
       98798
       98803
       98900
       98915
       99014
       99069
       99083
       99105
       99171
       99202
       99214
       99236
       99282
       99334
       99394
       99489
       99526
