          79
         169
         220
         305
         325
         357
         433
         463
         546
         615
         667
         706
         725
         808
         860
         909
         975
         997
        1069
        1160
        1163
        1254
        1272
        1277
        1322
        1393
        1439
        1536
        1618
        1702
        1724
        1789
        1816
        1824
        1877
        1914
        1992
        2004
        2051
        2082
        2142
        2153
        2221
        2298
        2322
        2388
        2411
        2492
        2538
        2591
        2621
        2663
        2687
        2734
        2791
        2822
        2909
        3001
        3082
        3170
        3190
        3280
        3334
        3421
        3456
        3518
        3552
        3565
        3640
        3646
        3724
        3776
        3804
        3883
        3916
        3976
        4049
        4092
        4191
        4255
        4336
        4424
        4495
        4502
        4529
        4613
        4629
        4720
        4732
        4737
        4811
        4900
        4987
        5025
        5123
        5165
        5202
        5207
        5222
        5252
        5268
        5322
        5400
        5490
        5555
        5648
        5721
        5759
        5822
        5854
        5906
        5913
        5939
        6011
        6056
        6113
        6119
        6209
        6215
        6292
        6372
        6411
        6492
        6551
        6635
        6700
        6798
        6859
        6868
        6868
        6965
        7046
        7143
        7216
        7234
        7254
        7254
        7316
        7401
        7412
        7476
        7530
        7628
        7673
        7754
        7819
        7859
        7880
        7961
        8054
        8064
        8087
        8161
        8229
        8230
        8230
        8233
        8262
        8356
        8447
        8496
        8593
        8626
        8630
        8698
        8783
        8803
        8807
        8890
        8930
        8939
        8963
        8983
        9059
        9089
        9148
        9157
        9163
        9164
        9198
        9217
        9265
        9364
        9460
        9466
        9546
        9591
        9605
        9640
        9652
        9705
        9746
        9779
        9870
        9937
        9979
        9993
       10079
       10126
       10213
       10263
       10307
       10354
       10375
       10424
       10506
       10549
       10574
       10596
       10604
       10629
       10663
       10741
       10840
       10920
       10921
       10933
       10999
       11076
       11120
       11193
       11263
       11323
       11388
       11478
       11488
       11535
       11608
       11668
       11743
       11781
       11832
       11888
       11897
       11959
       12027
       12106
       12130
       12218
       12283
       12310
       12395
       12433
       12483
       12499
       12559
       12645
       12678
       12709
       12733
       12790
       12862
       12910
       13008
       13060
       13116
       13206
       13289
       13387
       13483
       13516
       13569
       13625
       13633
       13722
       13784
       13882
       13978
       14011
       14067
       14088
       14110
       14161
       14258
       14335
       14431
       14446
       14507
       14604
       14617
       14643
       14705
       14733
       14739
       14775
       14798
       14870
       14959
       14968
       15015
       15055
       15058
       15072
       15137
       15202
       15260
       15330
       15340
       15424
       15454
       15547
       15612
       15667
       15757
       15790
       15838
       15846
       15909
       15951
       16035
       16073
       16160
       16217
       16256
       16300
       16352
       16394
       16411
       16442
       16525
       16613
       16697
       16737
       16817
       16868
       16933
       16950
       16964
       16989
       17005
       17009
       17095
       17189
       17195
       17254
       17263
       17315
       17359
       17414
       17457
       17511
       17603
       17632
       17652
       17705
       17769
       17828
       17893
       17914
       17941
       17973
       18070
       18110
       18121
       18163
       18203
       18297
       18355
       18416
       18513
       18516
       18567
       18592
       18642
       18694
       18727
       18826
       18904
       18981
       19018
       19042
       19066
       19100
       19136
       19219
       19264
       19306
       19319
       19400
       19405
       19502
       19545
       19627
       19724
       19747
       19785
       19849
       19919
       19932
       20029
       20117
       20195
       20290
       20343
       20411
       20424
       20521
       20620
       20673
       20765
       20822
       20880
       20955
       20967
       20982
       21025
       21035
       21061
       21105
       21108
       21201
       21249
       21310
       21310
       21359
       21454
       21487
       21575
       21586
       21628
       21636
       21735
       21803
       21849
       21874
       21958
       22026
       22083
       22116
       22164
       22218
       22219
       22242
       22304
       22315
       22386
       22457
       22477
       22509
       22595
       22597
       22641
       22716
       22732
       22809
       22908
       22982
       22997
       23048
       23053
       23087
       23172
       23233
       23312
       23404
       23491
       23517
       23555
       23632
       23721
       23820
       23859
       23929
       23956
       23965
       24060
       24136
       24155
       24241
       24269
       24269
       24363
       24460
       24551
       24641
       24731
       24817
       24906
       24947
       24963
       24965
       25001
       25098
       25136
       25184
       25236
       25256
       25313
       25408
       25503
       25577
       25631
       25648
       25680
       25744
       25779
       25791
       25833
       25841
       25843
       25844
       25859
       25866
       25949
       26020
       26086
       26158
       26208
       26268
       26285
       26316
       26402
       26472
       26548
       26644
       26653
       26677
       26768
       26834
       26903
       26995
       27059
       27128
       27139
       27149
       27179
       27197
       27207
       27294
       27388
       27451
       27472
       27503
       27523
       27581
       27590
       27621
       27648
       27666
       27689
       27715
       27769
       27852
       27915
       27977
       28052
       28125
       28187
       28234
       28273
       28340
       28431
       28442
       28532
       28566
       28621
       28665
       28693
       28788
       28813
       28836
       28897
       28978
       28981
       29075
       29131
       29189
       29266
       29342
       29420
       29487
       29544
       29588
       29653
       29669
       29744
       29763
       29792
       29800
       29843
       29936
       29996
       30094
       30139
       30172
       30173
       30233
       30297
       30386
       30417
       30477
       30576
       30603
       30624
       30628
       30721
       30768
       30790
       30791
       30879
       30941
       31027
       31086
       31120
       31180
       31250
       31279
       31312
       31399
       31418
       31434
       31511
       31529
       31541
       31580
       31657
       31723
       31737
       31836
       31884
       31981
       31988
       32028
       32098
       32103
       32168
       32236
       32299
       32310
       32328
       32409
       32500
       32592
       32596
       32605
       32638
       32651
       32683
       32697
       32745
       32827
       32867
       32935
       33020
       33043
       33095
       33190
       33227
       33273
       33370
       33462
       33521
       33599
       33617
       33662
       33692
       33692
       33777
       33827
       33896
       33941
       33973
       34040
       34131
       34139
       34184
       34228
       34271
       34334
       34401
       34433
       34437
       34522
       34599
       34635
       34711
       34805
       34896
       34916
       35013
       35050
       35075
       35119
       35195
       35260
       35353
       35411
       35432
       35514
       35525
       35564
       35650
       35736
       35825
       35914
       35933
       35981
       36008
       36039
       36079
       36120
       36148
       36237
       36265
       36298
       36334
       36413
       36511
       36551
       36605
       36629
       36641
       36680
       36728
       36816
       36818
       36870
       36953
       37015
       37015
       37020
       37048
       37119
       37156
       37164
       37174
       37272
       37362
       37409
       37482
       37543
       37604
       37672
       37750
       37794
       37797
       37839
       37908
       38006
       38041
       38140
       38166
       38234
       38315
       38404
       38474
       38546
       38570
       38576
       38583
       38675
       38731
       38806
       38808
       38879
       38963
       38996
       39076
       39092
       39188
       39267
       39303
       39312
       39390
       39443
       39490
       39557
       39623
       39707
       39758
       39826
       39881
       39902
       39969
       40058
       40067
       40151
       40191
       40219
       40302
       40321
       40333
       40373
       40464
       40471
       40533
       40546
       40577
       40654
       40723
       40792
       40843
       40937
       40986
       41076
       41091
       41148
       41245
       41248
       41287
       41290
       41353
       41444
       41471
       41481
       41483
       41496
       41549
       41630
       41639
       41688
       41705
       41766
       41826
       41845
       41923
       41970
       41985
       42046
       42087
       42180
       42243
       42294
       42337
       42351
       42407
       42443
       42531
       42593
       42605
       42613
       42631
       42701
       42745
       42750
       42825
       42863
       42938
       42943
       43002
       43071
       43104
       43190
       43218
       43268
       43336
       43341
       43394
       43412
       43458
       43521
       43559
       43569
       43612
       43701
       43738
       43768
       43794
       43841
       43885
       43978
       44010
       44064
       44139
       44176
       44272
       44369
       44445
       44472
       44566
       44615
       44700
       44721
       44815
       44899
       44949
       45023
       45120
       45172
       45239
       45336
       45377
       45382
       45399
       45432
       45450
       45494
       45558
       45634
       45642
       45648
       45724
       45732
       45734
       45763
       45784
       45816
       45850
       45881
       45929
       46016
       46107
       46197
       46245
       46319
       46345
       46362
       46461
       46521
       46548
       46592
       46626
       46675
       46765
       46803
       46836
       46935
       47027
       47080
       47100
       47133
       47162
       47179
       47193
       47258
       47269
       47274
       47332
       47376
       47389
       47407
       47480
       47488
       47581
       47659
       47668
       47676
       47711
       47736
       47801
       47865
       47879
       47928
       48010
       48046
       48072
       48108
       48168
       48262
       48339
       48385
       48406
       48480
       48529
       48564
       48628
       48716
       48804
       48882
       48950
       48955
       48985
       49049
       49077
       49156
       49178
       49183
       49208
       49300
       49335
       49395
       49442
       49499
       49580
       49602
       49668
       49749
       49767
       49844
       49880
       49889
       49937
       49943
       49964
       49977
       50068
       50131
       50141
       50187
       50248
       50330
       50380
       50453
       50544
       50614
       50694
       50695
       50704
       50778
       50850
       50863
       50956
       51025
       51034
       51049
       51049
       51078
       51126
       51215
       51303
       51402
       51485
       51499
       51581
       51652
       51700
       51795
       51831
       51865
       51920
       51968
       52000
       52066
       52078
       52120
       52165
       52206
       52275
       52363
       52447
       52467
       52517
       52581
       52624
       52710
       52756
       52789
       52809
       52888
       52917
       52981
       52998
       53093
       53123
       53146
       53187
       53211
       53303
       53379
       53431
       53452
       53545
       53551
       53572
       53648
       53691
       53735
       53822
       53889
       53949
       54025
       54100
       54185
       54275
       54354
       54419
       54507
       54537
       54601
       54679
       54747
       54840
       54886
       54893
       54929
       54934
       55029
       55030
       55093
       55113
       55212
       55265
       55283
       55349
       55352
       55408
       55451
       55452
       55531
       55563
       55565
       55625
       55675
       55738
       55762
       55785
       55799
       55878
       55967
       56041
       56121
       56185
       56265
       56281
       56357
       56377
       56413
       56477
       56525
       56591
       56667
       56749
       56824
       56909
       56971
       57011
       57106
       57128
       57179
       57244
       57331
       57351
       57385
       57439
       57503
       57543
       57546
       57595
       57632
       57648
       57700
       57772
       57772
       57833
       57858
       57863
       57938
       58023
       58105
       58120
       58138
       58237
       58302
       58354
       58410
       58498
       58507
       58572
       58579
       58604
       58610
       58668
       58695
       58759
       58857
       58857
       58925
       58995
       59041
       59116
       59148
       59184
       59261
       59303
       59360
       59451
       59455
       59518
       59552
       59599
       59673
       59720
       59778
       59832
       59907
       60003
       60041
       60119
       60141
       60224
       60258
       60280
       60338
       60356
       60390
       60435
       60510
       60517
       60590
       60655
       60717
       60727
       60786
       60859
       60899
       60993
       61045
       61087
       61157
       61254
       61259
       61315
       61385
       61405
       61424
       61461
       61521
       61524
       61548
       61598
       61649
       61659
       61688
       61781
       61876
       61887
       61983
       62002
       62014
       62046
       62052
       62134
       62190
       62229
       62266
       62343
       62393
       62465
       62557
       62598
       62598
       62614
       62630
       62646
       62665
       62675
       62681
       62739
       62834
       62892
       62921
       63014
       63053
       63073
       63113
       63144
       63209
       63251
       63283
       63373
       63387
       63465
       63520
       63584
       63635
       63702
       63774
       63818
       63889
       63919
       63987
       64078
       64128
       64190
       64242
       64300
       64357
       64432
       64438
       64457
       64478
       64484
       64511
       64519
       64596
       64615
       64670
       64753
       64834
       64886
       64921
       64929
       64967
       65043
       65122
       65166
       65246
       65250
       65319
       65327
       65396
       65441
       65483
       65544
       65627
       65637
       65719
       65814
       65875
       65920
       66003
       66047
       66076
       66156
       66198
       66244
       66278
       66360
       66452
       66525
       66624
       66650
       66663
       66705
       66733
       66769
       66819
       66912
       67007
       67087
       67134
       67164
       67199
       67280
       67373
       67375
       67390
       67441
       67498
       67589
       67633
       67712
       67810
       67854
       67927
       67941
       67966
       68044
       68133
       68231
       68303
       68338
       68416
       68477
       68568
       68624
       68655
       68703
       68718
       68783
       68856
       68888
       68901
       68937
       68938
       68956
       69027
       69095
       69125
       69182
       69217
       69225
       69281
       69285
       69311
       69338
       69350
       69367
       69442
       69535
       69560
       69588
       69612
       69700
       69792
       69833
       69851
       69910
       69946
       70003
       70079
       70166
       70181
       70263
       70270
       70279
       70347
       70389
       70482
       70484
       70514
       70605
       70647
       70725
       70803
       70891
       70963
       71017
       71092
       71124
       71137
       71195
       71244
       71270
       71305
       71384
       71407
       71499
       71557
       71643
       71720
       71781
       71826
       71913
       71916
       71952
       71963
       71965
       71974
       72021
       72058
       72073
       72124
       72205
       72293
       72375
       72471
       72471
       72550
       72590
       72676
       72721
       72791
       72860
       72875
       72945
       72956
       73047
       73088
       73167
       73238
       73322
       73404
       73434
       73437
       73520
       73568
       73614
       73678
       73756
       73854
       73896
       73990
       74057
       74127
       74169
       74259
       74273
       74273
       74367
       74452
       74549
       74620
       74666
       74666
       74669
       74741
       74784
       74849
       74863
       74959
       74976
       75061
       75135
       75147
       75170
       75187
       75236
       75240
       75316
       75396
       75491
       75505
       75552
       75606
       75642
       75688
       75690
       75747
       75790
       75806
       75859
       75925
       75934
       75940
       76010
       76084
       76133
       76155
       76247
       76286
       76314
       76399
       76454
       76541
       76605
       76621
       76695
       76778
       76841
       76847
       76883
       76885
       76966
       77024
       77120
       77213
       77225
       77298
       77379
       77475
       77548
       77635
       77694
       77718
       77730
       77819
       77878
       77972
       78038
       78042
       78079
       78080
       78162
       78249
       78310
       78377
       78414
       78441
       78509
       78547
       78579
       78673
       78770
       78818
       78829
       78889
       78969
       79042
       79138
       79158
       79223
       79318
       79382
       79471
       79539
       79553
       79559
       79633
       79633
       79715
       79729
       79791
       79821
       79914
       79983
       80017
       80027
       80095
       80176
       80234
       80241
       80265
       80361
       80368
       80413
       80503
       80602
       80618
       80704
       80735
       80773
       80773
       80839
       80872
       80911
       80978
       81027
       81096
       81159
       81193
       81277
       81298
       81395
       81407
       81488
       81587
       81656
       81739
       81776
       81785
       81792
       81848
       81904
       81964
       81968
       82015
       82065
       82068
       82123
       82217
       82236
       82289
       82351
       82380
       82384
       82421
       82489
       82517
       82573
       82663
       82691
       82734
       82792
       82846
       82886
       82919
       82965
       83004
       83045
       83117
       83156
       83236
       83304
       83349
       83411
       83466
       83503
       83527
       83608
       83608
       83693
       83777
       83840
       83899
       83987
       84045
       84136
       84164
       84188
       84231
       84280
       84326
       84419
       84489
       84521
       84528
       84604
       84627
       84645
       84699
       84749
       84795
       84875
       84944
       84978
       84979
       85040
       85115
       85122
       85194
       85273
       85340
       85397
       85495
       85593
       85678
       85699
       85717
       85808
       85851
       85919
       86006
       86048
       86090
       86189
       86229
       86328
       86392
       86415
       86441
       86525
       86570
       86658
       86692
       86786
       86825
       86851
       86902
       86919
       86937
       86999
       87097
       87142
       87172
       87263
       87269
       87364
       87392
       87488
       87518
       87575
       87606
       87685
       87757
       87842
       87846
       87847
       87889
       87889
       87916
       87927
       87955
       88049
       88136
       88163
       88179
       88209
       88246
       88337
       88406
       88464
       88526
       88615
       88707
       88801
       88820
       88918
       89014
       89032
       89067
       89139
       89206
       89249
       89320
       89351
       89371
       89466
       89523
       89604
       89694
       89791
       89819
       89885
       89937
       89975
       89990
       90055
       90056
       90078
       90079
       90129
       90225
       90270
       90283
       90307
       90316
       90350
       90361
       90394
       90439
       90490
       90587
       90613
       90711
       90778
       90866
       90882
       90954
       90956
       90967
       91015
       91106
       91133
       91215
       91307
       91399
       91487
       91568
       91598
       91639
       91672
       91712
       91779
       91864
       91866
       91909
       91986
       92056
       92057
       92091
       92118
       92204
       92215
       92308
       92394
       92434
       92443
       92537
       92538
       92571
       92638
       92690
       92743
       92761
       92813
       92883
       92903
       92910
       92977
       92987
       93049
       93115
       93157
       93168
       93236
       93300
       93302
       93375
       93384
       93399
       93413
       93444
       93534
       93550
       93629
       93669
       93680
       93695
       93746
       93787
       93804
       93863
       93886
       93887
       93912
       93970
       94035
       94039
       94074
       94111
       94208
       94306
       94342
       94438
       94440
       94504
       94577
       94656
       94677
       94768
       94781
       94845
       94846
       94873
       94914
       94953
       95013
       95043
       95118
       95133
       95220
       95300
       95319
       95366
       95378
       95404
       95450
       95499
       95577
       95645
       95659
       95732
       95757
       95776
       95819
       95843
       95936
       95992
       96081
       96087
       96121
       96202
       96214
       96271
       96296
       96364
       96394
       96462
       96507
       96600
       96621
       96662
       96672
       96737
       96811
       96841
       96917
       97000
       97024
       97068
       97086
       97162
       97236
       97272
       97294
       97347
       97368
       97383
       97463
       97463
       97486
       97488
       97499
       97557
       97606
       97698
       97791
       97848
       97903
       97910
       97950
       97962
       97983
       98010
       98070
       98169
       98174
       98193
       98204
       98228
       98256
       98287
       98335
       98394
       98416
       98443
       98466
       98558
       98634
       98661
       98721
       98747
       98815
       98896
       98943
       99025
       99094
       99158
       99219
       99302
       99346
       99436
       99491
       99585
       99666
       99699
       99704
       99732
       99809
       99817
       99904
       99947
      100004
      100102
      100104
      100184
      100257
      100325
      100381
      100407
      100502
      100547
      100621
      100653
      100691
      100747
      100842
      100848
      100880
      100954
      101013
      101104
      101129
      101203
      101294
      101324
      101413
      101425
      101487
      101549
      101552
      101616
      101671
      101751
      101808
      101865
      101878
      101966
      101978
      101991
      102079
      102099
      102181
      102216
      102273
      102345
      102391
      102391
      102414
      102422
      102481
      102508
      102558
      102570
      102589
      102633
      102701
      102744
      102787
      102879
      102938
      103035
      103097
      103185
      103208
      103295
      103299
      103373
      103430
      103475
      103567
      103608
      103659
      103679
      103744
      103746
      103788
      103843
      103892
      103950
      104019
      104023
      104061
      104152
      104182
      104235
      104317
      104413
      104415
      104446
      104493
      104573
      104617
      104667
      104688
      104785
      104836
      104913
      104964
      105050
      105082
      105147
      105246
      105247
      105299
      105393
      105406
      105475
      105535
      105588
      105663
      105694
      105699
      105796
      105828
      105845
      105877
      105948
      105985
      106035
      106057
      106080
      106154
      106164
      106201
      106261
      106322
      106372
      106380
      106468
      106532
      106575
      106580
      106635
      106706
      106741
      106821
      106849
      106859
      106943
      107005
      107077
      107171
      107213
      107286
      107331
      107370
      107457
      107459
      107552
      107597
      107654
      107707
      107756
      107794
      107863
      107938
      107962
      108056
      108151
      108246
      108247
      108298
      108324
      108358
      108445
      108495
      108584
      108676
      108770
      108806
      108862
      108923
      108940
      109012
      109082
      109098
      109130
      109130
      109145
      109183
      109211
      109279
      109290
      109368
      109381
      109398
      109415
      109498
      109505
      109562
      109597
      109599
      109627
      109656
      109685
      109756
      109855
      109897
      109955
      110000
      110086
      110106
      110124
      110147
      110236
      110305
      110395
      110443
      110451
      110540
      110586
      110638
      110734
      110811
      110879
      110944
      110987
      111027
      111120
      111182
      111239
      111328
      111344
      111425
      111500
      111564
      111601
      111642
      111656
      111733
      111787
      111823
      111878
      111913
      111917
      111988
      112034
      112103
      112135
      112196
      112230
      112252
      112286
      112324
      112382
      112410
      112507
      112568
      112627
      112670
      112752
      112761
      112825
      112856
      112900
      112929
      113028
      113062
      113063
      113069
      113167
      113192
      113192
      113278
      113288
      113302
      113351
      113431
      113493
      113530
      113629
      113709
      113747
      113801
      113834
      113909
      113982
      114004
      114084
      114175
      114202
      114209
      114248
      114329
      114424
      114447
      114534
      114544
      114570
      114616
      114698
      114710
      114727
      114823
      114920
      115009
      115028
      115041
      115080
      115164
      115220
      115301
      115353
      115378
      115426
      115507
      115550
      115578
      115658
      115691
      115698
      115766
      115857
      115876
      115952
      115974
      115990
      116006
      116030
      116093
      116109
      116170
      116265
      116316
      116397
      116463
      116476
      116517
      116547
      116630
      116703
      116730
      116730
      116797
      116841
      116864
      116904
      116912
      117001
      117017
      117056
      117065
      117124
      117174
      117259
      117267
      117326
      117409
      117433
      117482
      117525
      117540
      117635
      117675
      117688
      117742
      117787
      117820
      117912
      117927
      117999
      118073
      118109
      118152
      118160
      118168
      118264
      118360
      118397
      118483
      118582
      118631
      118636
      118657
      118695
      118727
      118756
      118801
      118860
      118958
      119001
      119004
      119051
      119085
      119093
      119107
      119124
      119220
      119245
      119293
      119391
      119462
      119552
      119568
      119619
      119708
      119740
      119822
      119879
      119885
      119918
      119987
      120011
      120098
      120107
      120121
      120201
      120230
      120303
      120311
      120332
      120383
      120469
      120560
      120618
      120713
      120770
      120817
      120863
      120945
      121009
      121075
      121096
      121133
      121177
      121217
      121302
      121324
      121397
      121411
      121466
      121530
      121623
      121646
      121728
      121770
      121866
      121885
      121890
      121959
      122027
      122027
      122071
      122170
      122239
      122254
      122301
      122324
      122422
      122424
      122519
      122553
      122618
      122692
      122739
      122812
      122823
      122834
      122839
      122854
      122906
      122936
      123013
      123080
      123169
      123229
      123274
      123340
      123376
      123394
      123457
      123534
      123568
      123640
      123686
      123741
      123773
      123797
      123807
      123807
      123901
      123950
      124032
      124088
      124166
      124213
      124300
      124329
      124365
      124389
      124452
      124498
      124511
      124605
      124618
      124684
      124733
      124803
      124805
      124807
      124854
      124950
      125033
      125106
      125158
      125245
      125254
      125335
      125373
      125469
      125523
      125570
      125615
      125677
      125741
      125771
      125781
      125850
      125850
      125926
      125995
      126024
      126093
      126190
      126200
      126207
      126276
      126344
      126430
      126440
      126475
      126509
      126595
      126681
      126737
      126823
      126849
      126930
      126974
      127014
      127026
      127027
      127113
      127163
      127197
      127218
      127222
      127229
      127283
      127330
      127358
      127426
      127464
      127470
      127554
      127611
      127638
      127695
      127792
      127837
      127916
      127957
      127964
      127999
      128097
      128178
      128238
      128330
      128425
      128433
      128531
      128590
      128602
      128603
      128618
      128679
      128707
      128728
      128739
      128785
      128788
      128840
      128848
      128923
      129013
      129042
      129122
      129208
      129209
      129236
      129303
      129389
      129425
      129462
      129519
      129576
      129607
      129668
      129764
      129800
      129810
      129897
      129988
      130034
      130114
      130164
      130176
      130179
      130184
      130273
      130334
      130342
      130416
      130497
      130518
      130521
      130600
      130683
      130761
      130772
      130783
      130784
      130827
      130916
      130917
      130967
      130997
      131010
      131057
      131156
      131216
      131217
      131258
      131316
      131374
      131427
      131448
      131521
      131533
      131584
      131648
      131702
      131776
      131849
      131869
      131953
      131967
      132016
      132034
      132053
      132066
      132079
      132104
      132133
      132163
      132258
      132267
      132277
      132351
      132425
      132472
      132497
      132584
      132651
      132679
      132691
      132755
      132820
      132844
      132940
      132990
      133026
      133033
      133119
      133172
      133204
      133287
      133331
      133418
      133514
      133516
      133577
      133637
      133655
      133745
      133793
      133849
      133867
      133889
      133934
      133938
      134034
      134114
      134134
      134232
      134313
      134388
      134431
      134515
      134589
      134649
      134744
      134748
      134832
      134868
      134930
      134954
      135010
      135020
      135059
      135127
      135172
      135181
      135232
      135318
      135413
      135493
      135560
      135645
      135679
      135757
      135817
      135876
      135898
      135933
      135952
      136044
      136070
      136110
      136181
      136256
      136351
      136405
      136454
      136528
      136595
      136622
      136641
      136691
      136732
      136790
      136833
      136921
      136946
      136975
      137037
      137094
      137187
      137205
      137242
      137243
      137322
      137393
      137486
      137554
      137566
      137651
      137689
      137712
      137733
      137819
      137861
      137897
      137929
      137957
      138013
      138069
      138073
      138088
      138179
      138268
      138287
      138382
      138461
      138512
      138568
      138603
      138642
      138657
      138679
      138770
      138788
      138869
      138968
      138974
      138974
      139071
      139150
      139157
      139167
      139180
      139233
      139280
      139364
      139423
      139472
      139476
      139524
      139550
      139630
      139678
      139745
      139831
      139902
      139977
      140046
      140054
      140094
      140139
      140178
      140234
      140317
      140325
      140380
      140440
      140499
      140519
      140531
      140546
      140592
      140689
      140764
      140858
      140896
      140991
      141084
      141170
      141179
      141198
      141276
      141293
      141307
      141334
      141359
      141415
      141491
      141548
      141575
      141625
      141709
      141748
      141796
      141893
      141988
      142079
      142090
      142118
      142170
      142268
      142313
      142345
      142357
      142380
      142462
      142501
      142530
      142604
      142683
      142701
      142760
      142822
      142836
      142864
      142872
      142877
      142921
      142957
      142975
      143048
      143135
      143147
      143157
      143203
      143266
      143301
      143343
      143357
      143453
      143483
      143537
      143602
      143609
      143653
      143674
      143772
      143854
      143919
      143927
      143978
      143997
      144089
      144147
      144171
      144197
      144208
      144215
      144304
      144322
      144330
      144407
      144438
      144536
      144551
      144635
      144728
      144736
      144740
      144764
      144861
      144951
      144979
      145057
      145074
      145172
      145182
      145198
      145216
      145274
      145316
      145395
      145416
      145503
      145538
      145556
      145617
      145661
      145705
      145742
      145762
      145841
      145904
      145911
      145992
      146025
      146060
      146062
      146134
      146207
      146231
      146246
      146297
      146313
      146392
      146406
      146422
      146494
      146573
      146639
      146722
      146815
      146869
      146946
      147030
      147038
      147047
      147127
      147130
      147160
      147172
      147213
      147290
      147298
      147343
      147413
      147448
      147461
      147463
      147552
      147648
      147688
      147771
      147867
      147909
      147977
      148054
      148075
      148153
      148205
      148237
      148304
      148326
      148396
      148398
      148434
      148530
      148574
      148612
      148672
      148720
      148782
      148859
      148882
      148946
      149041
      149094
      149103
      149172
      149197
      149221
      149315
      149379
      149421
      149479
      149532
      149585
      149645
      149742
      149774
      149851
      149882
      149915
      150010
      150039
      150130
      150155
      150185
      150211
      150291
      150388
      150460
      150533
      150595
      150636
      150722
      150767
      150768
      150805
      150869
      150940
      150977
      151009
      151093
      151118
      151135
      151156
      151196
      151207
      151207
      151252
      151253
      151275
      151341
      151382
      151417
      151513
      151603
      151629
      151654
      151746
      151768
      151789
      151887
      151958
      152045
      152106
      152117
      152178
      152200
      152244
      152290
      152320
      152324
      152399
      152446
      152472
      152518
      152521
      152586
      152612
      152673
      152693
      152748
      152810
      152900
      152925
      153018
      153034
      153103
      153169
      153179
      153255
      153351
      153428
      153521
      153530
      153601
      153666
      153741
      153742
      153794
      153863
      153899
      153926
      154008
      154034
      154105
      154105
      154125
      154188
      154213
      154240
      154312
      154399
      154425
      154463
      154545
      154560
      154641
      154724
      154767
      154860
      154957
      154974
      154991
      154994
      154998
      155084
      155129
      155198
      155244
      155254
      155331
      155430
      155461
      155556
      155633
      155655
      155744
      155796
      155812
      155874
      155953
      155992
      155994
      156026
      156085
      156181
      156210
      156214
      156230
      156323
      156390
      156427
      156441
      156536
      156583
      156595
      156607
      156683
      156705
      156758
      156800
      156819
      156876
      156886
      156926
      156938
      156994
      157050
      157118
      157155
      157238
      157266
      157295
      157346
      157423
      157507
      157580
      157615
      157702
      157786
      157829
      157881
      157908
      157942
      157948
      157954
      158022
      158073
      158098
      158145
      158187
      158252
      158323
      158394
      158449
      158449
      158495
      158521
      158550
      158607
      158660
      158739
      158744
      158833
      158877
      158968
      159057
      159106
      159146
      159202
      159274
      159355
      159368
      159410
      159449
      159487
      159586
      159629
      159689
      159769
      159802
      159858
      159866
      159886
      159972
      159995
      160040
      160138
      160201
      160208
      160245
      160270
      160325
      160337
      160402
      160405
      160425
      160509
      160570
      160577
      160649
      160672
      160722
      160813
      160813
      160893
      160910
      161001
      161023
      161039
      161056
      161109
      161169
      161267
      161287
      161320
      161412
      161413
      161499
      161587
      161606
      161703
      161758
      161849
      161899
      161918
      161980
      162054
      162056
      162096
      162165
      162170
      162176
      162237
      162241
      162324
      162405
      162502
      162571
      162663
      162669
      162763
      162786
      162826
      162899
      162961
      163050
      163124
      163149
      163223
      163293
      163377
      163417
      163427
      163481
      163537
      163581
      163606
      163654
      163705
      163709
      163738
      163748
      163768
      163844
      163924
      163961
      164014
      164076
      164124
      164205
      164274
      164308
      164385
      164443
      164459
      164526
      164596
      164652
      164682
      164764
      164770
      164829
      164906
      164978
      164995
      165019
      165030
      165073
      165122
      165198
      165250
      165329
      165395
      165436
      165509
      165601
      165637
      165638
      165718
      165754
      165791
      165793
      165839
      165938
      165951
      165970
      166035
      166114
      166152
      166210
      166290
      166302
      166390
      166434
      166491
      166587
      166616
      166642
      166708
      166725
      166802
      166814
      166903
      167000
      167066
      167157
      167179
      167242
      167267
      167286
      167295
      167299
      167305
      167381
      167420
      167465
      167481
      167526
      167593
      167685
      167773
      167834
      167885
      167958
      168014
      168091
      168143
      168162
      168174
      168186
      168267
      168286
      168334
      168364
      168375
      168463
      168498
      168502
      168524
      168615
      168700
      168722
      168734
      168816
      168843
      168873
      168895
      168992
      169044
      169141
      169197
      169229
      169231
      169300
      169360
      169380
      169403
      169430
      169501
      169583
      169632
      169639
      169642
      169732
      169792
      169878
      169904
      169988
      170084
      170110
      170120
      170175
      170269
      170324
      170344
      170394
      170466
      170483
      170556
      170558
      170653
      170747
      170845
      170933
      170959
      171044
      171101
      171156
      171162
      171178
      171274
      171286
      171356
      171396
      171472
      171492
      171587
      171589
      171669
      171724
      171763
      171815
      171913
      171990
      172014
      172093
      172095
      172180
      172186
      172233
      172311
      172313
      172371
      172396
      172427
      172475
      172476
      172509
      172599
      172624
      172627
      172652
      172711
      172768
      172840
      172921
      172971
      173017
      173024
      173052
      173106
      173168
      173247
      173254
      173295
      173321
      173417
      173463
      173475
      173551
      173638
      173673
      173682
      173767
      173866
      173868
      173871
      173951
      174008
      174040
      174075
      174129
      174207
      174272
      174302
      174337
      174418
      174507
      174549
      174592
      174671
      174729
      174775
      174797
      174839
      174891
      174975
      175019
      175096
      175153
      175197
      175226
      175276
      175375
      175410
      175502
      175519
      175525
      175623
      175689
      175754
      175832
      175910
      175919
      175980
      176076
      176135
      176228
      176238
      176331
      176397
      176432
      176527
      176577
      176618
      176652
      176725
      176778
      176803
      176875
      176951
      176974
      177065
      177088
      177132
      177132
      177187
      177239
      177291
      177333
      177379
      177429
      177473
      177547
      177581
      177598
      177691
      177693
      177777
      177876
      177916
      178010
      178060
      178063
      178105
      178176
      178244
      178272
      178306
      178395
      178434
      178442
      178517
      178570
      178644
      178676
      178678
      178768
      178845
      178930
      178949
      179008
      179077
      179165
      179254
      179280
      179302
      179314
      179324
      179358
      179451
      179541
      179631
      179689
      179701
      179750
      179788
      179800
      179810
      179816
      179855
      179859
      179929
      179959
      179973
      179996
      180025
      180075
      180116
      180165
      180234
      180293
      180321
      180370
      180445
      180461
      180550
      180617
      180672
      180766
      180865
      180964
      180988
      181003
      181077
      181152
      181171
      181249
      181261
      181329
      181406
      181501
      181514
      181550
      181553
      181588
      181662
      181723
      181778
      181817
      181829
      181905
      181940
      182033
      182066
      182145
      182176
      182270
      182310
      182317
      182371
      182381
      182424
      182523
      182551
      182609
      182681
      182777
      182847
      182896
      182959
      182983
      183019
      183052
      183113
      183173
      183218
      183272
      183353
      183384
      183392
      183413
      183419
      183490
      183518
      183540
      183625
      183707
      183721
      183764
      183822
      183871
      183942
      184010
      184041
      184130
      184135
      184169
      184234
      184280
      184354
      184425
      184490
      184549
      184564
      184617
      184619
      184698
      184699
      184751
      184807
      184896
      184915
      184935
      184967
      185009
      185094
      185180
      185267
      185278
      185278
      185329
      185337
      185424
      185440
      185464
      185496
      185513
      185583
      185614
      185706
      185758
      185833
      185892
      185988
      186048
      186099
      186196
      186262
      186332
      186381
      186383
      186390
      186430
      186499
      186552
      186591
      186644
      186677
      186682
      186709
      186779
      186822
      186856
      186857
      186874
      186883
      186903
      186977
      187049
      187064
      187151
      187190
      187287
      187307
      187319
      187348
      187387
      187481
      187537
      187629
      187651
      187719
      187719
      187724
      187755
      187841
      187859
      187929
      187982
      188008
      188077
      188159
      188254
      188353
      188441
      188507
      188536
      188594
      188612
      188659
      188692
      188777
      188845
      188925
      188929
      188936
      189006
      189078
      189159
      189179
      189225
      189230
      189266
      189357
      189452
      189547
      189591
      189602
      189626
      189670
      189689
      189716
      189796
      189801
      189883
      189950
      189961
      190035
      190095
      190098
      190133
      190143
      190173
      190199
      190279
      190290
      190364
      190398
      190444
      190493
      190529
      190618
      190678
      190690
      190783
      190844
      190882
      190949
      190997
      191067
      191093
      191121
      191135
      191203
      191271
      191292
      191364
      191401
      191435
      191498
      191553
      191598
      191682
      191770
      191776
      191795
      191826
      191924
      191966
      191977
      191983
      192018
      192035
      192102
      192163
      192179
      192203
      192219
      192285
      192338
      192434
      192501
      192521
      192575
      192668
      192674
      192729
      192767
      192810
      192892
      192975
      192982
      192985
      193070
      193083
      193180
      193201
      193269
      193310
      193397
      193434
      193505
      193532
      193593
      193637
      193661
      193692
      193771
      193846
      193944
      193977
      194058
      194111
      194204
      194249
      194278
      194311
      194399
      194448
      194527
      194559
      194649
      194728
      194815
      194894
      194934
      195009
      195079
      195085
      195176
      195206
      195280
      195332
      195379
      195467
      195506
      195585
      195660
      195675
      195715
      195748
      195808
      195884
      195951
      196024
      196092
      196179
      196230
      196269
      196337
      196432
      196476
      196482
      196552
      196645
      196671
      196757
      196855
      196863
      196909
      196967
      197001
      197039
      197127
      197140
      197174
      197226
      197265
      197334
      197361
      197424
      197523
      197559
      197587
      197673
      197704
      197750
      197846
      197926
      198019
      198068
      198147
      198206
      198222
      198242
      198279
      198337
      198391
      198490
      198496
      198515
      198578
      198646
      198657
      198725
      198735
      198817
      198884
      198968
      198977
      199012
      199083
      199153
      199251
      199306
      199364
      199461
      199490
      199529
      199585
      199614
      199694
      199738
      199798
      199869
      199882
      199897
      199926
      199998
      200071
      200164
      200203
      200243
      200246
      200341
      200398
      200492
      200542
      200633
      200637
      200670
      200684
      200711
      200758
      200790
      200834
      200927
      200974
      201009
      201032
      201072
      201138
      201144
      201215
      201266
      201354
      201424
      201484
      201555
      201556
      201587
      201620
      201685
      201736
      201739
      201829
      201829
      201895
      201904
      201911
      201917
      201968
      202001
      202093
      202130
      202182
      202211
      202232
      202329
      202427
      202450
      202451
      202483
      202544
      202575
      202599
      202599
      202630
      202726
      202810
      202828
      202924
      202941
      203008
      203091
      203168
      203228
      203252
      203254
      203296
      203382
      203462
      203475
      203549
      203557
      203582
      203654
      203679
      203735
      203784
      203800
      203818
      203848
      203876
      203970
      203987
      204022
      204092
      204117
      204136
      204159
      204187
      204284
      204285
      204356
      204408
      204414
      204500
      204506
      204547
      204598
      204693
      204737
      204824
      204848
      204873
      204924
      204953
      205029
      205090
      205120
      205196
      205267
      205340
      205432
      205516
      205523
      205536
      205633
      205708
      205708
      205732
      205810
      205903
      205966
      205980
      206027
      206028
      206070
      206091
      206096
      206165
      206236
      206301
      206399
      206466
      206514
      206545
      206619
      206714
      206740
      206758
      206758
      206767
      206814
      206863
      206936
      206971
      207041
      207063
      207105
      207183
      207281
      207335
      207434
      207444
      207489
      207559
      207591
      207657
      207743
      207743
      207793
      207844
      207903
      207957
      207983
      207986
      208049
      208102
      208155
      208250
      208309
      208337
      208400
      208460
      208539
      208612
      208649
      208704
      208769
      208806
      208833
      208864
      208924
      209003
      209065
      209144
      209208
      209225
      209310
      209365
      209380
      209384
      209457
      209552
      209645
      209741
      209744
      209839
      209842
      209897
      209928
      209928
      209930
      209994
      210040
      210087
      210106
      210145
      210196
      210251
      210328
      210349
      210395
      210420
      210479
      210530
      210600
      210642
      210678
      210730
      210814
      210849
      210853
      210874
      210947
      210994
      211078
      211102
      211178
      211184
      211275
      211367
      211426
      211434
      211512
      211523
      211608
      211643
      211688
      211754
      211760
      211788
      211834
      211917
      211941
      211987
      212070
      212142
      212196
      212224
      212322
      212343
      212426
      212468
      212553
      212579
      212634
      212713
      212781
      212856
      212864
      212892
      212986
      213025
      213099
      213099
      213196
      213250
      213279
      213283
      213368
      213445
      213530
      213577
      213625
      213687
      213765
      213799
      213852
      213947
      214007
      214052
      214068
      214080
      214147
      214186
      214238
      214243
      214280
      214336
      214388
      214462
      214528
      214582
      214675
      214710
      214716
      214728
      214794
      214849
      214911
      214989
      215057
      215059
      215124
      215221
      215314
      215389
      215390
      215473
      215498
      215579
      215678
      215687
      215707
      215713
      215724
      215750
      215780
      215872
      215937
      215979
      216064
      216110
      216200
      216293
      216382
      216389
      216404
      216430
      216469
      216526
      216561
      216572
      216604
      216668
      216668
      216671
      216699
      216774
      216788
      216834
      216885
      216978
      217006
      217023
      217076
      217078
      217087
      217119
      217199
      217285
      217306
      217318
      217376
      217380
      217450
      217452
      217471
      217501
      217560
      217600
      217692
      217766
      217798
      217830
      217837
      217924
      218015
      218026
      218062
      218069
      218085
      218119
      218140
      218213
      218239
      218243
      218303
      218363
      218384
      218443
      218478
      218504
      218558
      218654
      218668
      218753
      218820
      218879
      218889
      218889
      218903
      218915
      218993
      219087
      219174
      219230
      219309
      219357
      219409
      219455
      219461
      219531
      219613
      219705
      219791
      219876
      219955
      220031
      220123
      220163
      220242
      220335
      220410
      220478
      220560
      220640
      220679
      220709
      220716
      220729
      220775
      220804
      220856
      220895
      220914
      220937
      221023
      221045
      221100
      221163
      221229
      221322
      221406
      221505
      221600
      221633
      221654
      221665
      221672
      221721
      221747
      221846
      221903
      221947
      222007
      222025
      222059
      222158
      222219
      222314
      222363
      222378
      222475
      222534
      222569
      222617
      222645
      222685
      222726
      222736
      222783
      222802
      222808
      222850
      222923
      222923
      222989
      222999
      223079
      223139
      223174
      223261
      223280
      223291
      223338
      223388
      223391
      223394
      223467
      223497
      223511
      223571
      223589
      223645
      223740
      223799
      223831
      223842
      223873
      223926
      223983
      224041
      224088
      224137
      224143
      224200
      224268
      224310
      224334
      224392
      224431
      224439
      224532
      224547
      224615
      224659
      224665
      224734
      224738
      224800
      224895
      224944
      225015
      225094
      225120
      225192
      225273
      225285
      225290
      225327
      225350
      225359
      225444
      225531
      225618
      225694
      225712
      225737
      225817
      225899
      225992
      226035
      226041
      226126
      226192
      226230
      226298
      226325
      226367
      226415
      226429
      226504
      226531
      226577
      226580
      226661
      226752
      226756
      226769
      226784
      226854
      226876
      226936
      226986
      227057
      227082
      227143
      227154
      227231
      227276
      227328
      227409
      227499
      227541
      227564
      227583
      227631
      227709
      227799
      227863
      227893
      227992
      228055
      228109
      228115
      228129
      228223
      228263
      228272
      228319
      228342
      228434
      228477
      228546
      228568
      228664
      228722
      228785
      228859
      228863
      228915
      228937
      229017
      229077
      229082
      229167
      229220
      229252
      229257
      229278
      229289
      229324
      229410
      229456
      229552
      229595
      229691
      229718
      229770
      229840
      229891
      229953
      229974
      230006
      230080
      230123
      230146
      230148
      230159
      230188
      230230
      230310
      230409
      230497
      230540
      230575
      230630
      230689
      230723
      230743
      230796
      230869
      230916
      231013
      231093
      231152
      231155
      231159
      231243
      231253
      231263
      231319
      231351
      231372
      231411
      231456
      231555
      231648
      231699
      231787
      231858
      231930
      231970
      231997
      232065
      232090
      232184
      232278
      232365
      232460
      232525
      232535
      232578
      232670
      232715
      232771
      232825
      232849
      232853
      232873
      232936
      233007
      233106
      233148
      233165
      233187
      233188
      233219
      233242
      233242
      233245
      233331
      233407
      233430
      233472
      233482
      233534
      233554
      233651
      233709
      233800
      233817
      233833
      233869
      233904
      233942
      233973
      234050
      234131
      234208
      234288
      234355
      234377
      234409
      234475
      234494
      234499
      234513
      234609
      234634
      234644
      234657
      234734
      234798
      234879
      234952
      235023
      235024
      235053
      235096
      235145
      235241
      235291
      235386
      235432
      235470
      235528
      235569
      235657
      235662
      235713
      235802
      235901
      235933
      235974
      235980
      236055
      236151
      236160
      236195
      236241
      236287
      236332
      236365
      236401
      236429
      236514
      236592
      236644
      236661
      236705
      236739
      236794
      236844
      236898
      236904
      236995
      237046
      237072
      237113
      237200
      237249
      237271
      237307
      237331
      237386
      237452
      237511
      237564
      237592
      237636
      237667
      237736
      237787
      237857
      237928
      237982
      237984
      238053
      238064
      238110
      238185
      238189
      238288
      238307
      238347
      238366
      238431
      238458
      238471
      238471
      238503
      238578
      238613
      238628
      238628
      238697
      238726
      238816
      238894
      238937
      239010
      239086
      239124
      239132
      239181
      239253
      239283
      239305
      239373
      239427
      239523
      239582
      239589
      239668
      239752
      239753
      239798
      239878
      239954
      239973
      240022
      240107
      240129
      240186
      240239
      240311
      240391
      240472
      240563
      240617
      240715
      240805
      240854
      240947
      240947
      240952
      240973
      241063
      241071
      241092
      241094
      241112
      241120
      241195
      241211
      241248
      241294
      241311
      241338
      241433
      241468
      241525
      241565
      241618
      241668
      241668
      241746
      241771
      241824
      241902
      241931
      241962
      241967
      242057
      242057
      242147
      242161
      242194
      242204
      242292
      242314
      242389
      242480
      242487
      242547
      242584
      242594
      242632
      242660
      242746
      242775
      242792
      242881
      242969
      242986
      242998
      243094
      243124
      243144
      243227
      243301
      243358
      243417
      243516
      243531
      243610
      243700
      243733
      243776
      243835
      243881
      243950
      244013
      244093
      244164
      244216
      244295
      244367
      244402
      244485
      244581
      244672
      244703
      244723
      244732
      244829
      244855
      244871
      244921
      244971
      245056
      245135
      245146
      245154
      245157
      245251
      245332
      245405
      245467
      245469
      245545
      245644
      245646
      245720
      245794
      245833
      245924
      245966
      246035
      246106
      246137
      246188
      246262
      246307
      246346
      246348
      246447
      246515
      246542
      246618
      246634
      246668
      246696
      246782
      246836
      246838
      246901
      246918
      246963
      247004
      247051
      247127
      247161
      247239
      247312
      247315
      247365
      247367
      247408
      247457
      247537
      247601
      247604
      247637
      247670
      247747
      247775
      247779
      247850
      247888
      247890
      247977
      248026
      248092
      248166
      248213
      248301
      248322
      248358
      248404
      248473
      248564
      248608
      248655
      248725
      248757
      248850
      248906
      248979
      249067
      249147
      249172
      249245
      249324
      249355
      249392
      249427
      249494
      249590
      249634
      249683
      249712
      249731
      249829
      249845
      249866
      249941
      249991
      250042
      250074
      250127
      250211
      250255
      250339
      250357
      250420
      250502
      250600
      250661
      250712
      250756
      250823
      250879
      250916
      250924
      250976
      250996
      251069
      251132
      251179
      251239
      251264
      251295
      251378
      251448
      251450
      251479
      251560
      251607
      251658
      251669
      251688
      251704
      251790
      251877
      251967
      252022
      252110
      252163
      252176
      252275
      252341
      252387
      252441
      252525
      252550
      252552
      252649
      252675
      252690
      252744
      252769
      252814
      252818
      252902
      252910
      252954
      253011
      253053
      253071
      253144
      253202
      253240
      253260
      253270
      253345
      253421
      253460
      253533
      253598
      253629
      253701
      253782
      253874
      253959
      253997
      254023
      254069
      254079
      254124
      254162
      254219
      254258
      254290
      254386
      254391
      254430
      254465
      254512
      254577
      254588
      254593
      254597
      254670
      254690
      254695
      254754
      254848
      254930
      255026
      255090
      255115
      255119
      255203
      255273
      255338
      255354
      255416
      255438
      255457
      255484
      255495
      255513
      255527
      255556
      255602
      255662
      255718
      255737
      255822
      255843
      255920
      255956
      255959
      255962
      256045
      256059
      256139
      256181
      256200
      256284
      256366
      256388
      256465
      256496
      256502
      256568
      256583
      256595
      256648
      256673
      256715
      256764
      256837
      256896
      256934
      257029
      257083
      257142
      257225
      257240
      257329
      257370
      257450
      257503
      257577
      257580
      257597
      257602
      257657
      257756
      257775
      257810
      257810
      257849
      257884
      257889
      257897
      257987
      258063
      258095
      258155
      258233
      258301
      258390
      258430
      258514
      258557
      258586
      258612
      258668
      258757
      258788
      258876
      258883
      258951
      258977
      259018
      259079
      259175
      259235
      259277
      259297
      259333
      259368
      259405
      259415
      259428
      259491
      259583
      259649
      259737
      259786
      259830
      259837
      259911
      259975
      259986
      260033
      260125
      260196
      260290
      260352
      260429
      260486
      260580
      260667
      260707
      260715
      260747
      260830
      260904
      261001
      261026
      261035
      261134
      261189
      261281
      261308
      261387
      261433
      261468
      261556
      261627
      261636
      261658
      261689
      261772
      261842
      261876
      261964
      261964
      262026
      262027
      262122
      262169
      262207
      262234
      262261
      262326
      262411
      262475
      262554
      262645
      262661
      262709
      262732
      262813
      262817
      262861
      262874
      262913
      262943
      262973
      263045
      263110
      263134
      263145
      263213
      263230
      263292
      263387
      263398
      263485
      263544
      263593
      263682
      263752
      263810
      263869
      263938
      264020
      264102
      264148
      264241
      264322
      264416
      264498
      264575
      264639
      264691
      264730
      264823
      264890
      264982
      265015
      265091
      265103
      265104
      265129
      265226
      265264
      265308
      265350
      265420
      265469
      265497
      265538
      265568
      265585
      265622
      265659
      265753
      265805
      265838
      265907
      265996
      266087
      266103
      266179
      266252
      266313
      266333
      266407
      266445
      266521
      266534
      266580
      266655
      266748
      266785
      266845
      266923
      267013
      267035
      267095
      267149
      267221
      267304
      267395
      267431
      267452
      267514
      267519
      267591
      267687
      267712
      267715
      267802
      267802
      267834
      267864
      267913
      267927
      268017
      268043
      268114
      268176
      268221
      268232
      268317
      268399
      268456
      268499
      268597
      268646
      268666
      268751
      268825
      268908
      268942
      269038
      269105
      269204
      269263
      269309
      269328
      269341
      269378
      269396
      269485
      269512
      269582
      269676
      269759
      269842
      269868
      269873
      269893
      269907
      269920
      269957
      270000
      270046
      270062
      270154
      270203
      270212
      270249
      270298
      270393
      270421
      270503
      270519
      270598
      270601
      270679
      270702
      270787
      270861
      270958
      270978
      271042
      271133
      271200
      271270
      271328
      271372
      271406
      271478
      271510
      271594
      271672
      271752
      271782
      271864
      271935
      271938
      271999
      272084
      272149
      272154
      272233
      272245
      272286
      272357
      272448
      272534
      272561
      272644
      272687
      272713
      272737
      272739
      272815
      272908
      272985
      273075
      273103
      273167
      273237
      273254
      273331
      273375
      273397
      273450
      273534
      273535
      273599
      273619
      273625
      273642
      273643
      273709
      273709
      273721
      273724
      273744
      273747
      273798
      273807
      273886
      273895
      273922
      273934
      274028
      274072
