          44
          83
         141
         155
         183
         207
         294
         336
         391
         439
         444
         506
         597
         617
         715
         756
         841
         940
         995
        1066
        1117
        1203
        1229
        1298
        1298
        1329
        1360
        1416
        1437
        1487
        1559
        1588
        1607
        1693
        1729
        1732
        1772
        1816
        1831
        1853
        1886
        1958
        1985
        2050
        2090
        2153
        2180
        2229
        2324
        2354
        2423
        2482
        2561
        2660
        2664
        2682
        2747
        2845
        2941
        2991
        3027
        3109
        3140
        3177
        3208
        3250
        3250
        3308
        3322
        3337
        3418
        3475
        3495
        3524
        3591
        3663
        3692
        3758
        3795
        3882
        3910
        3984
        4007
        4044
        4100
        4134
        4168
        4231
        4253
        4346
        4393
        4442
        4493
        4588
        4671
        4708
        4798
        4878
        4881
        4922
        4982
        5029
        5036
        5117
        5150
        5236
        5310
        5316
        5332
        5358
        5411
        5458
        5537
        5550
        5565
        5588
        5664
        5751
        5798
        5855
        5872
        5955
        6046
        6097
        6115
        6177
        6270
        6292
        6302
        6349
        6355
        6395
        6487
        6513
        6548
        6602
        6644
        6712
        6758
        6791
        6793
        6824
        6878
        6952
        6960
        6978
        7024
        7046
        7121
        7172
        7259
        7313
        7371
        7419
        7436
        7494
        7566
        7637
        7660
        7694
        7734
        7800
        7866
        7913
        7928
        7951
        7978
        8046
        8059
        8129
        8147
        8216
        8240
        8280
        8360
        8393
        8425
        8469
        8510
        8520
        8576
        8673
        8687
        8766
        8808
        8901
        8983
        9033
        9060
        9084
        9100
        9151
        9234
        9264
        9307
        9394
        9445
        9509
        9599
        9616
        9644
        9722
        9755
        9795
        9890
        9932
        9974
       10005
       10009
       10064
       10102
       10118
       10127
       10170
       10174
       10217
       10273
       10291
       10335
       10347
       10361
       10407
       10465
       10547
       10598
       10671
       10674
       10718
       10796
       10854
       10940
       10969
       11015
       11026
       11098
       11105
       11178
       11237
       11264
       11330
       11388
       11414
       11451
       11538
       11541
       11578
       11608
       11611
       11666
       11681
       11735
       11766
       11862
       11944
       12015
       12080
       12158
       12201
       12297
       12381
       12395
       12400
       12463
       12550
       12550
       12618
       12683
       12770
       12869
       12965
       13015
       13073
       13151
       13238
       13280
       13306
       13332
       13400
       13437
       13532
       13534
       13548
       13574
       13641
       13736
       13740
       13757
       13821
       13912
       13931
       13997
       14058
       14067
       14157
       14215
       14225
       14296
       14389
       14395
       14407
       14459
       14491
       14578
       14578
       14609
       14615
       14687
       14709
       14754
       14821
       14885
       14963
       14999
       15010
       15094
       15154
       15160
       15193
       15241
       15327
       15329
       15414
       15506
       15569
       15635
       15719
       15743
       15818
       15916
       15983
       16020
       16101
       16168
       16176
       16257
       16289
       16355
       16430
       16433
       16495
       16534
       16564
       16655
       16658
       16674
       16692
       16775
       16792
       16858
       16929
       17000
       17057
       17095
       17100
       17164
       17246
       17246
       17343
       17421
       17495
       17545
       17644
       17651
       17679
       17682
       17692
       17703
       17711
       17769
       17770
       17816
       17828
       17880
       17976
       18048
       18146
       18194
       18202
       18285
       18333
       18336
       18381
       18420
       18482
       18497
       18566
       18625
       18719
       18807
       18846
       18935
       18966
       19013
       19022
       19082
       19090
       19128
       19182
       19250
       19317
       19363
       19427
       19466
       19496
       19562
       19619
       19688
       19763
       19811
       19882
       19898
       19991
       20060
       20109
       20148
       20183
       20228
       20298
       20298
       20328
       20416
       20470
       20546
       20638
       20697
       20774
       20823
       20883
       20901
       20934
       21011
       21098
       21175
       21274
       21357
       21429
       21463
       21555
       21628
       21676
       21704
       21706
       21746
       21840
       21863
       21934
       21950
       22015
       22037
       22090
       22140
       22192
       22284
       22318
       22401
       22472
       22545
       22640
       22668
       22721
       22771
       22778
       22860
       22891
       22895
       22965
       22998
       23080
       23166
       23174
       23253
       23290
       23327
       23420
       23469
       23478
       23570
       23648
       23685
       23724
       23735
       23763
       23773
       23872
       23909
       23982
       24057
       24151
       24153
       24164
       24167
       24173
       24213
       24244
       24255
       24266
       24310
       24318
       24402
       24411
       24448
       24486
       24559
       24594
       24669
       24742
       24834
       24933
       25016
       25044
       25048
       25125
       25205
       25239
       25281
       25360
       25440
       25525
       25531
       25615
       25642
       25660
       25734
       25774
       25807
       25807
       25839
       25865
       25921
       25974
       25983
       26008
       26088
       26148
       26202
       26243
       26338
       26380
       26457
       26550
       26568
       26592
       26620
       26669
       26676
       26719
       26776
       26785
       26801
       26874
       26876
       26880
       26885
       26958
       27017
       27061
       27097
       27145
       27157
       27230
       27291
       27292
       27362
       27429
       27520
       27583
       27584
       27605
       27627
       27713
       27770
       27853
       27947
       27976
       28056
       28102
       28171
       28191
       28285
       28368
       28460
       28546
       28608
       28644
       28667
       28682
       28714
       28807
       28856
       28862
       28885
       28960
       29038
       29082
       29179
       29215
       29313
       29342
       29352
       29410
       29481
       29527
       29599
       29666
       29689
       29739
       29807
       29849
       29923
       29953
       29971
       30000
       30005
       30102
       30195
       30258
       30297
       30394
       30407
       30408
       30435
       30437
       30506
       30520
       30537
       30550
       30637
       30726
       30791
       30883
       30934
       30973
       31062
       31094
       31165
       31249
       31286
       31337
       31355
       31385
       31411
       31508
       31565
       31658
       31715
       31779
       31846
       31916
       31919
       32006
       32067
       32153
       32186
       32260
       32288
       32381
       32478
       32489
       32554
       32580
       32637
       32689
       32719
       32745
       32837
       32923
       32957
       33052
       33130
       33208
       33214
       33260
       33297
       33297
       33359
       33447
       33498
       33594
       33633
       33695
       33792
       33852
       33941
       33962
       33984
       34042
       34053
       34074
       34104
       34181
       34194
       34291
       34359
       34417
       34464
       34482
       34557
       34649
       34730
       34766
       34835
       34876
       34959
       34962
       34979
       35072
       35123
       35213
       35241
       35291
       35334
       35352
       35434
       35519
       35615
       35662
       35688
       35715
       35803
       35890
       35949
       35986
       36085
       36097
       36156
       36226
       36239
       36285
       36380
       36476
       36532
       36572
       36633
       36713
       36766
       36839
       36840
       36886
       36949
       36978
       37035
       37100
       37141
       37178
       37276
       37374
       37380
       37445
       37492
       37506
       37560
       37581
       37595
       37598
       37689
       37731
       37763
       37813
       37873
       37959
       37986
       38036
       38042
       38141
       38210
       38232
       38266
       38294
       38378
       38460
       38491
       38551
       38561
       38612
       38657
       38665
       38669
       38708
       38729
       38732
       38758
       38803
       38835
       38889
       38939
       38989
       39081
       39104
       39104
       39152
       39236
       39300
       39329
       39402
       39424
       39448
       39490
       39515
       39530
       39559
       39575
       39669
       39705
       39768
       39849
       39868
       39918
       39987
       40042
       40042
       40135
       40232
       40291
       40362
       40385
       40388
       40391
       40483
       40503
       40551
       40575
       40632
       40708
       40714
       40735
       40826
       40907
       40966
       41008
       41085
       41132
       41135
       41146
       41208
       41303
       41310
       41316
       41358
       41442
       41476
       41561
       41597
       41646
       41703
       41710
       41754
       41818
       41878
       41900
       41901
       41964
       42002
       42008
       42082
       42129
       42225
       42264
       42361
       42361
       42431
       42529
       42605
       42637
       42641
       42672
       42716
       42741
       42807
       42857
       42907
       42961
       42981
       43059
       43095
       43189
       43210
       43241
       43305
       43348
       43393
       43440
       43446
       43469
       43544
       43630
       43692
       43728
       43809
       43888
       43903
       43975
       44047
       44090
       44093
       44139
       44203
       44253
       44348
       44437
       44469
       44520
       44564
       44650
       44739
       44797
       44876
       44937
       44962
       44988
       45005
       45100
       45152
       45182
       45277
       45299
       45352
       45422
       45515
       45601
       45648
       45681
       45766
       45767
       45825
       45867
       45948
       46036
       46107
       46190
       46234
       46236
       46284
       46284
       46340
       46358
       46424
       46475
       46519
       46578
       46640
       46673
       46680
       46695
       46781
       46801
       46877
       46913
       46979
       47065
       47143
       47146
       47196
       47211
       47291
       47347
       47420
       47433
       47483
       47520
       47574
       47636
       47709
       47759
       47765
       47848
       47926
       47964
       48013
       48038
       48107
       48176
       48207
       48270
       48281
       48296
       48339
       48433
       48461
       48487
       48564
       48619
       48656
       48717
       48743
       48764
       48826
       48920
       49015
       49081
       49119
       49164
       49239
       49250
       49298
       49331
       49411
       49451
       49544
       49610
       49672
       49770
       49866
       49898
       49961
       49983
       50001
       50081
       50145
       50166
       50248
       50327
       50354
       50450
       50481
       50535
       50587
       50676
       50772
       50781
       50823
       50875
       50961
       50998
       51037
       51046
       51069
       51147
       51149
       51195
       51195
       51234
       51249
       51253
       51270
       51270
       51303
       51303
       51390
       51485
       51570
       51570
       51572
       51583
       51583
       51609
       51691
       51779
       51794
       51850
       51938
       51987
       52048
       52116
       52139
       52202
       52235
       52278
       52358
       52423
       52450
       52540
       52630
       52633
       52672
       52737
       52814
       52814
       52874
       52939
       52970
       53024
       53076
       53102
       53140
       53223
       53271
       53327
       53396
       53422
       53463
       53496
       53544
       53608
       53682
       53722
       53733
       53789
       53850
       53878
       53963
       53986
       54065
       54099
       54156
       54229
       54264
       54362
       54432
       54450
       54495
       54506
       54520
       54569
       54656
       54667
       54733
       54735
       54747
       54747
       54832
       54905
       54929
       55019
       55115
       55213
       55266
       55337
       55426
       55490
       55572
       55625
       55673
       55729
       55752
       55839
       55888
       55891
       55907
       55913
       55977
       56059
       56078
       56172
       56218
       56315
       56386
       56456
       56513
       56587
       56626
       56656
       56670
       56747
       56810
       56845
       56924
       56977
       57041
       57112
       57123
       57144
       57158
       57205
       57210
       57254
       57282
       57282
       57288
       57337
       57406
       57427
       57444
       57542
       57561
       57568
       57648
       57691
       57770
       57828
       57899
       57899
       57997
       58087
       58093
       58137
       58174
       58212
       58215
       58260
       58262
       58354
       58392
       58442
       58515
       58557
       58590
       58637
       58715
       58804
       58901
       58902
       58982
       59003
       59020
       59087
       59171
       59255
       59263
       59324
       59415
       59449
       59452
       59455
       59510
       59581
       59668
       59675
       59737
       59754
       59808
       59893
       59896
       59914
       60000
       60061
       60088
       60120
       60190
       60245
       60258
       60333
       60428
       60511
       60520
       60600
       60674
       60678
       60769
       60826
       60891
       60935
       60953
       61007
       61028
       61054
       61111
       61181
       61225
       61229
       61242
       61262
       61318
       61359
       61455
       61549
       61596
       61612
       61701
       61725
       61792
       61871
       61968
       62058
       62087
       62162
       62216
       62267
       62298
       62365
       62431
       62449
       62519
       62538
       62608
       62627
       62638
       62722
       62817
       62825
       62837
       62852
       62932
       62957
       63041
       63046
       63098
       63136
       63167
       63216
       63310
       63349
       63413
       63443
       63471
       63476
       63517
       63547
       63570
       63626
       63645
       63701
       63708
       63732
       63803
       63818
       63874
       63912
       63999
       64081
       64170
       64234
       64316
       64386
       64456
       64495
       64532
       64585
       64663
       64708
       64772
       64801
       64875
       64883
       64981
       65069
       65138
       65207
       65296
       65390
       65445
       65446
       65502
       65519
       65549
       65550
       65633
       65674
       65675
       65700
       65716
       65752
       65764
       65809
       65842
       65868
       65900
       65945
       65988
       66014
       66080
       66167
       66215
       66284
       66380
       66478
       66491
       66587
       66662
       66747
       66796
       66837
       66878
       66913
       66963
