          21
          21
          65
         147
         169
         234
         279
         373
         462
         496
         550
         598
         602
         614
         676
         760
         777
         803
         886
         893
         904
         938
         947
         997
        1030
        1120
        1164
        1225
        1253
        1336
        1410
        1457
        1498
        1549
        1549
        1620
        1668
        1699
        1776
        1806
        1866
        1940
        2001
        2022
        2103
        2161
        2190
        2217
        2239
        2334
        2429
        2507
        2604
        2641
        2681
        2691
        2704
        2734
        2744
        2783
        2810
        2870
        2942
        2983
        3032
        3088
        3138
        3178
        3255
        3317
        3389
        3458
        3497
        3532
        3539
        3627
        3651
        3721
        3789
        3848
        3882
        3963
        4022
        4075
        4098
        4172
        4225
        4322
        4337
        4434
        4439
        4474
        4570
        4659
        4678
        4702
        4728
        4793
        4868
        4884
        4903
        4924
        4979
        4988
        5010
        5039
        5112
        5179
        5202
        5296
        5331
        5366
        5461
        5477
        5547
        5620
        5697
        5707
        5795
        5806
        5894
        5945
        5994
        6047
        6143
        6179
        6240
        6328
        6405
        6409
        6475
        6493
        6518
        6594
        6616
        6654
        6719
        6811
        6885
        6890
        6988
        7033
        7085
        7095
        7099
        7147
        7196
        7284
        7317
        7373
        7470
        7498
        7547
        7589
        7590
        7680
        7766
        7860
        7943
        7953
        8048
        8108
        8124
        8137
        8165
        8167
        8262
        8276
        8311
        8405
        8469
        8472
        8523
        8569
        8573
        8622
        8694
        8785
        8794
        8842
        8883
        8948
        8995
        9050
        9103
        9137
        9218
        9235
        9269
        9348
        9378
        9399
        9463
        9526
        9553
        9607
        9690
        9778
        9816
        9906
        9992
       10075
       10164
       10217
       10313
       10357
       10384
       10425
       10451
       10456
       10496
       10525
       10525
       10573
       10641
       10729
       10786
       10815
       10890
       10935
       10978
       10986
       11047
       11087
       11175
       11257
       11329
       11336
       11407
       11464
       11540
       11599
       11688
       11759
       11833
       11857
       11937
       12007
       12070
       12073
       12097
       12190
       12257
       12330
       12362
       12441
       12510
       12524
       12579
       12666
       12749
       12778
       12813
       12896
       12966
       13044
       13098
       13101
       13189
       13257
       13290
       13382
       13457
       13479
       13483
       13537
       13633
       13648
       13696
       13778
       13874
       13940
       13984
       13984
       13993
       14029
       14051
       14100
       14171
       14239
       14318
       14354
       14362
       14368
       14447
       14486
       14567
       14601
       14638
       14736
       14752
       14790
       14812
       14843
       14844
       14879
       14887
       14931
       15006
       15084
       15088
       15168
       15211
       15231
       15268
       15341
       15399
       15492
       15527
       15624
       15671
       15692
       15749
       15759
       15857
       15877
       15917
       15977
       16003
       16003
       16079
       16106
       16141
       16214
       16214
       16236
       16317
       16327
       16369
       16422
       16486
       16527
       16539
       16573
       16654
       16669
       16767
       16856
       16881
       16920
       16971
       17069
       17103
       17195
       17232
       17317
       17380
       17422
       17436
       17465
       17561
       17564
       17577
       17622
       17682
       17723
       17744
       17825
       17889
       17932
       17995
       18032
       18109
       18150
       18241
       18311
       18326
       18421
       18485
       18520
       18532
       18538
       18569
       18570
       18570
       18665
       18759
       18784
       18801
       18852
       18879
       18945
       18962
       19011
       19072
       19165
       19203
       19265
       19292
       19324
       19344
       19384
       19442
       19499
       19523
       19541
       19606
       19625
       19645
       19650
       19735
       19752
       19843
       19861
       19947
       20037
       20125
       20188
       20199
       20218
       20299
       20384
       20387
       20431
       20493
       20525
       20580
       20675
       20687
       20734
       20760
       20858
       20942
       21030
       21116
       21171
       21189
       21283
       21286
       21346
       21347
       21429
       21523
       21619
       21706
       21767
       21778
       21863
       21863
       21958
       22020
       22046
       22049
       22145
       22227
       22299
       22386
       22447
       22545
       22635
       22727
       22802
       22811
       22874
       22874
       22910
       22934
       23016
       23084
       23087
       23148
       23171
       23249
       23265
       23287
       23305
       23318
       23388
       23473
       23551
       23636
       23731
       23731
       23736
       23748
       23759
       23820
       23866
       23894
       23926
       23970
       24057
       24093
       24113
       24194
       24221
       24301
       24400
       24461
       24484
       24581
       24678
       24703
       24732
       24810
       24821
       24916
       24988
       25038
       25091
       25162
       25190
       25274
       25350
       25379
       25413
       25421
       25459
       25460
       25533
       25632
       25728
       25733
       25756
       25852
       25885
       25965
       26031
       26048
       26087
       26144
       26171
       26237
       26324
       26329
       26371
       26426
       26501
       26566
       26589
       26610
       26704
       26720
       26804
       26862
       26893
       26918
       26969
       27029
       27103
       27166
       27189
       27189
       27259
       27268
       27322
       27363
       27452
       27514
       27556
       27607
       27626
       27698
       27731
       27827
       27887
       27971
       27986
       28024
       28119
       28140
       28197
       28202
       28258
       28346
       28394
       28477
       28551
       28648
       28666
       28667
       28703
       28718
       28779
       28871
       28965
       29045
       29116
       29210
       29273
       29343
       29411
       29413
       29491
       29526
       29559
       29601
       29677
       29758
       29795
       29816
       29907
       29947
       29954
       30028
       30074
       30088
       30172
       30238
       30306
       30395
       30427
       30492
       30524
       30553
       30613
       30651
       30669
       30699
       30790
       30827
       30866
       30876
       30925
       30956
       31032
       31036
       31135
       31147
       31164
       31237
       31263
       31339
       31428
       31482
       31484
       31496
       31504
       31550
       31555
       31592
       31643
       31708
       31792
       31876
       31882
       31887
       31927
       31946
       31984
       32055
       32078
       32127
       32215
       32299
       32355
       32409
       32480
       32533
       32533
       32618
       32717
       32776
       32814
       32866
       32965
       32970
       33018
       33048
       33102
       33196
       33203
       33218
       33266
       33295
       33375
       33462
       33537
       33588
       33675
       33754
       33790
       33862
       33872
       33892
       33937
       34023
       34030
       34061
       34125
       34194
       34244
       34250
       34288
       34369
       34467
       34492
       34582
       34626
       34675
       34726
       34748
       34751
       34848
       34877
       34912
       34993
       35055
       35058
       35148
       35162
       35238
       35244
       35294
       35382
       35441
       35448
       35509
       35512
       35572
       35659
       35691
       35767
       35793
       35801
       35818
       35878
       35941
       35965
       35975
       36047
       36110
       36123
       36158
       36243
       36245
       36331
       36380
       36456
       36499
       36591
       36613
       36635
       36674
       36716
       36744
       36749
       36840
       36909
       37003
       37077
       37165
       37215
       37227
       37245
       37342
       37381
       37443
       37529
       37578
       37676
       37686
       37763
       37816
       37911
       37917
       37973
       38065
       38127
       38133
       38204
       38265
       38351
       38360
       38363
       38421
       38462
       38470
       38493
       38507
       38599
       38637
       38730
       38761
       38817
       38863
       38903
       38992
       39057
       39150
       39227
       39271
       39319
       39380
       39455
       39530
       39588
       39656
       39666
       39726
       39731
       39731
       39822
       39863
       39900
       39993
       40055
       40112
       40168
       40229
       40261
       40302
       40372
       40418
       40441
       40522
       40557
       40599
       40659
       40733
       40821
       40832
       40908
       40925
       40947
       40978
       40993
       41092
       41174
       41265
       41341
       41366
       41455
       41552
       41582
       41645
       41731
       41789
       41855
       41942
       41973
       41993
       42069
       42095
       42188
       42203
       42219
       42274
       42364
       42402
       42487
       42493
       42553
       42580
       42653
       42671
       42674
       42724
       42822
       42859
       42928
       42997
       43012
       43072
       43171
       43188
       43227
       43279
       43331
       43420
       43494
       43544
       43559
       43594
       43683
       43728
       43751
       43823
       43918
       43977
       44034
       44104
       44133
       44134
       44199
       44264
       44341
       44363
       44387
       44431
       44489
       44540
       44637
       44658
       44734
       44807
       44810
       44823
       44875
       44969
       45008
       45025
       45044
       45110
       45157
       45163
       45168
       45209
       45281
       45346
       45427
       45475
       45538
       45611
       45707
       45766
       45847
       45869
       45881
       45953
       46022
       46088
       46128
       46157
       46161
       46237
       46302
       46330
       46368
       46368
       46452
       46544
       46639
       46678
       46702
       46795
       46874
       46969
       47061
       47126
       47209
       47254
       47300
       47389
       47391
       47431
       47433
       47467
       47561
       47635
       47708
       47749
       47782
       47862
       47929
       47937
       47938
       48009
       48031
       48094
       48184
       48258
       48325
       48372
       48466
       48565
       48609
       48692
       48693
       48715
       48759
       48760
       48822
       48873
       48936
       49030
       49088
       49181
       49277
       49303
       49305
       49315
       49404
       49484
       49556
       49587
       49623
       49667
       49740
       49816
       49887
       49946
       50025
       50057
       50139
       50226
       50282
       50324
       50365
       50453
       50533
       50553
       50581
       50667
       50706
       50802
       50885
       50967
       51035
       51122
       51221
       51306
       51336
       51380
       51383
       51397
       51426
       51443
       51510
       51558
       51649
       51715
       51801
       51812
       51879
       51943
       52015
       52068
       52083
       52129
       52148
       52240
       52246
       52341
       52380
       52463
       52497
       52526
       52585
       52681
       52696
       52764
       52862
       52891
       52937
       52981
       53077
       53172
       53234
       53300
       53323
       53360
       53360
       53422
       53485
       53539
       53553
       53565
       53614
       53679
       53716
       53768
       53806
       53853
       53907
       53948
       53949
       54026
       54026
       54099
       54188
       54218
       54282
       54364
       54449
       54546
       54588
       54643
       54690
       54713
       54770
       54801
       54846
       54900
       54985
       55020
       55044
       55143
       55168
       55192
       55221
       55254
       55309
       55361
       55422
       55519
       55580
       55616
       55703
       55765
       55788
       55873
       55962
       56023
       56035
       56092
       56128
       56172
       56192
       56268
       56300
       56354
       56357
       56376
       56385
       56470
       56505
       56551
       56612
       56681
       56772
       56777
       56869
       56917
       57015
       57068
       57071
       57146
       57184
       57272
       57325
       57404
       57404
       57467
       57560
       57564
       57595
       57688
       57758
       57853
       57870
       57922
       57971
       58018
       58050
       58138
       58164
       58205
       58253
       58302
       58382
       58417
       58431
       58474
       58548
       58631
       58722
       58804
       58842
       58849
       58862
       58921
       59010
       59101
       59188
       59211
       59275
       59286
       59296
       59390
       59403
       59450
       59494
       59533
       59546
       59563
       59570
       59572
       59648
       59707
       59750
       59799
       59803
       59829
       59842
       59913
       59942
       59948
       59997
       60088
       60186
       60283
       60326
       60418
       60488
       60566
       60573
       60621
       60693
       60709
       60738
       60816
       60900
       60942
       60963
       61021
       61057
       61136
       61207
       61287
       61346
       61397
       61435
       61522
       61578
       61620
       61716
       61763
       61862
       61874
       61971
       61973
       62018
       62076
       62125
       62209
       62217
       62309
       62351
       62373
       62416
       62450
       62472
       62485
       62526
       62590
       62631
       62650
       62657
       62716
       62766
       62827
       62862
       62920
       62960
       63057
       63067
       63133
       63187
       63187
       63214
       63230
       63289
       63311
       63348
       63416
       63490
       63565
       63640
       63676
       63767
       63807
       63873
       63874
       63949
       64025
       64093
       64160
       64164
       64218
       64227
       64230
       64307
       64402
       64416
       64456
       64486
       64562
       64565
       64664
       64726
       64778
       64789
       64866
       64873
       64921
       64942
       65038
       65095
       65108
       65200
       65295
       65356
       65443
       65541
       65553
       65652
       65707
       65743
       65840
       65865
       65953
       66036
       66080
       66126
       66185
       66210
       66270
       66311
       66350
       66447
       66519
       66618
       66716
       66717
       66792
       66847
       66893
       66988
       66996
       67030
       67118
       67122
       67124
       67137
       67196
       67229
       67269
       67325
       67409
       67507
       67540
       67627
       67711
       67792
       67823
       67859
       67899
       67967
       68054
       68063
       68067
       68101
       68170
       68264
       68287
       68310
       68312
       68341
       68433
       68516
       68534
       68615
       68620
       68627
       68726
       68794
       68798
       68867
       68898
       68988
       69024
       69046
       69060
       69123
       69167
       69257
       69353
       69395
       69449
       69536
       69568
       69633
       69670
       69766
       69781
       69871
       69876
       69915
       69918
       69980
       70017
       70086
       70183
       70273
       70372
       70435
       70486
       70515
       70612
       70648
       70713
       70808
       70837
       70892
       70991
       71062
       71134
       71140
       71149
       71171
       71254
       71272
       71311
       71331
       71382
       71414
       71511
       71608
       71671
       71690
       71747
       71763
       71847
       71886
       71969
       72063
       72122
       72164
       72170
       72192
       72271
       72353
       72442
       72516
       72608
       72664
       72696
       72723
       72781
       72805
       72869
       72889
       72930
       73014
       73112
       73163
       73218
       73306
       73307
       73381
       73475
       73547
       73612
       73637
       73721
       73756
       73806
       73869
       73925
       73984
       74027
       74098
       74156
       74168
       74221
       74259
       74314
       74338
       74416
       74496
       74539
       74574
       74578
       74657
       74711
       74784
       74799
       74828
       74914
       74944
       75036
       75118
       75158
       75196
       75242
       75302
       75387
       75421
       75518
       75565
       75586
       75596
       75612
       75661
       75699
       75791
       75814
       75839
       75914
       75925
       75942
       76016
       76043
       76121
       76153
       76208
       76214
       76231
       76239
       76243
       76249
       76306
       76355
       76396
       76424
       76453
       76486
       76555
       76563
       76624
       76650
       76687
       76710
       76762
       76822
       76876
       76909
       76974
       76978
       77049
       77145
       77188
       77231
       77284
       77289
       77362
       77418
       77446
       77504
       77570
       77624
       77711
       77746
       77775
       77868
       77907
       77930
       77981
       78064
       78163
       78202
       78245
       78268
       78271
       78333
       78432
       78440
       78539
       78550
       78554
       78559
       78566
       78578
       78621
       78711
       78715
       78748
       78815
       78826
       78855
       78856
       78950
       78963
       79037
       79132
       79181
       79250
       79320
       79394
       79464
       79517
       79538
       79626
       79681
       79685
       79730
       79786
       79803
       79823
       79914
       79950
       80033
       80096
       80156
       80201
       80228
       80278
       80286
       80378
       80392
       80400
       80429
       80451
       80535
       80595
       80644
       80673
       80683
       80767
       80809
       80886
       80939
       81031
       81107
       81108
       81195
       81195
       81255
       81326
       81346
       81398
       81459
       81466
       81475
       81502
       81583
       81667
       81737
       81789
       81791
       81878
       81913
       82012
       82052
       82080
       82146
       82159
       82249
       82281
       82319
       82367
       82466
       82551
       82583
       82597
       82656
       82742
       82754
       82765
       82816
       82841
       82868
       82946
       82967
       83060
       83146
       83150
       83224
       83289
       83308
       83378
       83475
       83510
       83608
       83624
       83720
       83744
       83794
       83849
       83930
       84003
       84046
       84128
       84175
       84246
       84280
       84366
       84442
       84472
       84473
       84490
       84513
       84595
       84658
       84720
       84804
       84890
       84946
       85021
       85036
       85078
       85101
       85118
       85185
       85199
       85238
       85300
       85308
       85383
       85420
       85505
       85537
       85571
       85586
       85634
       85646
       85728
       85770
       85818
       85856
       85938
       85944
       85945
       86034
       86130
       86184
       86191
       86289
       86316
       86408
       86416
       86498
       86529
       86587
       86680
       86757
       86849
       86913
       86977
       87035
       87095
       87133
       87191
       87271
       87307
       87373
       87430
       87452
       87543
       87587
       87627
       87641
       87668
       87675
       87751
       87812
       87854
       87865
       87924
       88000
       88067
       88150
       88189
       88262
       88330
       88347
       88389
       88394
       88491
       88524
       88586
       88683
       88696
       88721
       88805
       88853
       88899
       88982
       89076
       89115
       89200
       89220
       89304
       89381
       89397
       89478
       89529
       89552
       89589
       89672
       89682
       89781
       89851
       89944
       89986
       89993
       90045
       90109
       90195
       90214
       90310
       90310
       90367
       90415
       90480
       90505
       90573
       90660
       90712
       90761
       90782
       90871
       90882
       90922
       90957
       91038
       91080
       91114
       91193
       91282
       91360
       91457
       91526
       91570
       91592
       91661
       91737
       91779
       91808
       91894
       91987
       92077
       92126
       92154
       92218
       92244
       92300
       92387
       92481
       92500
       92597
       92663
       92669
       92695
       92726
       92819
       92895
       92984
       93014
       93039
       93061
       93078
       93137
       93139
       93169
       93188
       93266
       93361
       93422
       93511
       93537
       93538
       93618
       93678
       93776
       93808
       93882
       93933
       94000
       94071
       94078
       94114
       94173
       94256
       94342
       94383
       94424
       94435
       94465
       94540
       94556
       94630
       94632
       94703
       94751
       94828
       94915
       94996
       95023
       95025
       95068
       95120
       95188
       95194
       95212
       95300
       95396
       95439
       95443
       95494
       95496
       95522
       95592
       95596
       95654
       95707
       95711
       95751
       95766
       95786
       95852
       95930
       95944
       96024
       96025
       96052
       96109
       96127
       96225
       96307
       96316
       96390
       96487
       96564
       96659
       96683
       96701
       96792
       96793
       96881
       96945
       97038
       97053
       97056
       97117
       97154
       97212
       97301
       97335
       97375
       97420
       97519
       97527
       97529
       97617
       97663
       97762
       97780
       97786
       97879
       97885
       97886
       97892
       97968
       98017
       98057
       98129
       98197
       98228
       98252
       98335
       98384
       98407
       98468
       98544
       98593
       98661
       98695
       98704
       98773
       98848
       98894
       98926
       99009
       99026
       99032
       99111
       99205
       99252
       99285
       99381
       99479
       99498
       99570
       99629
       99662
       99742
       99742
       99793
       99889
       99905
       99988
      100078
      100157
      100248
      100284
      100321
      100411
      100423
      100503
      100526
      100566
      100622
      100687
      100697
      100754
      100852
      100875
      100926
      100946
      101003
      101041
      101069
      101164
      101244
      101333
      101346
      101395
      101477
      101538
      101631
      101688
      101751
      101806
      101814
      101857
      101955
      102040
      102120
      102206
      102253
      102315
      102401
      102403
      102480
      102576
      102630
      102658
      102731
      102813
      102876
      102952
      102952
      103036
      103079
      103158
      103213
      103245
      103253
      103276
      103316
      103364
      103369
      103463
      103512
      103580
      103677
      103692
      103717
      103770
      103856
      103940
      103948
      104007
      104052
      104149
      104229
      104316
      104318
      104318
      104375
      104399
      104436
      104437
