           4
          64
         107
         192
         207
         270
         363
         383
         423
         519
         536
         626
         657
         711
         802
         840
         880
         908
         943
        1023
        1110
        1200
        1237
        1322
        1397
        1488
        1569
        1633
        1712
        1779
        1825
        1915
        1934
        1976
        2021
        2049
        2055
        2123
        2173
        2213
        2296
        2333
        2383
        2430
        2474
        2534
        2552
        2564
        2660
        2708
        2746
        2799
        2847
        2908
        2966
        2985
        3027
        3123
        3210
        3230
        3235
        3257
        3271
        3279
        3362
        3373
        3463
        3546
        3601
        3665
        3751
        3838
        3928
        3960
        3980
        4029
        4113
        4130
        4218
        4237
        4261
        4349
        4385
        4453
        4542
        4611
        4689
        4730
        4770
        4814
        4839
        4904
        4922
        4953
        4957
        4971
        5041
