          96
         165
         190
         232
         321
         379
         463
         468
         518
         563
         599
         668
         680
         733
         751
         850
         863
         929
         969
        1024
        1086
        1089
        1187
        1271
        1291
        1291
        1301
        1382
        1397
        1445
        1521
        1603
        1697
        1738
        1773
        1773
        1849
        1875
        1903
        1989
        2078
        2165
        2190
        2275
        2364
        2371
        2457
        2511
        2569
        2587
        2626
        2719
        2771
        2797
        2872
        2938
        2992
        2997
        3010
        3103
        3127
        3144
        3172
        3264
        3349
        3364
        3424
        3492
        3492
        3562
        3661
        3701
        3744
        3843
        3903
        3943
        3947
        4030
        4096
        4141
        4144
        4171
        4233
        4260
        4354
        4452
        4491
        4507
        4553
        4617
        4714
        4781
        4792
        4812
        4840
        4902
        4902
        4990
        5010
        5011
        5012
        5015
        5042
        5113
        5205
        5269
        5284
        5342
        5409
        5472
        5479
        5534
        5542
        5561
        5569
        5640
        5701
        5752
        5794
        5848
        5889
        5913
        5969
        6002
        6042
        6138
        6158
        6196
        6251
        6335
        6390
        6477
        6554
        6607
        6699
        6759
        6777
        6778
        6858
        6950
        7035
        7076
        7121
        7190
        7223
        7284
        7349
        7365
        7414
        7469
        7527
        7586
        7671
        7742
        7839
        7907
        7974
        8015
        8079
        8108
        8148
        8178
        8226
        8287
        8309
        8353
        8389
        8442
        8484
        8485
        8584
        8641
        8685
        8747
        8775
        8844
        8929
        8993
        9047
        9090
        9115
        9166
        9194
        9293
        9367
        9410
        9436
        9526
        9562
        9653
        9703
        9707
        9707
        9725
        9738
        9787
        9867
        9915
        9970
        9980
       10069
       10108
       10172
       10202
       10247
       10277
       10321
       10358
       10389
       10389
       10409
       10415
       10496
       10518
       10610
       10670
       10722
       10749
       10780
       10822
       10884
       10890
       10973
       11005
       11029
       11087
       11145
       11204
       11256
       11258
       11344
       11391
       11414
       11415
       11471
       11559
       11566
       11584
       11671
       11750
       11818
       11872
       11945
       11974
       11986
       12004
       12023
       12110
       12140
       12212
       12241
       12290
       12349
       12361
       12379
       12409
       12494
       12588
       12659
       12724
       12761
       12769
       12799
       12873
       12905
       12956
       13051
       13128
       13164
       13172
       13227
       13311
       13327
       13418
       13463
       13495
       13581
       13659
       13694
       13734
       13810
       13836
       13935
       13988
       14025
       14046
       14123
       14205
       14254
       14343
       14428
       14449
       14462
       14522
       14592
       14617
       14633
       14703
       14731
       14808
       14889
       14904
       14995
       15086
       15147
       15192
       15265
       15271
       15360
       15427
       15452
       15545
       15640
       15682
       15711
       15729
       15763
       15831
       15903
       15965
       16026
       16058
       16139
       16230
       16301
       16314
       16344
       16368
       16447
       16455
       16483
       16496
       16551
       16630
       16679
       16736
       16769
       16791
       16872
       16881
       16901
       16902
       16925
       16989
       17022
       17076
       17148
       17173
       17177
       17226
       17229
       17233
       17324
       17330
       17392
       17436
       17495
       17577
       17612
       17623
       17683
       17754
       17787
       17886
       17909
       17937
       17996
       18063
       18161
       18199
       18229
       18292
       18376
       18403
       18468
       18548
       18635
       18670
       18687
       18734
       18810
       18845
       18918
       18931
       19018
       19026
       19070
       19095
       19139
       19203
       19251
       19327
       19333
       19383
       19415
       19490
       19498
       19551
       19634
       19664
       19744
       19835
       19920
       19954
       20007
       20094
       20107
       20161
       20205
       20287
       20340
       20388
       20396
       20400
       20499
       20509
       20576
       20580
       20632
       20636
       20697
       20697
       20734
       20806
       20867
       20921
       20988
       21009
       21096
       21148
       21221
       21241
       21248
       21256
       21282
       21349
       21375
       21412
       21506
       21569
       21657
       21710
       21772
       21829
       21913
       21980
       22074
       22129
       22168
       22185
       22222
       22313
       22361
       22452
       22515
       22519
       22586
       22669
       22698
       22765
       22862
       22958
       23023
       23075
       23111
       23171
       23219
       23285
       23346
       23418
       23448
       23538
       23589
       23646
       23661
       23760
       23841
       23920
       23964
       23972
       23972
       23999
       24079
       24158
       24240
       24313
       24321
       24385
       24473
       24490
       24534
       24534
       24553
       24588
       24600
       24634
       24699
       24780
       24874
       24919
       25003
       25038
       25081
       25116
       25148
       25201
       25250
       25296
       25331
       25406
       25407
       25499
       25597
       25678
       25711
       25791
       25821
       25905
       25999
       26049
       26091
       26186
       26186
       26222
       26238
       26277
       26308
       26356
       26366
       26397
       26422
       26520
       26574
       26609
       26637
       26652
       26727
       26825
       26889
       26910
       26920
       26966
       27015
       27110
       27208
       27208
       27277
       27336
       27396
       27399
       27486
       27520
       27523
       27534
       27611
       27668
       27713
       27782
       27839
       27909
       27981
       28070
       28099
       28155
       28165
       28182
       28207
       28215
       28231
       28323
       28380
       28440
       28501
       28519
       28527
       28538
       28637
       28736
       28779
       28859
       28898
       28981
       28997
       29007
       29102
       29125
       29210
       29230
       29301
       29356
       29358
       29457
       29505
       29540
       29573
       29662
       29683
       29771
       29804
       29828
       29830
       29900
       29989
       29997
       30020
       30045
       30107
       30204
       30233
       30238
       30266
       30266
       30337
       30411
       30457
       30472
       30543
       30636
       30679
       30775
       30866
       30871
       30933
       31000
       31048
       31117
       31195
       31277
       31360
       31429
       31447
       31511
       31593
       31682
       31740
       31811
       31903
       31921
       31970
       32002
       32006
       32053
       32146
       32214
       32235
       32287
       32332
       32417
       32497
       32542
       32590
       32656
       32718
       32727
       32785
       32848
       32859
       32872
       32927
       32934
       32971
       33002
       33086
       33177
       33271
       33330
       33342
       33426
       33447
       33463
       33543
       33552
       33612
       33686
       33732
       33796
       33842
       33844
       33918
       33979
       33984
       34035
       34110
       34116
       34142
       34232
       34289
       34370
       34444
       34516
       34557
       34644
       34699
       34770
       34850
       34944
       34959
       35037
       35047
       35090
       35103
       35131
       35214
       35269
       35327
       35369
       35445
       35483
       35489
       35555
       35642
       35661
       35673
       35677
       35745
       35789
       35807
       35886
       35977
       36042
       36067
       36128
       36147
       36204
       36216
       36305
       36394
       36435
       36486
       36493
       36498
       36559
       36658
       36719
       36739
       36763
       36814
       36910
       36940
       36974
       37021
       37021
       37055
       37139
       37183
       37227
       37268
       37355
       37365
       37401
       37412
       37417
       37492
       37552
       37600
       37606
       37631
       37661
       37676
       37687
       37727
       37727
       37761
       37807
       37842
       37865
       37939
       37944
       38039
       38111
       38187
       38249
       38253
       38343
       38370
       38419
       38493
       38588
       38659
       38730
       38803
       38865
       38952
       38978
       39049
       39114
       39166
       39188
       39201
       39211
       39261
       39350
       39375
       39455
       39528
       39616
       39646
       39664
       39690
       39763
       39821
       39887
       39971
       40037
       40082
       40102
       40121
       40199
       40287
       40375
       40474
       40533
       40596
       40693
       40744
       40776
       40856
       40946
       40963
       40986
       40996
       41054
       41139
       41236
       41250
       41347
       41365
       41447
       41448
       41468
       41566
       41579
       41597
       41641
       41740
       41790
       41804
       41825
       41837
       41925
       41967
       42052
       42130
       42161
       42188
       42204
       42250
       42273
       42288
       42316
       42316
       42356
       42440
       42464
       42521
       42523
       42613
       42639
       42733
       42791
       42854
       42937
       42990
       43022
       43096
       43117
       43147
       43184
       43226
       43235
       43252
       43316
       43371
       43457
       43532
       43599
       43609
       43668
       43697
       43722
       43723
       43806
       43829
       43906
       43923
       43986
       44040
       44041
       44059
       44112
       44116
       44167
       44226
       44313
       44402
       44497
       44570
       44624
       44666
       44703
       44768
       44847
       44943
       45008
       45099
       45163
       45236
       45278
       45348
       45376
       45421
       45440
       45502
       45583
       45643
       45667
       45742
       45836
       45851
       45948
       46036
       46108
       46128
       46170
       46239
       46280
       46352
       46355
       46361
       46423
       46424
       46427
       46464
       46521
       46604
       46666
       46751
       46833
       46915
       47005
       47005
       47011
       47107
       47149
       47242
       47338
       47413
       47449
       47449
       47476
       47558
       47637
       47711
       47744
       47780
       47802
       47849
       47911
       47944
       47999
       48060
       48136
       48208
       48234
       48258
       48338
       48435
       48439
       48527
       48611
       48627
       48720
       48768
       48800
       48846
       48848
       48878
       48916
       48940
       48962
       49009
       49031
       49111
       49119
       49139
       49175
       49229
       49278
       49291
       49331
       49368
       49463
       49464
       49559
       49634
       49674
       49677
       49732
       49767
       49824
       49884
       49895
       49936
       49951
       50021
       50110
       50119
       50195
       50222
       50317
       50393
       50457
       50475
       50497
       50505
       50526
       50529
       50587
       50593
       50625
       50671
       50746
       50786
       50849
       50932
       50987
       51006
       51025
       51075
       51160
       51224
       51243
       51280
       51352
       51424
       51441
       51504
       51516
       51518
       51544
       51613
       51703
       51761
       51819
       51877
       51967
       51973
       51983
       52078
       52130
       52167
       52214
       52281
       52304
       52312
       52372
       52436
       52493
       52516
       52521
       52615
       52672
       52731
       52821
       52847
       52945
       52988
       53071
       53159
       53176
       53231
       53252
       53302
       53334
       53422
       53466
       53509
       53523
       53534
       53573
       53628
       53641
       53692
       53700
       53757
       53813
       53866
       53926
       54017
       54027
       54103
       54153
       54232
       54268
       54363
       54454
       54473
       54482
       54569
       54617
       54639
       54700
       54721
       54768
       54809
       54894
       54949
       55037
       55124
       55167
       55182
       55217
       55222
       55309
       55389
       55465
       55511
       55532
       55595
       55664
       55737
       55796
       55821
       55882
       55948
       55990
       55990
       56025
       56065
       56122
       56187
       56193
       56205
       56275
       56311
       56408
       56460
       56461
       56530
       56620
       56634
       56696
       56776
       56788
       56827
       56846
       56907
       56988
       56991
       57023
       57114
       57187
       57189
       57248
       57289
       57315
       57317
       57331
       57406
       57471
       57519
       57547
       57646
       57682
       57734
       57779
       57870
       57911
       57985
       58004
       58004
       58098
       58158
       58210
       58245
       58273
       58297
       58392
       58473
       58475
       58481
       58541
       58580
       58613
       58684
       58731
       58784
       58787
       58880
       58966
       58975
       59018
       59063
       59130
       59225
       59226
       59310
       59313
       59335
       59369
       59408
       59428
       59452
       59477
       59533
       59620
       59626
       59696
       59754
       59773
       59819
       59842
       59899
       59923
       59957
       60030
       60104
       60156
       60171
       60203
       60276
       60295
       60371
       60455
       60498
       60524
       60552
       60587
       60638
       60684
       60697
       60719
       60754
       60815
       60887
       60937
       60989
       61068
       61094
       61127
       61176
       61244
       61292
       61317
       61369
       61438
       61458
       61507
       61508
       61578
       61628
       61697
       61779
       61817
       61903
       62002
       62044
       62080
       62171
       62218
       62290
       62377
       62476
       62490
       62547
       62595
       62618
       62645
       62739
       62823
       62838
       62930
       63026
       63095
       63115
       63143
       63241
       63247
       63305
       63344
       63359
       63441
       63499
       63513
       63555
       63561
       63587
       63602
       63623
       63631
       63678
       63740
       63829
       63868
       63872
       63966
       64029
       64039
       64068
       64160
       64161
       64163
       64170
       64254
       64318
       64393
       64460
       64533
       64604
       64644
       64713
       64736
       64789
       64862
       64950
       65036
       65055
       65073
       65151
       65244
       65274
       65305
       65373
       65405
       65488
       65516
       65544
       65610
       65665
       65665
       65686
       65727
       65822
       65904
       65990
       66015
       66043
       66072
       66125
       66187
       66195
       66203
       66269
       66322
       66408
       66447
       66467
       66515
       66554
       66610
       66630
       66651
       66750
       66755
       66765
       66864
       66898
       66957
       66983
       67047
       67049
       67113
       67141
       67154
       67156
       67170
       67233
       67287
       67337
       67420
       67442
       67452
       67498
       67528
       67602
       67677
       67707
       67793
       67831
       67925
       68008
       68045
       68142
       68221
       68259
       68329
       68407
       68442
       68533
       68557
       68583
       68597
       68604
       68656
       68733
       68812
       68900
       68930
       69024
       69043
       69142
       69157
       69202
       69221
       69235
       69275
       69291
       69350
       69427
       69500
       69551
       69564
       69571
       69584
       69676
       69723
       69792
       69887
       69898
       69930
       69981
       70070
       70084
       70107
       70201
       70239
       70276
       70322
       70363
       70455
       70533
       70597
       70695
       70737
       70780
       70815
       70906
       70957
       71009
       71018
       71052
       71066
       71143
       71241
       71245
       71250
       71282
       71370
       71408
       71458
       71476
       71516
       71525
       71541
       71594
       71672
       71690
       71759
       71764
       71765
       71769
       71772
       71809
       71904
       71979
       72039
       72081
       72159
       72229
       72310
       72321
       72379
       72448
       72512
       72557
       72617
       72620
       72687
       72756
       72798
       72888
       72918
       72934
       72996
       73044
       73047
       73137
       73194
       73289
       73367
       73430
       73448
       73503
       73580
       73634
       73728
       73767
       73835
       73840
       73848
       73871
       73927
       73969
       74050
       74135
       74136
       74206
       74305
       74339
       74414
       74431
       74440
       74471
       74560
       74634
       74667
       74732
       74789
       74831
       74892
       74905
       74909
       74979
       75020
       75106
       75155
       75184
       75268
       75270
       75280
       75370
       75376
       75448
       75535
       75592
       75656
       75712
       75758
       75854
       75942
       75977
       75998
       76096
       76140
       76157
       76249
       76323
       76348
       76376
       76407
       76495
       76503
       76575
       76638
       76718
       76759
       76858
       76886
       76920
       76971
       77013
       77022
       77057
       77095
       77132
       77216
       77305
       77357
       77398
       77449
       77504
       77522
       77599
       77686
       77740
       77819
       77882
       77926
       77928
       77936
       78012
       78066
       78068
       78096
       78109
       78183
       78237
       78269
       78312
       78351
       78396
       78486
       78535
       78615
       78674
       78771
       78806
       78891
       78931
       79011
       79107
       79174
       79219
       79250
       79339
       79435
       79448
       79492
       79591
       79688
       79749
       79770
       79842
       79925
       80011
       80041
       80055
       80099
       80156
       80220
       80244
       80255
       80346
       80381
       80381
       80451
       80532
       80573
       80608
       80634
       80706
       80760
       80786
       80868
       80897
       80983
       80985
       81032
       81035
       81096
       81186
       81198
       81269
       81293
       81295
       81389
       81418
       81482
       81531
       81606
       81651
       81687
       81729
       81782
       81860
       81860
       81887
       81951
       82003
       82023
       82041
       82132
       82145
       82228
       82228
       82252
       82341
       82409
       82466
       82486
       82573
       82580
       82589
       82655
       82671
       82724
       82724
       82822
       82875
       82920
       83011
       83041
       83078
       83085
       83155
       83245
       83321
       83411
       83510
       83566
       83590
       83595
       83662
       83741
       83807
       83841
       83890
       83986
       84014
       84088
       84098
       84176
       84214
       84297
       84395
       84454
       84471
       84563
       84637
       84707
       84782
       84782
       84833
       84889
       84971
       85025
       85062
       85099
       85116
       85126
       85216
       85287
       85332
       85337
       85420
       85484
       85565
       85580
       85659
       85712
       85779
       85848
       85879
       85961
       86002
       86080
       86145
       86232
       86271
       86347
       86420
       86443
       86542
       86549
       86613
       86707
       86803
       86894
       86911
       86943
       86974
       87023
       87087
       87136
       87223
       87248
       87266
       87272
       87304
       87383
       87425
       87484
       87515
       87567
       87618
       87706
       87776
       87777
       87829
       87843
       87882
       87908
       87918
       88008
       88100
       88124
       88221
       88226
       88316
       88363
       88391
       88474
       88482
       88505
       88570
       88585
       88666
       88696
       88792
       88881
       88915
       88963
       88975
       89004
       89103
       89105
       89167
       89259
       89296
       89357
       89405
       89461
       89547
       89608
       89669
       89764
       89857
       89904
       89920
       89965
       89991
       90089
       90090
       90182
       90273
       90361
       90429
       90435
       90476
       90540
       90568
       90640
       90704
       90793
       90873
       90935
       90998
       91018
       91109
       91116
       91147
       91166
       91204
       91277
       91348
       91416
       91435
       91503
       91592
       91659
       91733
       91791
       91874
       91933
       91949
       92033
       92084
       92108
       92202
       92286
       92320
       92326
       92403
       92473
       92526
       92577
       92598
       92673
       92683
       92742
       92752
       92827
       92843
       92861
       92943
       92969
       93029
       93038
       93047
       93058
       93154
       93176
       93228
       93323
       93344
       93362
       93446
       93504
       93564
       93624
       93687
       93773
       93784
       93800
       93819
       93888
       93947
       94021
       94116
       94199
       94262
       94307
       94339
       94379
       94443
       94506
       94582
       94646
       94668
       94726
       94795
       94814
       94825
       94898
       94982
       95049
       95137
       95191
       95283
       95322
       95381
       95432
       95438
       95454
       95547
       95601
       95604
       95628
       95643
       95673
       95739
       95778
       95850
       95869
       95897
       95916
       95987
       96065
       96088
       96172
       96232
       96286
       96287
       96305
       96306
       96366
       96434
       96437
       96478
       96503
       96535
       96593
       96681
       96776
       96821
       96899
       96926
       96970
       96990
       97000
       97074
       97128
       97177
       97252
       97326
       97394
       97453
       97533
       97617
       97637
       97663
       97754
       97831
       97859
       97893
       97967
       98016
       98081
       98142
       98238
       98326
       98343
       98405
       98475
       98512
       98579
       98665
       98687
       98713
       98760
       98788
       98835
       98896
       98944
       99030
       99105
       99140
       99228
       99254
       99289
       99364
       99440
       99460
       99516
       99584
       99614
       99657
       99684
       99694
       99726
       99754
       99802
       99819
       99869
       99938
      100033
      100043
      100102
      100181
      100264
      100277
      100354
      100422
      100428
      100519
      100580
      100664
      100736
      100809
      100863
      100891
      100981
      101023
      101100
      101157
      101158
      101182
      101274
      101351
      101415
      101449
      101457
      101550
      101617
      101694
      101695
      101782
      101858
      101872
      101881
      101884
      101941
      101953
      102047
      102116
      102177
      102244
      102333
      102337
      102408
      102412
      102416
      102463
      102525
      102606
      102702
      102724
      102811
      102825
      102888
      102949
      102980
      103033
      103071
      103150
      103173
      103263
      103298
      103331
      103365
      103418
      103455
      103495
      103550
      103580
      103588
      103648
      103736
      103827
      103888
      103899
      103912
      103995
      104088
      104180
      104258
      104316
      104387
      104408
      104478
      104508
      104575
      104592
      104655
      104705
      104747
      104832
      104883
      104913
      104927
      104947
      105027
      105052
      105075
      105165
      105260
      105313
      105401
      105426
      105525
      105549
      105601
      105688
      105731
      105794
      105794
      105803
      105823
      105903
      105912
      105983
      106004
      106076
      106130
      106227
      106249
      106294
      106324
      106404
      106429
      106492
      106518
      106599
      106648
      106672
      106721
      106820
      106904
      106970
      107037
      107054
      107057
      107138
      107146
      107163
      107165
      107200
      107277
      107352
      107402
      107429
      107475
      107518
      107556
      107577
      107658
      107678
      107682
      107718
      107728
      107780
      107820
      107848
      107898
      107987
      108079
      108115
      108180
      108262
      108304
      108342
      108346
      108380
      108381
      108405
      108478
      108490
      108554
      108610
      108704
      108711
      108797
      108818
      108859
      108956
      109014
      109088
      109163
      109254
      109319
      109396
      109465
      109542
      109638
      109721
      109748
      109793
      109804
      109893
      109897
      109967
      110013
      110051
      110064
      110079
      110083
      110177
      110214
      110294
      110319
      110412
      110502
      110600
      110651
      110692
      110710
      110767
      110851
      110914
      110980
      111041
      111138
      111164
      111217
      111270
      111281
      111283
      111312
      111370
      111458
      111470
      111522
      111582
      111639
      111703
      111762
      111797
      111890
      111936
      111967
      112023
      112104
      112106
      112201
      112290
      112385
      112469
      112511
      112578
      112581
      112641
      112692
      112744
      112749
      112813
      112882
      112899
      112937
      112963
      113058
      113129
      113221
      113282
      113370
      113437
      113535
      113552
      113596
      113673
      113769
      113839
      113931
      113955
      113955
      114000
      114097
      114186
      114200
      114275
      114278
      114326
      114408
      114445
      114510
      114567
      114612
      114637
      114671
      114714
      114751
      114758
      114837
      114895
      114954
      115008
      115073
      115103
      115174
      115257
      115337
      115338
      115420
      115434
      115476
      115508
      115538
      115588
      115673
      115743
      115760
      115847
      115882
      115917
      115941
      116002
      116005
      116092
      116174
      116261
      116355
      116431
      116434
      116507
      116590
      116623
      116713
      116724
      116738
      116791
      116825
      116907
      116936
      117012
      117052
      117105
      117180
      117270
      117319
      117409
      117439
      117473
      117531
      117618
      117700
      117748
      117843
      117874
      117946
      118042
      118057
      118127
      118223
      118248
      118251
      118321
      118361
      118418
      118448
      118469
      118547
      118583
      118623
      118721
      118779
      118845
      118895
      118936
      118977
      119051
      119115
      119207
      119225
      119251
      119337
      119361
      119379
      119410
      119473
      119517
      119603
      119661
      119743
      119775
      119808
      119861
      119935
      120028
      120099
      120113
      120166
      120187
      120219
      120258
      120342
      120425
      120434
      120498
      120503
      120524
      120558
      120562
      120642
      120741
      120816
      120868
      120927
      120970
      121005
      121070
      121156
      121217
      121247
      121282
      121312
      121318
      121417
      121439
      121447
      121476
      121548
      121617
      121711
      121790
      121880
      121915
      121941
      121972
      121986
      122039
      122098
      122104
      122107
      122196
      122217
      122252
      122285
      122302
      122329
      122349
      122441
      122491
      122515
      122573
      122609
      122677
      122713
      122750
      122753
      122764
      122854
      122898
      122982
      123045
      123115
      123185
      123241
      123242
      123312
      123370
      123461
      123473
      123557
      123589
      123595
      123636
      123714
      123745
      123777
      123849
      123902
      123942
      123945
      123951
      124043
      124094
      124130
      124159
      124256
      124298
      124353
      124440
      124504
      124594
      124615
      124700
      124765
      124777
      124861
      124932
      125005
      125013
      125090
      125116
      125133
      125217
      125272
      125344
      125391
      125396
      125434
      125515
      125557
      125597
      125681
      125746
      125794
      125817
      125888
      125918
      125938
      125984
      125985
      126013
      126065
      126156
      126158
      126217
      126226
      126300
      126339
      126359
      126432
      126504
      126563
      126601
      126620
      126648
      126704
      126714
      126787
      126815
      126834
      126845
      126897
      126996
      127061
      127074
      127108
      127134
      127134
      127223
      127257
      127304
      127373
      127461
      127538
      127594
      127606
      127683
      127779
      127795
      127872
      127876
      127937
      127989
      128030
      128095
      128107
      128192
      128254
      128286
      128306
      128377
      128449
      128466
      128529
      128598
      128621
      128623
      128719
      128768
      128824
      128908
      128978
      129052
      129103
      129197
      129211
      129289
      129342
      129367
      129434
      129450
      129480
      129494
      129532
      129577
      129656
      129684
      129729
      129803
      129853
      129912
      129940
      129952
      130034
      130100
      130197
      130205
      130243
      130339
      130347
      130439
      130480
      130489
      130497
      130583
      130654
      130689
      130693
      130717
      130774
      130858
      130905
      130953
      130972
      130977
      130982
      131002
      131010
      131101
      131102
      131152
      131177
      131234
      131297
      131315
      131345
      131392
      131403
      131489
      131534
      131548
      131554
      131618
      131696
      131776
      131872
      131885
      131909
      131983
      131996
      132002
      132025
      132056
      132089
      132136
      132161
      132181
      132272
      132323
      132360
      132400
      132489
      132564
      132608
      132639
      132661
      132744
      132747
      132770
      132784
      132875
      132972
      132975
      133016
      133099
      133168
      133258
      133346
      133423
      133463
      133532
      133533
      133547
      133559
      133624
      133631
      133651
      133729
      133815
      133825
      133914
      134009
      134062
      134099
      134124
      134128
      134197
      134282
      134334
      134418
      134481
      134577
      134579
      134637
      134695
      134786
      134865
      134941
      134982
      135015
      135099
      135102
      135116
      135148
      135228
      135275
      135275
      135293
      135391
      135410
      135435
      135488
      135584
      135649
      135687
      135694
      135784
      135866
      135911
      135914
      135991
      136088
      136145
      136174
      136197
      136289
      136322
      136360
      136400
      136418
      136463
      136516
      136583
      136602
      136686
      136700
      136709
      136728
      136757
      136849
      136925
      137017
      137068
      137089
      137116
      137142
      137223
      137314
      137374
      137411
      137476
      137546
      137590
      137683
      137779
      137805
      137809
      137869
      137930
      138019
      138046
      138138
      138223
      138234
      138271
      138315
      138333
      138407
      138505
      138554
      138594
      138692
      138790
      138847
      138888
      138936
      138989
      139079
      139096
      139156
      139205
      139216
      139286
      139360
      139400
      139419
      139492
      139502
      139503
      139523
      139594
      139661
      139703
      139735
      139831
      139870
      139909
      139999
      140072
      140157
      140217
      140230
      140285
      140380
      140438
      140496
      140542
      140614
      140713
      140773
      140820
      140902
      140923
      141004
      141082
      141134
      141170
      141233
      141263
      141297
      141337
      141395
      141454
      141489
      141551
      141565
      141623
      141633
      141717
      141770
      141849
      141869
      141959
      141987
      142078
      142096
      142157
      142218
      142315
      142329
      142357
      142379
      142404
      142477
      142549
      142595
      142641
      142647
      142703
      142796
      142890
      142894
      142965
      143050
      143134
      143206
      143224
      143283
      143313
      143335
      143362
      143370
      143446
      143452
      143496
      143557
      143620
      143658
      143733
      143746
      143829
      143902
      143920
      143934
      143938
      143988
      143996
      144039
      144109
      144207
      144216
      144237
      144331
      144368
      144444
      144534
      144566
      144575
      144627
      144680
      144759
      144842
      144922
      144997
      145005
      145010
      145011
      145053
      145070
      145116
      145187
      145258
      145284
      145360
      145451
      145453
      145517
      145560
      145577
      145663
      145666
      145678
      145680
      145775
      145803
      145881
      145894
      145943
      146028
      146077
      146126
      146127
      146204
      146288
      146364
      146378
      146387
      146416
      146447
      146517
      146552
      146615
      146647
      146722
      146804
      146873
      146886
      146952
      146978
      147026
      147098
      147141
      147162
      147243
      147340
      147396
      147429
      147463
      147505
      147544
      147623
      147718
      147725
      147778
      147837
      147914
      148012
      148012
      148060
      148140
      148193
      148198
      148217
      148234
      148331
      148390
      148462
      148499
      148564
      148594
      148599
      148633
      148698
      148794
      148855
      148912
      148926
      148982
      149037
      149079
      149086
      149156
      149196
      149280
      149325
      149365
      149410
      149499
      149528
      149618
      149679
      149688
      149761
      149778
      149794
      149831
      149905
      149939
      149966
      150050
      150131
      150180
      150223
      150263
      150303
      150326
      150333
      150427
      150435
      150512
      150542
      150605
      150682
      150707
      150801
      150865
      150925
      150961
      150993
      150994
      151000
      151078
      151112
      151164
      151260
      151316
      151323
      151402
      151501
      151522
      151611
      151661
      151667
      151677
      151736
      151807
      151858
      151954
      151992
      151992
      152085
      152094
      152178
      152250
      152319
      152333
      152364
      152374
      152387
      152483
      152502
      152531
      152608
      152658
      152703
      152794
      152865
      152888
      152979
      153060
      153097
      153135
      153205
      153294
      153385
      153391
      153439
      153459
      153554
      153643
      153684
      153728
      153735
      153813
      153833
      153925
      154007
      154075
      154130
      154219
      154228
      154302
      154362
      154425
      154452
      154452
      154462
      154476
      154565
      154584
      154595
      154620
      154623
      154710
      154715
      154762
      154803
      154834
      154834
      154929
      154958
      154999
      155089
      155119
      155188
      155192
      155224
      155272
      155298
      155356
      155375
      155425
      155469
      155568
      155664
      155723
      155765
      155768
      155837
      155883
      155963
      156056
      156115
      156142
      156176
      156196
      156267
      156280
      156373
      156392
      156488
      156520
      156578
      156658
      156755
      156767
      156844
      156908
      156970
      157018
      157066
      157148
      157213
      157255
      157270
      157290
      157290
      157335
      157365
      157457
      157528
      157549
      157573
      157612
      157674
      157679
      157704
      157723
      157731
      157775
      157811
      157874
      157880
      157936
      157957
      157978
      158062
      158091
      158108
      158151
      158175
      158179
      158237
      158261
      158288
      158366
      158384
      158413
      158495
      158503
      158555
      158614
      158684
      158759
      158840
      158853
      158918
      158923
      159001
      159039
      159081
      159150
      159202
      159228
      159241
      159251
      159347
      159381
      159411
      159423
      159517
      159611
      159657
      159669
      159759
      159834
      159862
      159915
      159932
      159939
      159992
      160044
      160050
      160053
      160081
      160164
      160199
      160272
      160311
      160328
      160380
      160404
      160411
      160428
      160513
      160532
      160608
      160622
      160720
      160733
      160779
      160829
      160875
      160960
      160971
      161059
      161137
      161203
      161261
      161266
      161320
      161414
      161510
      161534
      161626
      161652
      161721
      161735
      161796
      161864
      161906
      161918
      162008
      162008
      162046
      162077
      162093
      162110
      162131
      162196
      162253
      162288
      162352
      162362
      162452
      162518
      162521
      162524
      162596
      162653
      162701
      162797
      162805
      162901
      162919
      162975
      162990
      163070
      163091
      163117
      163135
      163211
      163306
      163329
      163355
      163378
      163418
      163506
      163519
      163611
      163615
      163642
      163739
      163768
      163796
      163876
      163884
      163959
      163973
      164003
      164014
      164040
      164107
      164204
      164278
      164340
      164368
      164394
      164482
      164489
      164523
      164594
      164630
      164660
      164719
      164731
      164770
      164842
      164879
      164894
      164956
      165012
      165092
      165150
      165216
      165239
      165281
      165347
      165391
      165413
      165463
      165545
      165610
      165702
      165721
      165756
      165777
      165815
      165864
      165871
      165918
      165982
      166071
      166079
      166164
      166246
      166248
      166257
      166350
      166364
      166432
      166453
      166539
      166627
      166716
      166764
      166797
      166817
      166891
      166976
      167000
      167038
      167106
      167143
      167153
      167185
      167204
      167218
      167276
      167360
      167447
      167500
      167586
      167672
      167738
      167752
      167828
      167896
      167956
      168006
      168021
      168062
      168116
      168125
      168165
      168202
      168286
      168377
      168408
      168444
      168477
      168541
      168572
      168575
      168658
      168739
      168743
      168755
      168846
      168880
      168949
      169036
      169061
      169082
      169145
      169187
      169194
      169256
      169258
      169357
      169408
      169426
      169522
      169603
      169638
      169674
      169688
      169701
      169770
      169818
      169907
      169926
      170019
      170097
      170176
      170186
      170244
      170261
      170291
      170361
      170371
      170376
      170463
      170484
      170501
      170538
      170576
      170603
      170630
      170696
      170744
      170814
      170898
      170994
      171010
      171021
      171045
      171140
      171166
      171224
      171227
      171299
      171390
      171484
      171498
      171549
      171613
      171655
      171657
      171713
      171772
      171778
      171800
      171844
      171936
      172013
      172083
      172167
      172228
      172299
      172357
      172361
      172404
      172456
      172481
      172514
      172516
      172567
      172577
      172579
      172626
      172725
      172736
      172814
      172913
      173007
      173054
      173134
      173153
      173190
      173217
      173224
      173232
      173261
      173276
      173368
      173442
      173480
      173490
      173491
      173558
      173605
      173677
      173694
      173791
      173810
      173867
      173891
      173981
      174060
      174120
      174160
      174181
      174185
      174265
      174271
      174365
      174396
      174432
      174466
      174533
      174613
      174650
      174660
      174753
      174801
      174897
      174907
      174948
      175014
      175052
      175134
      175229
      175326
      175329
      175362
      175404
      175478
      175492
      175545
      175625
      175653
      175689
      175772
      175835
      175857
      175906
      175983
      176063
      176101
      176109
      176176
      176260
      176313
      176395
      176457
      176530
      176623
      176644
      176737
      176753
      176794
      176800
      176800
      176806
      176854
      176921
      177020
      177045
      177111
      177187
      177245
      177282
      177377
      177414
      177484
      177563
      177644
      177706
      177722
      177733
      177805
      177868
      177905
      177940
      178000
      178053
      178114
      178164
      178224
      178305
      178309
      178325
      178403
      178461
      178519
      178581
      178646
      178672
      178723
      178730
      178757
      178856
      178932
      178971
      179063
      179152
      179232
      179300
      179313
      179356
      179422
      179498
      179597
      179658
      179710
      179712
      179795
      179818
      179875
      179944
      179993
      179997
      179999
      180024
      180027
      180061
      180086
      180169
      180195
      180210
      180263
      180278
      180293
      180389
      180484
      180545
      180616
      180697
      180760
      180829
      180900
      180962
      181036
      181091
      181104
      181146
      181215
      181261
      181357
      181387
      181450
      181514
      181518
      181518
      181564
      181615
      181626
      181647
      181684
      181696
      181755
      181757
      181845
      181940
      181967
      182064
      182137
      182156
      182207
      182297
      182334
      182351
      182444
      182449
      182499
      182543
      182603
      182615
      182677
      182745
      182815
      182838
      182841
      182855
      182876
      182903
      182982
      183013
      183092
      183139
      183139
      183167
      183183
      183232
      183305
      183344
      183353
      183430
      183485
      183580
      183604
      183680
      183740
      183786
      183821
      183891
      183978
      183987
      184084
      184182
      184269
      184353
      184441
      184470
      184484
      184527
      184542
      184598
      184662
      184739
      184783
      184795
      184840
      184881
      184916
      184942
      184976
      184999
      185012
      185085
      185134
      185205
      185282
      185343
      185371
      185467
      185521
      185586
      185637
      185717
      185759
      185851
      185926
      185975
      186026
      186109
      186149
      186233
      186271
      186281
      186282
      186306
      186348
      186373
      186393
      186462
      186506
      186581
      186612
      186688
      186693
      186766
      186803
      186867
      186952
      187029
      187068
      187084
      187122
      187158
      187174
      187190
      187251
      187324
      187396
      187421
      187475
      187517
      187609
      187672
      187718
      187767
      187799
      187862
      187930
      187996
      188089
      188155
      188200
      188247
      188289
      188382
      188411
      188434
      188516
      188598
      188628
      188675
      188737
      188812
      188853
      188909
      188991
      189052
      189079
      189177
      189241
      189259
      189311
      189362
      189387
      189427
      189510
      189569
      189658
      189753
      189820
      189837
      189934
      189994
      190007
      190028
      190034
      190061
      190092
      190117
      190127
      190144
      190199
      190200
      190216
      190267
      190267
      190292
      190372
      190426
      190441
      190502
      190557
      190591
      190690
      190696
      190733
      190832
      190837
      190852
      190891
      190898
      190935
      190991
      191049
      191100
      191121
      191219
      191232
      191238
      191320
      191417
      191424
      191472
      191512
      191539
      191626
      191635
      191641
      191740
      191824
      191888
      191902
      191957
      191982
      192067
      192135
      192169
      192214
      192222
      192223
      192228
      192287
      192386
      192388
      192428
      192487
      192526
      192619
      192656
      192695
      192727
      192813
      192844
      192943
      192960
      193043
      193137
      193144
      193189
      193277
      193356
      193389
      193467
      193479
      193545
      193617
      193654
      193686
      193772
      193817
      193844
      193931
      194001
      194036
      194094
      194132
      194203
      194288
      194351
      194404
      194475
      194522
      194532
      194597
      194631
      194634
      194637
      194658
      194750
      194812
      194828
      194903
      194916
      194971
      194979
      195015
      195016
      195053
      195140
      195196
      195230
      195270
      195363
      195366
      195370
      195463
      195510
      195528
      195583
      195672
      195698
      195739
      195816
      195912
      196002
      196055
      196091
      196159
      196169
      196191
      196269
      196307
      196384
      196434
      196484
      196530
      196586
      196680
      196711
      196806
      196902
      196930
      196992
      197023
      197121
      197182
      197188
      197203
      197264
      197310
      197368
      197433
      197490
      197514
      197583
      197591
      197620
      197638
      197717
      197803
      197879
      197925
      198020
      198119
      198202
      198247
      198301
      198332
      198350
      198358
      198358
      198388
      198477
      198530
      198550
      198585
      198654
      198710
      198744
      198752
      198770
      198796
      198824
      198909
      198991
      199079
      199118
      199171
      199190
      199233
      199265
      199327
      199373
      199403
      199478
      199539
      199588
      199682
      199769
      199854
      199896
      199921
      199944
      199987
      200005
      200074
      200173
      200213
      200294
      200300
      200395
      200400
      200425
      200447
      200510
      200514
      200603
      200670
      200736
      200747
      200792
      200871
      200958
      200991
      201043
      201088
      201097
      201115
      201205
      201283
      201366
      201417
      201418
      201418
      201429
      201430
      201462
      201520
      201576
      201647
      201721
      201803
      201901
      201955
      202025
      202059
      202136
      202154
      202231
      202257
      202339
      202414
      202456
      202497
      202550
      202639
      202700
      202749
      202832
      202916
      202934
      202934
      202982
      203056
      203097
      203162
      203258
      203326
      203361
      203433
      203462
      203500
      203514
      203533
      203556
      203574
      203631
      203666
      203673
      203754
      203776
      203783
      203875
      203948
      204013
      204093
      204122
      204202
      204289
      204355
      204398
      204402
      204432
      204474
      204547
      204605
      204656
      204666
      204764
      204807
      204886
      204890
      204904
      204913
      204948
      205018
      205096
      205144
      205208
      205280
      205378
      205476
      205491
      205561
      205597
      205649
      205684
      205729
      205798
      205860
      205873
      205962
      206000
      206031
      206108
      206129
      206180
      206236
      206276
      206310
      206373
      206404
      206424
      206432
      206448
      206532
      206586
      206610
      206651
      206728
      206775
      206801
      206828
      206851
      206889
      206977
      207013
      207027
      207031
      207121
      207206
      207302
      207373
      207445
      207460
      207488
      207507
      207600
      207669
      207734
      207774
      207843
      207845
      207926
      207955
      208037
      208135
      208214
      208276
      208276
      208313
      208402
      208486
      208495
      208497
      208560
      208659
      208703
      208733
      208775
      208798
      208850
      208860
      208937
      208974
      208999
      209076
      209078
      209165
      209258
      209285
      209340
      209380
      209422
      209487
      209498
      209498
      209594
      209686
      209736
      209789
      209789
      209842
      209893
      209982
      210049
      210104
      210106
      210198
      210219
      210257
      210290
      210345
      210413
      210507
      210525
      210562
      210643
      210679
      210726
      210810
      210816
      210854
      210928
      211007
      211092
      211152
      211216
      211280
      211366
      211436
      211514
      211612
      211692
      211783
      211861
      211949
      211992
      212087
      212139
      212227
      212273
      212353
      212429
      212506
      212537
      212602
      212633
      212680
      212770
      212794
      212860
      212899
      212941
      213005
      213102
      213105
      213135
      213142
      213201
      213260
      213356
      213445
      213519
      213575
      213627
      213722
      213723
      213725
      213767
      213855
      213863
      213880
      213896
      213903
      213903
      213919
      214016
      214054
      214066
      214156
      214168
      214249
      214259
      214275
      214279
      214340
      214384
      214389
      214412
      214471
      214532
      214572
      214642
      214692
      214709
      214771
      214870
      214957
      214965
      215049
      215135
      215172
      215205
      215253
      215317
      215338
      215425
      215441
      215484
      215536
      215629
      215719
      215762
      215810
      215847
      215874
      215891
      215950
      216022
      216023
      216102
      216194
      216284
      216362
      216408
      216491
      216528
      216535
      216540
      216576
      216598
      216601
      216617
      216622
      216640
      216732
      216745
      216831
      216867
      216948
      216965
      216988
      217023
      217069
      217142
      217193
      217285
      217318
      217324
      217408
      217472
      217510
      217563
      217654
      217696
      217759
      217795
      217890
      217952
      217973
      218034
      218056
      218142
      218205
      218217
      218221
      218320
      218335
      218353
      218393
      218490
      218532
      218549
      218569
      218576
      218608
      218693
      218766
      218864
      218914
      218966
      218994
      219043
      219058
      219071
      219081
      219104
      219196
      219231
      219289
      219351
      219377
      219411
      219484
      219520
      219525
      219571
      219652
      219708
      219716
      219747
      219812
      219877
      219905
      219916
      219985
      220072
      220103
      220197
      220255
      220268
      220356
      220387
      220407
      220418
      220485
      220558
      220575
      220655
      220701
      220792
      220807
      220875
      220912
      220933
      221031
      221061
      221160
      221231
      221292
      221381
      221435
      221533
      221600
      221670
      221748
      221765
      221778
      221814
      221913
      221925
      221956
      221972
      222016
      222053
      222061
      222147
      222156
      222208
      222269
      222359
      222421
      222446
      222527
      222541
      222626
      222644
      222716
      222745
      222785
      222791
      222798
      222839
      222903
      222959
      223052
      223100
      223102
      223104
      223171
      223228
      223279
      223296
      223350
      223423
      223504
      223565
      223646
      223660
      223714
      223768
      223776
      223874
      223889
      223948
      224033
      224109
      224180
      224224
      224283
      224342
      224386
      224447
      224542
      224551
      224574
      224584
      224659
      224746
      224772
      224775
      224775
      224831
      224858
      224866
      224937
      224989
      225070
      225144
      225189
      225269
      225331
      225336
      225387
      225394
      225488
      225516
      225553
      225573
      225622
      225650
      225747
      225831
      225883
      225944
      225972
      226069
      226073
      226160
      226246
      226258
      226262
      226341
      226411
      226507
      226531
      226592
      226671
      226722
      226772
      226789
      226860
      226887
