          64
          68
         158
         160
         220
         220
         272
         299
         333
         351
         411
         446
         472
         477
         511
         585
         651
         699
         715
         792
         837
         917
        1009
        1052
        1100
        1173
        1239
        1260
        1312
        1329
        1363
        1428
        1527
        1597
        1642
        1719
        1778
        1869
        1951
        1981
        1981
        2027
        2030
        2113
        2141
        2240
        2321
        2409
        2468
        2477
        2543
        2553
        2628
        2656
        2670
        2701
        2758
        2786
        2841
        2923
        2973
        3067
        3084
        3144
        3232
        3268
        3278
        3331
        3335
        3399
        3436
        3458
        3513
        3549
        3558
        3633
        3649
        3701
        3706
        3724
        3817
        3874
        3922
        3927
        4021
        4063
        4074
        4172
        4197
        4239
        4302
        4393
        4393
        4462
        4546
        4568
        4587
        4591
        4592
        4650
        4683
        4749
        4823
        4854
        4907
        4996
        5001
        5028
        5083
        5166
        5168
        5204
        5261
        5327
        5388
        5430
        5470
        5534
        5546
        5605
        5651
        5735
        5827
        5904
        5950
        6000
        6087
        6154
        6238
        6312
        6343
        6396
        6491
        6515
        6527
        6561
        6568
        6621
        6718
        6766
        6788
        6873
        6960
        6966
        7056
        7120
        7192
        7238
        7266
        7337
        7418
        7422
        7494
        7498
        7585
        7611
        7660
        7692
        7704
        7761
        7800
        7817
        7908
        7993
        8012
        8094
        8162
        8165
        8256
        8261
        8328
        8421
        8495
        8580
        8607
        8626
        8645
        8666
        8749
        8807
        8874
        8945
        9018
        9038
        9101
        9137
        9232
        9319
        9417
        9455
        9463
        9512
        9520
        9563
        9592
        9647
        9654
        9690
        9721
        9817
        9884
        9909
       10006
       10054
       10058
       10157
       10184
       10246
       10324
       10406
       10455
       10508
       10600
       10678
       10710
       10722
       10740
       10763
       10853
       10946
       11015
       11053
       11146
       11186
       11225
       11300
       11354
       11422
       11454
       11490
       11536
       11554
       11636
       11652
       11690
       11759
       11855
       11890
       11946
       11984
       12077
       12122
       12162
       12180
       12242
       12284
       12305
       12329
       12395
       12456
       12518
       12541
       12622
       12685
       12735
       12764
       12841
       12875
       12931
       12974
       13065
       13133
       13216
       13225
       13303
       13339
       13348
       13401
       13405
       13473
       13529
       13609
       13687
       13723
       13736
       13779
       13822
       13868
       13868
       13918
       13940
       13965
       13998
       14090
       14117
       14142
       14162
       14181
       14257
       14342
       14352
       14451
       14459
       14507
       14522
       14544
       14590
       14632
       14652
       14687
       14783
       14841
       14865
       14894
       14931
       14981
       15040
       15088
       15110
       15125
       15146
       15181
       15242
       15320
       15338
       15383
       15412
       15418
       15509
       15532
       15623
       15707
       15798
       15807
       15850
       15942
       15966
       15985
       15993
       16069
       16099
       16190
       16226
       16303
       16393
       16441
       16515
       16608
       16661
       16741
       16813
       16815
       16863
       16925
       16993
       17050
       17117
       17216
       17229
       17323
       17357
       17372
       17412
       17487
       17530
       17611
       17701
       17722
       17807
       17888
       17927
       18007
       18053
       18131
       18182
       18249
       18291
       18324
       18336
       18370
       18412
       18469
       18541
       18618
       18709
       18735
       18798
       18860
       18903
       18970
       19035
       19078
       19111
       19168
       19173
       19259
       19283
       19336
       19374
       19453
       19541
       19616
       19674
       19700
       19792
       19834
       19922
       19938
       19945
       19981
       20035
       20094
       20105
       20169
       20214
       20236
       20320
       20402
       20462
       20502
       20532
       20612
       20686
       20738
       20782
       20837
       20890
       20932
       20966
       20999
       21000
       21091
       21141
       21236
       21329
       21399
       21491
       21535
       21576
       21606
       21702
       21735
       21809
       21883
       21897
       21976
       22014
       22113
       22149
       22222
       22263
       22269
       22340
       22410
       22433
       22438
       22443
       22496
       22536
       22612
       22651
       22715
       22797
       22828
       22924
       22952
       23027
       23062
       23091
       23152
       23214
       23240
       23310
       23349
       23384
       23416
       23479
       23554
       23609
       23707
       23761
       23817
       23849
       23849
       23943
       23972
       23974
       24071
       24096
       24194
       24255
       24330
       24392
       24435
       24517
       24536
       24562
       24616
       24668
       24713
       24753
       24838
       24860
       24907
       24987
       25074
       25119
       25157
       25188
       25287
       25330
       25412
       25447
       25476
       25534
       25617
       25672
       25729
       25756
       25846
       25851
       25889
       25980
       26020
       26025
       26067
       26158
       26188
       26272
       26348
       26369
       26447
       26478
       26496
       26543
       26626
       26724
       26734
       26814
       26855
       26862
       26937
       26973
       26995
       27087
       27127
       27223
       27225
       27293
       27371
       27438
       27503
       27534
       27554
       27600
       27671
       27760
       27826
       27850
       27891
       27941
       28007
       28020
       28086
       28141
       28177
       28230
       28277
       28341
       28393
       28447
       28529
       28569
       28587
       28608
       28662
       28726
       28818
       28872
       28876
       28929
       28931
       28958
       29023
       29086
       29097
       29135
       29179
       29242
       29292
       29367
       29466
       29530
       29613
       29664
       29732
       29733
       29806
       29865
       29902
       29965
       29978
       29992
       30084
       30127
       30127
       30186
       30271
       30303
       30337
       30408
       30496
       30503
       30579
       30658
       30668
       30723
       30805
       30895
       30979
       30996
       31074
       31128
       31140
       31172
       31176
       31218
       31289
       31348
       31403
       31490
       31570
       31619
       31707
       31755
       31840
       31844
       31851
       31859
       31927
       32011
       32070
       32104
       32186
       32244
       32258
       32265
       32357
       32359
       32452
       32458
       32553
       32642
       32651
       32686
       32748
       32774
       32780
       32810
       32906
       32911
       32958
       32972
       33044
       33137
       33225
       33297
       33378
       33403
       33434
       33475
       33502
       33552
       33628
       33630
       33653
       33682
       33713
       33714
       33738
       33773
       33813
       33908
       33985
       34003
       34041
       34045
       34126
       34198
       34228
       34291
       34305
       34378
       34404
       34438
       34481
       34563
       34613
       34663
       34714
       34761
       34790
       34816
       34891
       34987
       35012
       35096
       35132
       35197
       35224
       35296
       35380
       35459
       35543
       35633
       35635
       35660
       35706
       35760
       35780
       35787
       35807
       35854
       35933
       35939
       36001
       36028
       36121
       36192
       36270
       36365
       36411
       36506
       36521
       36557
       36609
       36637
       36696
       36750
       36752
       36785
       36818
       36910
       36999
       36999
       37012
       37060
       37125
       37140
       37164
       37181
       37205
       37304
       37322
       37392
       37437
       37484
       37544
       37553
       37585
       37631
       37729
       37808
       37876
       37910
       37937
       38029
       38060
       38097
       38105
       38158
       38208
       38270
       38307
       38395
       38427
       38501
       38597
       38690
       38741
       38764
       38862
       38938
       38954
       39006
       39058
       39147
       39155
       39210
       39288
       39317
       39336
       39388
       39464
       39546
       39609
       39621
       39709
       39763
       39829
       39882
       39968
       40029
       40079
       40106
       40131
       40192
       40229
       40322
       40411
       40496
       40562
       40659
       40696
       40785
       40822
       40829
       40848
       40882
       40898
       40916
       40939
       41006
       41015
       41060
       41143
       41164
       41201
       41257
       41293
       41312
       41362
       41376
       41465
       41467
       41538
       41543
       41544
       41631
       41665
       41762
       41811
       41831
       41884
       41912
       41939
       41969
       42064
       42094
       42136
       42207
       42208
       42255
       42321
       42325
       42346
       42417
       42458
       42511
       42577
       42636
       42694
       42768
       42866
       42924
       42963
       43018
       43026
       43052
       43072
       43108
       43126
       43204
       43275
       43300
       43321
       43387
       43387
       43408
       43436
       43507
       43568
       43605
       43626
       43684
       43730
       43783
       43871
       43932
       44019
       44039
       44086
       44097
       44153
       44169
       44206
       44223
       44261
       44334
       44378
       44421
       44435
       44490
       44534
       44546
       44565
       44565
       44660
       44694
       44723
       44762
       44846
       44914
       45002
       45041
       45052
       45079
       45093
       45177
       45210
       45295
       45298
       45336
       45421
       45422
       45456
       45501
       45578
       45587
       45638
       45687
       45698
       45755
       45838
       45861
       45872
       45949
       46011
       46032
       46114
       46172
       46224
       46317
       46379
       46445
       46510
       46544
       46592
       46597
       46607
       46656
       46690
       46702
       46787
       46877
       46950
       46976
       46980
       47049
       47124
       47161
       47214
       47230
       47263
       47286
       47315
       47321
       47337
       47357
       47371
       47454
       47484
       47502
       47519
       47553
       47652
       47691
       47755
       47846
       47856
       47934
       47951
       47969
       48045
       48126
       48146
       48216
       48269
       48280
       48334
       48379
       48390
       48459
       48490
       48534
       48613
       48673
       48722
       48766
       48858
       48864
       48870
       48892
       48905
       48998
       49049
       49081
       49116
       49213
       49259
       49307
       49380
       49436
       49526
       49602
       49664
       49732
       49811
       49892
       49951
       49951
       50002
       50033
       50113
       50129
       50188
       50239
       50315
       50364
       50415
       50426
       50467
       50557
       50646
       50714
       50764
       50812
       50859
       50885
       50935
       50941
       50968
       50981
       51008
       51105
       51130
       51144
       51231
       51235
       51279
       51309
       51363
       51435
       51508
       51587
       51654
       51662
       51727
       51812
       51867
       51922
       52007
       52093
       52141
       52147
       52155
       52156
       52182
       52228
       52250
       52290
       52373
       52422
       52466
       52486
       52567
       52631
       52688
       52760
       52773
       52780
       52857
       52916
       52986
       52986
       53062
       53083
       53179
       53202
       53254
       53295
       53329
       53423
       53485
       53554
       53579
       53673
       53761
       53794
       53845
       53886
       53933
       54009
       54013
       54043
       54138
       54212
       54264
       54328
       54368
       54381
       54467
       54555
       54613
       54632
       54658
       54755
       54777
       54867
       54915
       54986
       55046
       55051
       55130
       55191
       55197
       55211
       55279
       55368
       55411
       55417
       55467
       55554
       55607
       55671
       55736
       55826
       55918
       55949
       56024
       56049
       56059
       56144
       56199
       56206
       56207
       56265
       56336
       56379
       56459
       56541
       56626
       56642
       56678
       56765
       56831
       56846
       56922
       56988
       57034
       57066
       57110
       57110
       57141
       57222
       57255
       57351
       57388
       57482
       57578
       57600
       57648
       57676
       57683
       57686
       57711
       57788
       57875
       57902
       57987
       58022
       58120
       58137
       58150
       58194
       58277
       58325
       58326
       58379
       58407
       58421
       58443
       58445
       58535
       58620
       58624
       58708
       58709
       58770
       58868
       58941
       58986
       59015
       59049
       59089
       59134
       59153
       59224
       59227
       59314
       59377
       59453
       59546
       59562
       59601
       59624
       59634
       59640
       59676
       59725
       59800
       59893
       59982
       60009
       60077
       60162
       60169
       60185
       60243
       60311
       60342
       60441
       60491
       60503
       60590
       60636
       60642
       60732
       60748
       60814
       60871
       60917
       60926
       60951
       61050
       61148
       61245
       61319
       61340
       61423
       61431
       61463
       61463
       61550
       61628
       61637
       61672
       61740
       61797
       61804
       61860
       61943
       62023
       62027
       62063
       62149
       62226
       62237
       62246
       62312
       62388
       62445
       62461
       62511
       62532
       62587
       62643
       62659
       62685
       62777
       62780
       62785
       62868
       62902
       63001
       63038
       63064
       63128
       63138
       63189
       63198
       63283
       63375
       63425
       63519
       63545
       63630
       63659
       63741
       63815
       63849
       63929
       63930
       64021
       64118
       64204
       64217
       64292
       64314
       64349
       64445
       64509
       64563
       64571
       64626
       64684
       64781
       64846
       64922
       65012
       65037
       65107
       65160
       65174
       65202
       65230
       65291
       65332
       65384
       65433
       65519
       65525
       65571
       65634
       65666
       65765
       65856
       65885
       65979
       66052
       66076
       66164
       66196
       66247
       66313
       66359
       66419
       66478
       66528
       66560
       66573
       66593
       66619
       66658
       66694
       66762
       66817
       66853
       66940
       66974
       67055
       67153
       67174
       67263
       67331
       67350
       67408
       67456
       67481
       67525
       67622
       67637
       67729
       67817
       67838
       67883
       67888
       67901
       67997
       68083
       68180
       68199
       68297
       68395
       68415
       68493
       68568
       68582
       68598
       68684
       68762
       68821
       68847
       68866
       68888
       68891
       68894
       68963
       68985
       69071
       69109
       69134
       69187
       69198
       69276
       69297
       69338
       69390
       69414
       69480
       69534
       69541
       69567
       69591
       69633
       69637
       69686
       69776
       69825
       69853
       69938
       70001
       70019
       70055
       70086
       70160
       70182
       70253
       70330
       70408
       70426
       70491
       70521
       70545
       70560
       70635
       70712
       70795
       70876
       70895
       70974
       71046
       71053
       71056
       71098
       71183
       71270
       71353
       71390
       71429
       71448
       71457
       71503
       71581
       71618
       71681
       71734
       71786
       71821
       71876
       71901
       71971
       72047
       72084
       72180
       72263
       72320
       72320
       72349
       72417
       72505
       72602
       72617
       72621
       72720
       72730
       72825
       72851
       72922
       72975
       73040
       73075
       73075
       73143
       73233
       73239
       73311
       73344
       73426
       73466
       73516
       73548
       73599
       73641
       73681
       73746
       73774
       73858
       73938
       74013
       74048
       74143
       74165
       74240
       74296
       74392
       74436
       74501
       74513
       74566
       74569
       74569
       74573
       74654
       74722
       74816
       74857
       74892
       74928
       75015
       75022
       75115
       75160
       75177
       75252
       75345
       75385
       75402
       75436
       75500
       75532
       75575
       75628
       75659
       75738
       75758
       75810
       75902
       75950
       76008
       76027
       76103
       76154
       76244
       76327
       76383
       76393
       76418
       76510
       76575
       76669
       76761
       76853
       76881
       76905
       76989
       77058
       77059
       77125
       77203
       77210
       77261
       77349
       77379
       77445
       77509
       77517
       77583
       77583
       77623
       77683
       77766
       77805
       77828
       77831
       77892
       77905
       77923
       77964
       78039
       78041
       78123
       78179
       78193
       78237
       78306
       78380
       78380
       78460
       78486
       78520
       78582
       78664
       78758
       78773
       78831
       78894
       78914
       78982
       79023
       79034
       79052
       79053
       79141
       79143
       79169
       79189
       79217
       79308
       79324
       79393
       79488
       79519
       79591
       79592
       79641
       79722
       79769
       79802
       79862
       79938
       79983
       80066
       80097
       80185
       80215
       80300
       80328
       80375
       80414
       80474
       80495
       80551
       80594
       80690
       80732
       80800
       80846
       80867
       80899
       80950
       80965
       81051
       81092
       81115
       81142
       81187
       81218
       81294
       81370
       81466
       81502
       81593
       81648
       81667
       81702
       81707
       81714
       81744
       81761
       81776
       81861
       81869
       81926
       82014
       82067
       82074
       82114
       82189
       82230
       82260
       82267
       82350
       82355
       82422
       82439
       82464
       82505
       82562
       82587
       82632
       82691
       82715
       82745
       82803
       82804
       82831
       82902
       82944
       82966
       83035
       83050
       83059
       83081
       83176
       83275
       83333
       83365
       83459
       83545
       83601
       83604
       83645
       83736
       83750
       83834
       83853
       83904
       83908
       83990
       84005
       84067
       84149
       84153
       84248
       84324
       84365
       84372
       84403
       84456
       84524
       84623
       84712
       84767
       84772
       84845
       84936
       84950
       84976
       85006
       85085
       85092
       85113
       85165
       85188
       85208
       85275
       85288
       85290
       85290
       85311
       85323
       85329
       85353
       85440
       85532
       85546
       85589
       85642
       85732
       85748
       85809
       85838
       85881
       85933
       85946
       86016
       86022
       86082
       86115
       86189
       86217
       86229
       86309
       86338
       86359
       86424
       86476
       86551
       86597
       86631
       86717
       86810
       86903
       86992
       87087
       87159
       87217
       87262
       87347
       87369
       87442
       87524
       87576
       87614
       87696
       87737
       87790
       87886
       87903
       87998
       88081
       88174
       88246
       88248
       88328
       88396
       88468
       88491
       88494
       88563
       88567
       88626
       88645
       88690
       88762
       88802
       88825
       88877
       88886
       88911
       88919
       88974
       88988
       89072
       89169
       89266
       89324
       89418
       89490
       89579
       89649
       89649
       89727
       89804
       89861
       89946
       89956
       90044
       90100
       90183
       90251
       90285
       90349
       90396
       90426
       90459
       90496
       90588
       90618
       90622
       90685
       90708
       90737
       90818
       90854
       90939
       90970
       91066
       91140
       91238
       91264
       91313
       91391
       91428
       91473
       91498
       91589
       91605
       91667
       91733
       91792
       91829
       91906
       91910
       91967
       92007
       92100
       92190
       92287
       92309
       92391
       92484
       92514
       92519
       92596
       92656
       92742
       92825
       92876
       92962
       93028
       93048
       93110
       93167
       93176
       93226
       93323
       93393
       93430
       93473
       93483
       93557
       93653
       93664
       93669
       93733
       93733
       93801
       93841
       93884
       93961
       94059
       94127
       94157
       94216
       94281
       94353
       94445
       94511
       94583
       94606
       94666
       94686
       94686
       94776
       94776
       94838
       94929
       94942
       94982
       95066
       95091
       95170
       95265
       95299
       95312
       95398
       95453
       95465
       95541
       95566
       95567
       95622
       95690
       95693
       95772
       95821
       95911
       96006
       96083
       96095
       96120
       96161
       96250
       96260
       96359
       96434
       96469
       96528
       96596
       96685
       96757
       96795
       96855
       96913
       96933
       96987
       97057
       97098
       97102
       97197
       97247
       97284
       97325
       97345
       97398
       97470
       97514
       97575
       97630
       97695
       97754
       97823
       97902
       97910
       97965
       98017
       98084
       98180
       98228
       98288
       98313
       98403
       98490
       98549
       98579
       98613
       98660
       98750
       98787
       98794
       98891
       98923
       98935
       98941
       99000
       99055
       99125
       99145
       99216
       99237
       99254
       99343
       99380
       99395
       99427
       99443
       99541
       99575
       99656
       99676
       99756
       99837
       99864
       99953
       99957
       99978
      100017
      100039
      100048
      100110
      100196
      100277
      100291
      100360
      100419
      100459
      100477
      100576
      100625
      100707
      100714
      100792
      100870
      100879
      100967
      101039
      101065
      101110
      101151
      101247
      101280
      101345
      101364
      101371
      101429
      101467
      101520
      101579
      101666
      101671
      101673
      101723
      101756
      101801
      101821
      101841
      101858
      101884
      101937
      101962
      102057
      102116
      102206
      102266
      102273
      102273
      102275
      102359
      102369
      102457
      102510
      102581
      102582
      102662
      102718
      102739
      102766
      102766
      102855
      102904
      102983
      102986
      103033
      103128
      103140
      103173
      103223
      103259
      103339
      103368
      103381
      103445
      103502
      103557
      103585
      103600
      103626
      103692
      103737
      103824
      103848
      103916
      104008
      104101
      104123
      104133
      104175
      104248
      104283
      104319
      104350
      104446
      104460
      104496
      104538
      104538
      104596
      104608
      104649
      104677
      104766
      104767
      104846
      104902
      104988
      105086
      105158
      105234
      105269
      105355
      105403
      105439
      105457
      105494
      105513
      105585
      105617
      105694
      105769
      105825
      105869
      105910
      105921
      105950
      106017
      106018
      106040
      106043
      106107
      106116
      106132
      106147
      106181
      106193
      106224
      106265
      106301
      106356
      106378
      106420
      106480
      106483
      106561
      106592
      106655
      106742
      106824
      106830
      106879
      106968
      107035
      107066
      107143
      107198
      107203
      107295
      107348
      107420
      107462
      107532
      107576
      107607
      107665
      107744
      107795
      107860
      107862
      107943
      108038
      108077
      108107
      108188
      108191
      108284
      108322
      108362
      108440
      108515
      108577
      108603
      108676
      108747
      108748
      108841
      108852
      108940
      108985
      109060
      109158
      109252
      109342
      109362
      109411
      109462
      109523
      109566
      109650
      109665
      109741
      109837
      109913
      109922
      109930
      109992
      109995
      110007
      110079
      110162
      110235
      110263
      110322
      110338
      110399
      110459
      110491
      110515
      110598
      110624
      110669
      110744
      110766
      110829
      110834
      110915
      110987
      111045
      111053
      111093
      111135
      111162
      111226
      111284
      111376
      111439
      111477
      111572
      111588
      111656
      111751
      111804
      111891
      111932
      111971
      112045
      112094
      112177
      112236
      112268
      112280
      112377
      112380
      112472
      112546
      112589
      112662
      112667
      112723
      112768
      112783
      112812
      112873
      112905
      112914
      113005
      113082
      113164
      113165
      113180
      113221
      113313
      113375
      113446
      113498
      113587
      113605
      113621
      113687
      113688
      113751
      113766
      113855
      113900
      113910
      113951
      113998
      114024
      114065
      114091
      114143
      114209
      114213
      114241
      114305
      114394
      114490
      114527
      114581
      114680
      114733
      114786
      114846
      114857
      114920
      114928
      115014
      115078
      115134
      115150
      115151
      115191
      115211
      115229
      115287
      115349
      115375
      115447
      115531
      115612
      115633
      115687
      115709
      115712
      115780
      115821
      115859
      115875
      115904
      116000
      116002
      116041
      116041
      116050
      116085
      116158
      116220
      116278
      116323
      116401
      116485
      116569
      116585
      116597
      116611
      116620
      116656
      116708
      116765
      116800
      116835
      116913
      116978
      117011
      117020
      117064
      117069
      117112
      117142
      117168
      117199
      117287
      117370
      117433
      117476
      117570
      117645
      117718
      117815
      117846
      117867
      117935
      117940
      117949
      117998
      118032
      118059
      118148
      118207
      118253
      118319
      118327
      118382
      118437
      118443
      118497
      118515
      118582
      118593
      118633
      118653
      118736
      118784
      118816
      118914
      118951
      118996
      119037
      119080
      119082
      119119
      119148
      119214
      119259
      119293
      119352
      119362
      119423
      119427
      119472
      119517
      119520
      119527
      119613
      119621
      119686
      119734
      119821
      119916
      119957
      120048
      120074
      120118
      120201
      120202
      120249
      120316
      120353
      120436
      120502
      120591
      120660
      120677
      120693
      120737
      120775
      120841
      120884
      120947
      121019
      121107
      121151
      121208
      121284
      121334
      121361
      121399
      121495
      121509
      121524
      121602
      121638
      121714
      121792
      121826
      121854
      121873
      121935
      121955
      121978
      121984
      122054
      122072
      122108
      122201
      122268
      122275
      122285
      122371
      122373
      122392
      122476
      122481
      122501
      122559
      122644
      122707
      122735
      122791
      122795
      122841
      122849
      122872
      122900
      122991
      123035
      123046
      123145
      123185
      123260
      123301
      123324
      123399
      123434
      123530
      123531
      123558
      123629
      123728
      123761
      123797
      123816
      123909
      123984
      124031
      124057
      124080
      124143
      124169
      124237
      124246
      124306
      124355
      124381
      124407
      124487
      124572
      124586
      124611
      124693
      124773
      124778
      124868
      124958
      124973
      124979
      125078
      125110
      125124
      125173
      125199
      125231
      125303
      125312
      125313
      125401
      125439
      125493
      125554
      125577
      125614
      125645
      125686
      125765
      125802
      125869
      125936
      125985
      126067
      126072
      126095
      126188
      126251
      126272
      126281
      126324
      126365
      126390
      126449
      126513
      126603
      126687
      126777
      126792
      126798
      126866
      126935
      126951
      127026
      127124
      127149
      127243
      127255
      127329
      127363
      127382
      127438
      127461
      127500
      127572
      127608
      127609
      127682
      127757
      127835
      127934
      128001
      128031
      128085
      128162
      128180
      128242
      128274
      128349
      128353
      128432
      128459
      128549
      128626
      128688
      128737
      128781
      128804
      128889
      128913
      128955
      129052
      129091
      129165
      129209
      129301
      129393
      129492
      129548
      129606
      129652
      129672
      129760
      129817
      129885
      129975
      130033
      130090
      130112
      130197
      130201
      130235
      130325
      130380
      130445
      130484
      130568
      130623
      130635
      130672
      130753
      130789
      130817
      130825
      130880
      130963
      131039
      131089
      131114
      131186
      131274
      131352
      131391
      131488
      131543
      131622
      131651
      131745
      131801
      131880
      131948
      131989
      132082
      132169
      132192
      132227
      132276
      132283
      132343
      132433
      132468
      132565
      132615
      132642
      132656
      132739
      132780
      132790
      132885
      132891
      132903
      132926
      132978
      132982
      133070
      133149
      133248
      133340
      133400
      133441
      133470
      133567
      133622
      133626
      133715
      133739
      133808
      133866
      133871
      133891
      133948
      133996
      134067
      134098
      134148
      134214
      134312
      134384
      134461
      134476
      134511
      134514
      134570
      134588
      134608
      134651
      134657
      134676
      134760
      134851
      134920
      135012
      135106
      135175
      135196
      135265
      135358
      135374
      135422
      135463
      135529
      135590
      135596
      135667
      135760
      135764
      135804
      135852
      135950
      135988
      136029
      136085
      136095
      136115
      136165
      136194
      136260
      136321
      136347
      136376
      136441
      136473
      136501
      136523
      136608
      136617
      136701
      136739
      136795
      136849
      136916
      136945
      137029
      137055
      137143
      137223
      137236
      137285
      137307
      137361
      137395
      137435
      137475
      137562
      137607
      137642
      137653
      137706
      137744
      137767
      137792
      137805
      137842
      137863
      137909
      137964
      138026
      138045
      138127
      138135
      138201
      138259
      138304
      138312
      138359
      138397
      138486
      138540
      138561
      138570
      138640
      138718
      138784
      138784
      138793
      138829
      138918
      139016
      139032
      139036
      139045
      139059
      139138
      139219
      139228
      139303
      139386
      139448
      139504
      139508
      139556
      139606
      139622
      139696
      139724
      139777
      139790
      139844
      139877
      139919
      139951
      139962
      140008
      140029
      140086
      140175
      140178
      140264
      140266
      140278
      140302
      140319
      140327
      140398
      140405
      140496
      140551
      140586
      140677
      140761
      140788
      140855
      140938
      140953
      140953
      141007
      141029
      141086
      141132
      141146
      141194
      141209
      141237
      141302
      141376
      141392
      141437
      141519
      141578
      141674
      141753
      141820
      141894
      141918
      141956
      141994
      142059
      142064
      142083
      142124
      142173
      142189
      142264
      142281
      142355
      142437
      142469
      142525
      142594
      142654
      142747
      142824
      142906
      142943
      143039
      143083
      143179
      143197
      143203
      143273
      143291
      143319
      143328
      143412
      143456
      143481
      143492
      143588
      143670
      143720
      143814
      143829
      143853
      143943
      144008
      144042
      144097
      144178
      144204
      144229
      144229
      144326
      144420
      144514
      144605
      144685
      144727
      144776
      144797
      144844
      144924
      144993
      145016
      145048
      145142
      145197
      145249
      145294
      145356
      145375
      145379
      145389
      145466
      145479
      145542
      145633
      145648
      145727
      145766
      145771
      145857
      145945
      145997
      146008
      146040
      146124
      146219
      146271
      146367
      146385
      146429
      146433
      146440
      146528
      146581
      146638
      146698
      146699
      146733
      146811
      146821
      146895
      146927
      146986
      147082
      147156
      147221
      147241
      147328
      147373
      147403
      147413
      147474
      147537
      147582
      147614
      147625
      147679
      147770
      147806
      147894
      147955
      147974
      148063
      148088
      148122
      148212
      148308
      148396
      148486
      148515
      148515
      148537
      148582
      148659
      148675
      148686
      148761
      148836
      148905
      148992
      149063
      149099
      149181
      149223
      149293
      149380
      149462
      149530
      149625
      149671
      149688
      149723
      149766
      149775
      149844
      149926
      149979
      150065
      150105
      150146
      150186
      150240
      150260
      150267
      150353
      150370
      150412
      150490
      150563
      150588
      150656
      150724
      150756
      150821
      150824
      150839
      150899
      150916
      150938
      151005
      151049
      151089
      151145
      151213
      151267
      151269
      151346
      151348
      151354
      151446
      151452
      151475
      151498
      151571
      151658
      151730
      151776
      151827
      151905
      151909
      151920
      151947
      152008
      152066
      152106
      152133
      152205
      152238
      152336
      152434
      152492
      152590
      152643
      152651
      152731
      152763
      152825
      152841
      152854
      152866
      152952
      152966
      152993
      153042
      153121
      153208
      153287
      153386
      153478
      153505
      153587
      153603
      153695
      153773
      153836
      153908
      153921
      153937
      154012
      154036
      154050
      154128
      154200
      154289
      154378
      154466
      154501
      154512
      154548
      154602
      154636
      154698
      154743
      154754
      154814
      154829
      154922
      154970
      155066
      155079
      155113
      155152
      155201
      155271
      155285
      155309
      155327
      155371
      155399
      155493
      155520
      155573
      155612
      155705
      155742
      155779
      155858
      155898
      155979
      156036
      156060
      156142
      156142
      156183
      156231
      156301
      156388
      156426
      156426
      156473
      156556
      156645
      156669
      156678
      156712
      156728
      156744
      156784
      156813
      156842
      156842
      156875
      156893
      156931
      156992
      157087
      157152
      157208
      157263
      157271
      157370
      157438
      157481
      157564
      157646
      157697
      157705
      157708
      157779
      157875
      157953
      158009
      158094
      158188
      158239
      158330
      158352
      158444
      158450
      158499
      158568
      158589
      158622
      158695
      158783
      158848
      158946
      159019
      159072
      159168
      159262
      159295
      159334
      159405
      159437
      159485
      159548
      159587
      159640
      159715
      159720
      159790
      159836
      159935
      159962
      160018
      160074
      160113
      160136
      160187
      160244
      160343
      160438
      160445
      160515
      160543
      160596
      160680
      160778
      160847
      160885
      160910
      160940
      160960
      161039
      161082
      161179
      161224
      161236
      161327
      161410
      161434
      161506
      161511
      161586
      161648
      161693
      161712
      161730
      161817
      161822
      161856
      161955
      161983
      162035
      162092
      162191
      162194
      162195
      162260
      162321
      162359
      162424
      162505
      162571
      162574
      162649
      162738
      162819
      162871
      162970
      163050
      163071
      163133
      163221
      163242
      163251
      163340
      163437
      163444
      163461
      163504
      163573
      163646
      163663
      163714
      163791
      163889
      163945
      163994
      164080
      164106
      164161
      164260
      164310
      164350
      164350
      164360
      164424
      164523
      164606
      164666
      164757
      164856
      164916
      164941
      165028
      165069
      165091
      165138
      165195
      165246
      165321
      165361
      165400
      165470
      165540
      165558
      165569
      165635
      165672
      165728
      165768
      165777
      165813
      165893
      165928
      165990
      166041
      166063
      166074
      166131
      166165
      166256
      166276
      166339
      166366
      166439
      166476
      166561
      166622
      166670
      166718
      166788
      166820
      166916
      166990
      167013
      167064
      167079
      167102
      167121
      167137
      167144
      167164
      167202
      167273
      167337
      167367
      167401
      167423
      167466
      167522
      167553
      167566
      167656
      167754
      167811
      167907
      167986
      168001
      168092
      168115
      168120
      168185
      168250
      168270
      168276
      168295
      168324
      168398
      168406
      168442
      168477
      168556
      168620
      168666
      168681
      168700
      168723
      168723
      168806
      168816
      168884
      168914
      168947
      168963
      169040
      169120
      169125
      169214
      169247
      169341
      169409
      169417
      169429
      169467
      169545
      169579
      169612
      169629
      169664
      169762
      169798
      169831
      169845
      169908
      169939
      170001
      170035
      170075
      170130
      170212
      170287
      170324
      170380
      170381
      170439
      170478
      170493
      170573
      170621
      170690
      170690
      170719
      170797
      170883
      170884
      170964
      171035
      171065
      171069
      171088
      171166
      171200
      171283
      171314
      171385
      171419
      171496
      171571
      171658
      171687
      171728
      171768
      171826
      171860
      171940
      172022
      172102
      172140
      172209
      172306
      172340
      172353
      172400
      172441
      172539
      172547
      172589
      172671
      172770
      172783
      172839
      172843
      172866
      172868
      172882
      172887
      172889
      172932
      172983
      173006
      173039
      173091
      173129
      173149
      173223
      173319
      173388
      173481
      173530
      173537
      173580
      173679
      173775
      173851
      173921
      174008
      174029
      174079
      174108
      174138
      174159
      174258
      174300
      174347
      174396
      174407
      174461
      174500
      174533
      174574
      174666
      174687
      174784
      174857
      174904
      174906
      174968
      175050
      175091
      175114
      175151
      175235
      175235
      175244
      175297
      175325
      175367
      175416
      175460
      175528
      175573
      175579
      175618
      175696
      175740
      175819
      175870
      175963
      176004
      176099
      176116
      176168
      176265
      176359
      176457
      176491
      176583
      176583
      176639
      176673
      176704
      176801
      176863
      176894
      176969
      177012
      177077
      177110
      177175
      177272
      177344
      177354
      177367
      177422
      177459
      177551
      177603
      177628
      177712
      177780
      177791
      177874
      177909
      177955
      177993
      178059
      178099
      178121
      178129
      178178
      178264
      178341
      178372
      178436
      178456
      178511
      178541
      178547
      178623
      178710
      178783
      178787
      178864
      178918
      178970
      179023
      179044
      179112
      179207
      179292
      179302
      179396
      179486
      179496
      179570
      179583
      179671
      179676
      179713
      179751
      179767
      179861
      179897
      179996
      180035
      180064
      180115
      180188
      180196
      180221
      180267
      180274
      180298
      180307
      180355
      180401
      180475
      180507
      180523
      180619
      180677
      180726
      180787
      180859
      180924
      180958
      181035
      181075
      181080
      181094
      181172
      181205
      181258
      181331
      181339
      181402
      181494
      181509
      181536
      181548
      181631
      181655
      181736
      181774
      181819
      181848
      181854
      181925
      181986
      182055
      182108
      182153
      182156
      182184
      182265
      182326
      182409
      182489
      182494
      182580
      182613
      182620
      182713
      182739
      182749
      182752
      182825
      182919
      182924
      182983
      183020
      183053
      183063
      183063
      183081
      183134
      183202
      183250
      183329
      183384
      183437
      183475
      183521
      183586
      183662
      183682
      183737
      183753
      183805
      183807
      183810
      183839
      183862
      183870
      183912
      183993
      184000
      184096
      184132
      184209
      184302
      184328
      184424
      184461
      184523
      184547
      184603
      184648
      184712
      184774
      184805
      184831
      184869
      184890
      184970
      185022
      185096
      185171
      185175
      185246
      185322
      185347
      185351
      185411
      185424
      185465
      185561
      185659
      185664
      185747
      185837
      185926
      186008
      186014
      186051
      186072
      186129
      186202
      186298
      186299
      186364
      186396
      186478
      186490
      186584
      186661
      186694
      186706
      186772
      186790
      186797
      186799
      186857
      186908
      186913
      186914
      186953
      186953
      187021
      187109
      187109
      187154
      187163
      187218
      187290
      187337
      187370
      187423
      187442
      187538
      187544
      187604
      187697
      187789
      187859
      187917
      188007
      188019
      188054
      188111
      188164
      188258
      188264
      188332
      188396
      188471
      188531
      188554
      188561
      188627
      188657
      188725
      188726
      188802
      188864
      188959
      188976
      189037
      189115
      189192
      189256
      189337
      189377
      189454
      189538
      189604
      189689
      189782
      189848
      189894
      189993
      190062
      190149
      190188
      190242
      190329
      190401
      190404
      190493
      190516
      190580
      190661
      190742
      190822
      190822
      190906
      190919
      190942
      190979
      191015
      191023
      191053
      191123
      191217
      191250
      191332
      191333
      191426
      191523
      191532
      191535
      191571
      191582
      191617
      191714
      191780
      191877
      191933
      191949
      191996
      192004
      192021
      192042
      192069
      192151
      192235
      192252
      192258
      192283
      192314
      192338
      192340
      192421
      192447
      192539
      192623
      192719
      192796
      192797
      192812
      192911
      192982
      193021
      193041
      193055
      193082
      193106
      193156
      193195
      193259
      193350
      193352
      193428
      193516
      193574
      193617
      193627
      193685
      193745
      193769
      193792
      193878
      193899
      193980
      194022
      194059
      194123
      194196
      194275
      194343
      194431
      194495
      194583
      194629
      194663
      194702
      194719
      194719
      194797
      194858
      194951
      194955
      195046
      195112
      195199
      195232
      195262
      195344
      195350
      195352
      195444
      195512
      195535
      195623
      195629
      195685
      195774
      195854
      195929
      195948
      196035
      196099
      196114
      196149
      196246
      196318
      196356
      196392
      196477
      196556
      196590
      196590
      196628
      196667
      196724
      196776
      196871
      196874
      196957
      197006
      197012
      197043
      197067
      197106
      197121
      197178
      197203
      197294
      197301
      197303
      197353
      197449
      197527
      197565
      197636
      197647
      197719
      197803
      197846
      197875
      197961
      197961
      198050
      198072
      198157
      198184
      198268
      198307
      198371
      198383
      198393
      198434
      198454
      198481
      198531
      198560
      198608
      198670
      198746
      198766
      198833
      198841
      198931
      199013
      199054
      199078
      199109
      199153
      199251
      199339
      199410
      199469
      199492
      199568
      199597
      199613
      199635
      199653
      199679
      199718
      199788
      199794
      199882
      199920
      199953
      199994
      200034
      200065
      200079
      200082
      200088
      200106
      200110
      200139
      200218
      200291
      200389
      200405
      200490
      200547
      200581
      200667
      200752
      200754
      200783
      200849
      200870
      200877
      200970
      201038
      201101
      201102
      201181
      201225
      201268
      201296
      201357
      201443
      201459
      201545
      201581
      201638
      201660
      201702
      201714
      201739
      201770
      201835
      201837
      201904
      201949
      202009
      202078
      202080
      202105
      202196
      202222
      202298
      202360
      202387
      202460
      202557
      202608
      202648
      202655
      202715
      202774
      202837
      202858
      202910
      202933
      203006
      203014
      203097
      203196
      203289
      203346
      203362
      203454
      203535
      203580
      203633
      203718
      203731
      203826
      203849
      203851
      203905
      203994
      204091
      204189
      204221
      204282
      204372
      204376
      204408
      204428
      204467
      204553
      204635
      204676
      204745
      204809
      204856
      204899
      204986
      205058
      205139
      205234
      205274
      205287
      205309
      205312
      205369
      205430
      205476
      205512
      205600
      205602
      205648
      205713
      205738
      205753
      205759
      205847
      205929
      205956
      206007
      206010
      206094
      206095
      206176
      206221
      206306
      206346
      206371
      206440
      206520
      206531
      206581
      206621
      206633
      206703
      206746
      206786
      206851
      206922
      206991
      207088
      207117
      207140
      207230
      207303
      207400
      207425
      207471
      207493
      207531
      207543
      207633
      207713
      207799
      207807
      207836
      207914
      207923
      207978
      208059
      208082
      208115
      208147
      208183
      208259
      208345
      208428
      208488
      208508
      208594
      208649
      208727
      208749
      208823
      208905
      208990
      209014
      209017
      209098
      209150
      209230
      209254
      209273
      209276
      209286
      209343
      209377
      209458
      209500
      209559
      209634
      209662
      209735
      209832
      209891
      209906
      209946
      210010
      210062
      210074
      210083
      210099
      210145
      210155
      210170
      210190
      210234
      210276
      210340
      210426
      210479
      210575
      210586
      210602
      210643
      210668
      210668
      210679
      210688
      210776
      210853
      210929
      211018
      211113
      211147
      211153
      211251
      211321
      211413
      211508
      211595
      211644
      211704
      211724
      211821
      211849
      211907
      211998
      212007
      212075
      212113
      212138
      212147
      212187
      212188
      212280
      212356
      212386
      212425
      212436
      212471
      212500
      212521
      212617
      212684
      212769
      212816
      212877
      212895
      212938
      213037
      213073
      213121
      213198
      213226
      213259
