          33
          76
         160
         248
         326
         392
         399
         433
         521
         558
         635
         676
         739
         785
         877
         975
        1009
        1062
        1080
        1128
        1189
        1199
        1275
        1369
        1390
        1449
        1459
        1465
        1476
        1506
        1513
        1598
        1680
        1718
        1751
        1803
        1839
        1865
        1940
        2019
        2077
        2135
        2154
        2176
        2182
        2257
        2327
        2426
        2468
        2514
        2593
        2660
        2672
        2702
        2750
        2778
        2827
        2840
        2843
        2926
        2999
        3008
        3055
        3098
        3166
        3262
        3332
        3369
        3458
        3485
        3497
        3588
        3626
        3699
        3724
        3740
        3798
        3836
        3856
        3955
        4027
        4030
        4068
        4128
        4217
        4294
        4344
        4351
        4435
        4478
        4567
        4601
        4662
        4696
        4742
        4746
        4782
        4866
        4902
        4930
        4987
        4987
        5047
        5125
        5198
        5225
        5236
        5236
        5288
        5337
        5352
        5369
        5431
        5514
        5558
        5648
        5726
        5780
        5879
        5937
        5999
        6093
        6093
        6189
        6244
        6277
        6344
        6379
        6386
        6390
        6453
        6514
        6599
        6633
        6699
        6711
        6731
        6774
        6844
        6891
        6960
        7020
        7106
        7190
        7252
        7298
        7370
        7373
        7385
        7445
        7531
        7613
        7684
        7760
        7768
        7811
        7907
        7934
        8011
        8018
        8023
        8071
        8143
        8181
        8232
        8324
        8361
        8384
        8452
        8503
        8535
        8619
        8680
        8690
        8783
        8812
        8904
        8913
        8920
        8926
        8976
        9072
        9098
        9111
        9156
        9223
        9231
        9322
        9339
        9423
        9513
        9536
        9539
        9622
        9674
        9700
        9704
        9767
        9857
        9953
       10017
       10052
       10065
       10143
       10197
       10282
       10352
       10433
       10487
       10489
       10588
       10627
       10723
       10750
       10782
       10840
       10869
       10877
       10926
       11018
       11085
       11170
       11265
       11288
       11349
       11431
       11516
       11578
       11666
       11691
       11720
       11766
       11778
       11827
       11839
       11882
       11922
       12004
       12054
       12134
       12195
       12259
       12292
       12354
       12374
       12472
       12526
       12556
       12610
       12681
       12707
       12779
       12794
       12841
       12918
       12954
       13052
       13147
       13245
       13296
       13362
       13440
       13469
       13524
       13547
       13576
       13658
       13710
       13752
       13809
       13817
       13838
       13892
       13959
       13975
       14042
       14060
       14076
       14094
       14187
       14190
       14193
       14210
       14235
       14298
       14298
       14346
       14383
       14465
       14523
       14550
       14567
       14569
       14606
       14671
       14720
       14811
       14903
       14923
       14980
       15050
       15144
       15214
       15293
       15358
       15447
       15448
       15474
       15554
       15649
       15712
       15791
       15889
       15889
       15971
       15991
       16071
       16081
       16129
       16218
       16256
       16315
       16383
       16397
       16448
       16493
       16546
       16620
       16623
       16646
       16647
       16741
       16812
       16886
       16889
       16904
       16992
       17039
       17056
       17139
       17217
       17284
       17376
       17394
       17476
       17554
       17637
       17638
       17679
       17772
       17851
       17859
       17935
       18010
       18109
       18151
       18227
       18265
       18308
       18375
       18408
       18488
       18524
       18542
       18628
       18638
       18717
       18784
       18822
       18898
       18911
       18918
       18972
       19040
       19098
       19188
       19281
       19329
       19342
       19342
       19361
       19413
       19457
       19532
       19623
       19657
       19688
       19760
       19837
       19902
       19942
       20005
       20081
       20092
       20092
       20148
       20238
       20243
       20291
       20296
       20385
       20457
       20468
       20476
       20561
       20571
       20596
       20610
       20683
       20714
       20763
       20856
       20922
       20998
       21039
       21066
       21072
       21140
       21140
       21159
       21233
       21315
       21402
       21492
       21545
       21556
       21654
       21672
       21699
       21759
       21823
       21908
       21960
       21995
       22064
       22085
       22098
       22153
       22206
       22300
       22324
       22396
       22435
       22447
       22540
       22556
       22616
       22656
       22751
       22794
       22798
       22846
       22853
       22876
       22901
       22927
       22990
       22995
       23070
       23115
       23165
       23165
       23206
       23246
       23247
       23306
       23307
       23330
       23377
       23415
       23477
       23486
       23570
       23668
       23719
       23805
       23827
       23899
       23926
       23989
       24026
       24067
       24095
       24155
       24224
       24276
       24284
       24351
       24392
       24481
       24546
       24639
       24640
       24727
       24807
       24844
       24848
       24940
       24974
       25025
       25049
       25077
       25142
       25220
       25301
       25312
       25332
       25420
       25498
       25537
       25617
       25648
       25680
       25704
       25747
       25755
       25826
       25834
       25863
       25915
       25941
       25953
       26005
       26038
       26071
       26100
       26133
       26140
       26207
       26255
       26288
       26341
       26403
       26446
       26515
       26516
       26568
       26576
       26585
       26588
       26674
       26749
       26782
       26873
       26898
       26971
       27061
       27098
       27136
       27156
       27180
       27203
       27274
       27354
       27451
       27494
       27591
       27591
       27623
       27709
       27784
       27801
       27849
       27866
       27879
       27961
       28036
       28130
       28220
       28312
       28408
       28420
       28506
       28567
       28576
       28584
       28671
       28711
       28738
       28770
       28782
       28806
       28812
       28904
       28939
       28980
       29039
       29120
       29201
       29284
       29298
       29393
       29476
       29530
       29593
       29678
       29735
       29832
       29894
       29956
       29971
       30029
       30070
       30144
       30218
       30295
       30340
       30415
       30428
       30453
       30478
       30533
       30561
       30616
       30675
       30699
       30757
       30852
       30899
       30963
       31043
       31084
       31098
       31127
       31160
       31203
       31203
       31247
       31339
       31414
       31450
       31452
       31501
       31513
       31574
       31666
       31684
       31761
       31820
       31869
       31896
       31908
       31960
       31982
       32019
       32039
       32134
       32204
       32257
       32320
       32354
       32451
       32532
       32592
       32688
       32715
       32727
       32796
       32796
       32831
       32859
       32937
       33020
       33029
       33124
       33158
       33237
       33283
       33301
       33365
       33441
       33507
       33603
       33696
       33698
       33756
       33827
       33915
       33977
       34002
       34067
       34139
       34157
       34224
       34305
       34369
       34439
       34507
       34561
       34613
       34690
       34728
       34732
       34795
       34825
       34870
       34898
       34989
       35079
       35092
       35175
       35245
       35335
       35391
       35420
       35519
       35606
       35705
       35754
       35812
       35832
       35832
       35844
       35904
       35962
       36031
       36036
       36109
       36134
       36217
       36266
       36333
       36384
       36466
       36481
       36547
       36583
       36666
       36744
       36793
       36880
       36904
       36904
       36948
       37027
       37073
       37149
       37245
       37297
       37349
       37368
       37387
       37429
       37443
       37481
       37578
       37594
       37689
       37725
       37741
       37808
       37862
       37881
       37899
       37982
       38063
       38085
       38183
       38234
       38234
       38259
       38343
       38411
       38441
       38459
       38486
       38503
       38563
       38568
       38608
       38667
       38681
       38767
       38781
       38846
       38940
       39002
       39081
       39124
       39196
       39211
       39285
       39298
       39344
       39394
       39476
       39546
       39627
       39673
       39696
       39698
       39720
       39803
       39844
       39867
       39921
       40005
       40072
       40118
       40124
       40180
       40279
       40364
       40442
       40443
       40469
       40548
       40556
       40639
       40715
       40732
       40735
       40741
       40776
       40783
       40847
       40889
       40949
       41009
       41074
       41088
       41113
       41184
       41184
       41213
       41231
       41309
       41342
       41424
       41505
       41597
       41667
       41694
       41728
       41763
       41784
       41821
       41849
       41935
       41943
       41975
       41990
       42026
       42026
       42108
       42125
       42197
       42234
       42273
       42336
       42349
       42405
       42478
       42503
       42506
       42586
       42660
       42748
       42798
       42871
       42886
       42974
       43061
       43100
       43170
       43193
       43198
       43204
       43277
       43370
       43394
       43400
       43429
       43483
       43546
       43583
       43638
       43680
       43686
       43709
       43801
       43900
       43901
       43910
       43985
       44038
       44049
       44129
       44225
       44286
       44353
       44356
       44359
       44402
       44457
       44511
       44517
       44522
       44544
       44642
       44696
       44794
       44842
       44912
       44967
       44967
       45062
       45119
       45163
       45192
       45218
       45285
       45377
       45424
       45465
       45555
       45573
       45586
       45639
       45684
