           3
          14
          24
          85
         141
         237
         310
         373
         435
         444
         448
         494
         513
         576
         625
         685
         701
         788
         886
         886
         967
        1005
        1016
        1070
        1131
        1170
        1254
        1283
        1283
        1328
        1377
        1414
        1487
        1517
        1561
        1643
        1680
        1700
        1765
        1792
        1891
        1920
        1951
        1970
        2022
        2022
        2034
        2130
        2157
        2201
        2233
        2249
        2347
        2385
        2421
        2497
        2530
        2593
        2643
        2663
        2677
        2684
        2769
        2848
        2903
        2971
        3023
        3068
        3137
        3231
        3232
        3240
        3278
        3331
        3391
        3391
        3427
        3448
        3531
        3567
        3628
        3686
        3729
        3768
        3833
        3842
        3923
        3961
        3968
        4012
        4013
        4058
        4097
        4103
        4174
        4224
        4319
        4400
        4460
        4494
        4579
        4625
        4710
        4753
        4796
        4877
        4929
        4958
        5024
        5049
        5079
        5088
        5153
        5191
        5287
        5327
        5426
        5435
        5442
        5481
        5555
        5626
        5695
        5702
        5769
        5845
        5863
        5943
        6012
        6046
        6133
        6178
        6246
        6288
        6323
        6396
        6466
        6500
        6578
        6649
        6710
        6791
        6841
        6848
        6918
        6962
        6997
        7077
        7157
        7168
        7172
        7195
        7221
        7231
        7290
        7348
        7424
        7442
        7453
        7494
        7536
        7580
        7652
        7688
        7783
        7854
        7895
        7933
        7979
        8060
        8094
        8157
        8256
        8327
        8385
        8417
        8418
        8506
        8577
        8675
        8696
        8700
        8701
        8716
        8730
        8826
        8853
        8907
        8959
        9040
        9118
        9142
        9220
        9304
        9367
        9375
        9399
        9406
        9453
        9457
        9474
        9500
        9534
        9559
        9614
        9669
        9732
        9792
        9819
        9857
        9885
        9956
        9968
        9987
       10074
       10158
       10177
       10247
       10285
       10292
       10320
       10391
       10422
       10454
       10533
       10551
       10602
       10697
       10781
       10823
       10826
       10911
       10990
       11031
       11066
       11134
       11179
       11229
       11327
       11418
       11419
       11450
       11531
       11549
       11575
       11603
       11666
       11715
       11716
       11788
       11859
       11926
       11996
       12062
       12087
       12094
       12177
       12238
       12264
       12311
       12315
       12372
       12442
       12454
       12467
       12561
       12585
       12651
       12653
       12728
       12799
       12848
       12878
       12967
       13024
       13100
       13150
       13163
       13212
       13252
       13306
       13322
       13358
       13455
       13526
       13554
       13634
       13689
       13694
       13793
       13813
       13906
       13917
       13970
       14061
       14089
       14162
       14167
       14250
       14271
       14349
       14409
       14467
       14490
       14537
       14586
       14667
       14749
       14761
       14838
       14878
       14903
       14918
       14979
       14982
       15044
       15131
       15158
       15184
       15233
       15269
       15281
       15322
       15390
       15450
       15503
       15580
       15584
       15593
       15608
       15647
       15654
       15687
       15776
       15858
       15953
       15980
       15989
       15989
       16007
       16094
       16104
       16194
       16216
       16314
       16327
       16395
       16480
       16574
       16588
       16594
       16656
       16734
       16822
       16824
       16837
       16882
       16973
       16989
       17013
       17026
       17114
       17192
       17225
       17323
       17348
       17394
       17492
       17518
       17587
       17604
       17618
       17684
       17690
       17768
       17793
       17842
       17867
       17925
       17990
       18049
       18081
       18124
       18185
       18263
       18285
       18301
       18366
       18412
       18493
       18584
       18607
       18622
       18691
       18735
       18828
       18854
       18906
       18953
       19035
       19046
       19114
       19116
       19203
       19231
       19307
       19326
       19393
       19420
       19453
       19477
       19502
       19582
       19664
       19749
       19785
       19803
       19865
       19873
       19886
       19924
       20010
       20027
       20097
       20105
       20140
       20194
       20269
       20297
       20368
       20394
       20482
       20525
       20563
       20659
       20661
       20731
       20791
       20845
       20930
       20998
       21047
       21091
       21112
       21183
       21244
       21259
       21300
       21362
       21407
       21463
       21464
       21483
       21511
       21536
       21575
       21640
       21703
       21762
       21781
       21834
       21925
       22022
       22052
       22101
       22105
       22121
       22126
       22184
       22217
       22295
       22324
       22363
       22451
       22546
       22592
       22606
       22608
       22672
       22684
       22708
       22737
       22794
       22805
       22852
       22910
       22933
       22943
       23024
       23102
       23180
       23227
       23299
       23309
       23375
       23441
       23539
       23542
       23567
       23626
       23638
       23656
       23681
       23729
       23748
       23840
       23902
       23909
       23918
       23967
       23995
       24008
       24062
       24158
       24185
       24257
       24343
       24395
       24433
       24483
       24582
       24617
       24638
       24642
       24674
       24698
       24730
       24782
       24842
       24860
       24888
       24972
       25024
       25090
       25148
       25194
       25287
       25295
       25349
       25445
       25480
       25576
       25616
       25631
       25657
       25688
       25781
       25821
       25859
       25860
       25926
       25971
       26038
       26065
       26132
       26216
       26293
       26356
       26411
       26498
       26544
       26568
       26643
       26643
       26715
       26757
       26771
       26817
       26838
       26917
       26961
       27017
       27113
       27133
       27168
       27249
       27258
       27324
       27344
       27397
       27452
       27542
       27544
       27582
       27624
       27682
       27764
       27781
       27862
       27918
       27954
       27981
       28000
       28060
       28106
       28167
       28184
       28246
       28306
       28322
       28367
       28421
       28464
       28546
       28567
       28591
       28659
       28665
       28700
       28718
       28742
       28831
       28899
       28967
       28976
       29013
       29109
       29161
       29237
       29313
       29377
       29456
       29521
       29604
       29611
       29657
       29736
       29747
       29835
       29882
       29933
       29980
       30049
       30134
       30173
       30237
       30293
       30344
       30346
       30444
       30462
       30546
       30567
       30641
       30729
       30782
       30803
       30830
       30879
       30905
       30938
       31016
       31072
       31156
       31245
       31267
       31295
       31298
       31356
       31363
       31409
       31444
       31543
       31562
       31632
       31683
       31752
       31821
       31916
       31984
       32054
       32083
       32118
       32174
       32249
       32340
       32418
       32449
       32517
       32565
       32571
       32583
       32633
       32731
       32780
       32813
       32872
       32964
       33055
       33121
       33207
       33218
       33239
       33257
       33269
       33295
       33372
       33453
       33494
       33506
       33514
       33605
       33665
       33700
       33720
       33760
       33831
       33876
       33916
       33931
       33991
       34068
       34126
       34138
       34174
       34178
       34227
       34299
       34345
       34363
       34386
       34455
       34540
       34542
       34560
       34650
       34688
       34772
       34854
       34865
       34944
       34998
       35049
       35140
       35220
       35248
       35344
       35394
       35409
       35424
       35481
       35507
       35527
       35596
       35598
       35615
       35618
       35683
       35770
       35868
       35963
       36013
       36062
       36089
       36140
       36189
       36211
       36257
       36351
       36407
       36479
       36510
       36602
       36696
       36781
       36804
       36846
       36897
       36996
       37063
       37123
       37185
       37264
       37290
       37361
       37424
       37490
       37529
       37598
       37690
       37767
       37841
       37882
       37971
       38024
       38055
       38140
       38152
       38162
       38210
       38260
       38359
       38433
       38433
       38514
       38608
       38629
       38639
       38714
       38719
       38793
       38841
       38859
       38896
       38976
       38996
       39041
       39072
       39117
       39124
       39130
       39159
       39237
       39287
       39318
       39416
       39493
       39586
       39681
       39701
       39753
       39809
       39834
       39834
       39845
       39943
       39986
       40041
       40062
       40151
       40153
       40226
       40301
       40357
       40432
       40467
       40565
       40599
       40613
       40677
       40763
       40775
       40802
       40814
       40831
       40841
       40846
       40894
       40946
       41031
       41115
       41191
       41222
       41296
       41382
       41409
       41450
       41483
       41532
       41563
       41577
       41643
       41720
       41778
       41794
       41871
       41936
       41967
       42056
       42133
       42142
       42172
       42176
       42230
       42283
       42381
       42431
       42466
       42486
       42533
       42592
       42613
       42646
       42725
       42772
       42803
       42857
       42906
       42996
       43052
       43110
       43192
       43270
       43316
       43350
       43445
       43455
       43473
       43473
       43519
       43527
       43548
       43558
       43594
       43680
       43703
       43717
       43799
       43877
       43942
       43984
       44030
       44086
       44174
       44247
       44316
       44364
       44372
       44462
       44521
       44548
       44615
       44713
       44797
       44809
       44815
       44824
       44838
       44903
       44933
       45014
       45080
       45151
       45244
       45267
       45320
       45409
       45481
       45544
       45583
       45646
       45666
       45708
       45716
       45777
       45783
       45873
       45951
       45990
       45990
       46081
       46152
       46215
       46267
       46298
       46357
       46382
       46396
       46451
       46475
       46536
       46565
       46612
       46635
       46727
       46741
       46830
       46892
       46980
       47027
       47037
       47054
       47057
       47126
       47182
       47185
       47267
       47321
       47375
       47441
       47518
       47530
       47621
       47706
       47726
       47819
       47857
       47944
       47951
       48028
       48092
       48131
       48186
       48209
       48234
       48314
       48384
       48455
       48502
       48562
       48647
       48746
       48755
       48769
       48854
       48919
       48966
       49019
       49112
       49176
       49221
       49255
       49280
       49304
       49319
       49416
       49432
       49500
       49552
       49648
       49683
       49733
       49756
       49808
       49840
       49853
       49912
       49947
       49948
       49977
       50055
       50113
       50179
       50181
       50263
       50298
       50373
       50395
       50413
       50431
       50528
       50530
       50574
       50620
       50688
       50727
       50783
       50814
       50912
       50942
       51010
       51096
       51106
       51198
       51198
       51272
       51285
       51309
       51399
       51411
       51477
       51559
       51606
       51613
       51666
       51706
       51778
       51860
       51889
       51922
       51945
       52004
       52019
       52082
       52113
       52167
       52217
       52256
       52265
       52289
       52367
       52413
       52416
       52461
       52542
       52595
       52663
       52731
       52780
       52792
       52864
       52883
       52891
       52913
       52955
       53046
       53138
       53198
       53217
       53234
       53273
       53319
       53340
       53418
       53487
       53502
       53592
       53668
       53678
       53764
       53837
       53921
       53931
       53976
       54009
       54074
       54136
       54166
       54237
       54328
       54400
       54494
       54554
       54609
       54683
       54697
       54766
       54836
       54882
       54906
       54962
       54979
       54991
       55068
       55152
       55209
       55215
       55257
       55319
       55370
       55424
       55439
       55509
       55599
       55650
       55713
       55751
       55756
       55779
       55820
       55863
       55868
       55899
       55938
       56036
       56072
       56103
       56166
       56212
       56310
       56389
       56454
       56501
       56581
       56669
       56670
       56729
       56776
       56779
       56868
       56876
       56966
       57050
       57122
       57210
       57303
       57368
       57396
       57454
       57530
       57624
       57686
       57707
       57759
       57811
       57858
       57930
       58014
       58075
       58172
       58271
       58283
       58330
       58386
       58425
       58433
       58455
       58520
       58593
       58675
       58675
       58679
       58766
       58801
       58867
       58894
       58912
       58935
       59013
       59045
       59084
       59167
       59213
       59215
       59268
       59357
       59446
       59542
       59622
       59681
       59695
       59753
       59760
       59827
       59851
       59875
       59898
       59902
       59968
       60031
       60112
       60125
       60128
       60171
       60216
       60255
       60298
       60301
       60309
       60357
       60428
       60505
       60576
       60604
       60642
       60700
       60786
       60799
       60897
       60897
       60959
       60978
       60979
       61048
       61131
       61168
       61232
       61308
       61328
       61390
       61429
       61528
       61617
       61706
       61790
       61832
       61931
       62021
       62061
       62128
       62128
       62140
       62151
       62220
       62262
       62325
       62408
       62416
       62436
       62492
       62550
       62595
       62646
       62667
       62749
       62758
       62838
       62900
       62959
       63026
       63052
       63119
       63177
       63197
       63252
       63265
       63295
       63334
       63410
       63473
       63549
       63611
       63643
       63673
       63703
       63733
       63774
       63850
       63946
       64017
       64070
       64139
       64208
       64229
       64265
       64347
       64396
       64402
       64490
       64579
       64630
       64661
       64747
       64830
       64872
       64902
       64926
       64958
       64969
       65029
       65104
       65163
       65224
       65272
       65348
       65410
       65446
       65533
       65548
       65591
       65627
       65707
       65798
       65860
       65866
       65939
       65944
       65995
       66086
       66095
       66168
       66194
       66224
       66230
       66275
       66296
       66317
       66409
       66506
       66575
       66668
       66683
       66703
       66793
       66836
       66845
       66927
       66970
       67068
       67138
       67141
       67201
       67255
       67345
       67395
       67454
       67546
       67614
       67712
       67794
       67876
       67911
       68009
       68071
       68082
       68157
       68228
       68289
       68316
       68360
       68400
       68423
       68505
       68587
       68587
       68617
       68653
       68716
       68768
       68821
       68868
       68959
       68973
       68979
       68991
       69042
       69061
       69157
       69251
       69277
       69322
       69408
       69459
       69496
       69579
       69667
       69754
       69848
       69944
       70040
       70101
       70106
       70183
       70274
       70368
       70425
       70458
       70520
       70577
       70594
       70604
       70620
       70719
       70762
       70814
       70892
       70949
       70956
       71009
       71031
       71041
       71106
       71115
       71147
       71147
       71233
       71316
       71364
       71418
       71496
       71498
       71560
       71641
       71738
       71742
       71825
       71845
       71858
       71952
       72039
       72069
       72099
       72105
       72162
       72170
       72197
       72242
       72298
       72369
       72422
       72471
       72569
       72644
       72734
       72782
       72860
       72879
       72914
       72938
       72940
       73000
       73006
       73085
       73167
       73232
       73308
       73355
       73447
       73491
       73590
       73596
       73618
       73647
       73740
       73820
       73823
       73827
       73861
       73948
       73949
       74025
       74119
       74135
       74185
       74205
       74232
       74251
       74323
       74378
       74443
       74533
       74534
       74534
       74557
       74569
       74617
       74677
       74733
       74799
       74887
       74965
       75016
       75021
       75068
       75075
       75108
       75164
       75262
       75359
       75443
       75538
       75599
       75676
       75703
       75794
       75862
       75885
       75934
       75974
       76054
       76063
       76161
       76249
       76300
       76377
       76425
       76489
       76566
       76567
       76577
       76625
       76681
       76768
       76801
       76885
       76914
       76998
       77087
       77173
       77237
       77299
       77376
       77392
       77427
       77495
       77546
       77582
       77609
       77613
       77707
       77724
       77791
       77805
       77889
       77930
       77931
       78018
       78036
       78113
       78152
       78159
       78200
       78299
       78359
       78449
       78499
       78509
       78595
       78656
       78683
       78717
       78730
       78760
       78789
       78852
       78853
       78929
       78952
       79033
       79035
       79109
       79137
       79207
       79278
       79286
       79380
       79422
       79479
       79553
       79622
       79677
       79712
       79753
       79834
       79839
       79876
       79924
       79993
       80064
       80140
       80191
       80233
       80252
       80292
       80381
       80409
       80433
       80478
       80538
       80589
       80638
       80674
       80764
       80801
       80898
       80973
       81000
       81026
       81052
       81126
       81131
       81211
       81249
       81306
       81325
       81367
       81417
       81461
       81531
       81547
       81579
       81619
       81637
       81659
       81670
       81713
       81786
       81813
       81851
       81919
       81936
       81944
       82035
       82095
       82148
       82204
       82278
       82280
       82347
       82433
       82521
       82609
       82643
       82681
       82688
       82785
       82879
       82933
       83032
       83095
       83177
       83226
       83279
       83330
       83428
       83464
       83502
       83542
       83570
       83601
       83611
       83674
       83759
       83857
       83938
       83960
       83964
       83985
       83992
       84071
       84099
       84121
       84148
       84193
       84266
       84344
       84400
       84409
       84450
       84533
       84577
       84611
       84665
       84739
       84786
       84810
       84888
       84960
       85008
       85049
       85132
       85231
       85286
       85304
       85365
       85404
       85443
       85542
       85585
       85638
       85711
       85799
       85799
       85822
       85878
       85880
       85945
       85987
       86050
       86114
       86196
       86249
       86321
       86355
       86359
       86367
       86415
       86431
       86491
       86577
       86652
       86652
       86728
       86817
       86830
       86834
       86862
       86870
       86915
       86930
       86960
       87016
       87025
       87083
       87089
       87120
       87159
       87203
       87285
       87380
       87389
       87479
       87531
       87620
       87706
       87780
       87833
       87868
       87926
       88013
       88058
       88111
       88187
       88229
       88300
       88390
       88488
       88578
       88647
       88664
       88761
       88814
       88834
       88841
       88934
       88936
       89031
       89071
       89107
       89206
       89235
       89292
       89366
       89433
       89530
       89624
       89682
       89732
       89754
       89842
       89900
       89913
       89953
       90034
       90118
       90136
       90140
       90227
       90320
       90359
       90369
       90414
       90420
       90511
       90537
       90541
       90626
       90641
       90671
       90754
       90797
       90842
       90875
       90911
       90944
       90947
       90993
       91080
       91101
       91135
       91224
       91243
       91285
       91341
       91386
       91399
       91400
       91424
       91472
       91539
       91557
       91563
       91643
       91727
       91729
       91743
       91797
       91883
       91933
       91983
       91994
       92090
       92118
       92162
       92258
       92259
       92307
       92370
       92375
       92427
       92467
       92506
       92536
       92632
       92706
       92790
       92794
       92851
       92934
       92975
       93040
       93132
       93158
       93223
       93224
       93270
       93330
       93336
       93336
       93380
       93406
       93467
       93548
       93554
       93647
       93723
       93747
       93761
       93832
       93894
       93917
       93924
       94018
       94066
       94093
       94170
       94240
       94282
       94282
       94376
       94434
       94441
       94517
       94589
       94685
       94756
       94814
       94896
       94952
       95011
       95036
       95089
       95172
       95250
       95313
       95335
       95338
       95386
       95445
       95535
       95631
       95694
       95714
       95754
       95834
       95912
       95937
       95963
       95977
       96050
       96133
       96217
       96238
       96312
       96329
       96339
       96357
       96405
       96496
       96514
       96587
       96681
       96714
       96797
       96891
       96977
       97037
       97060
       97117
       97162
       97200
       97243
       97341
       97390
       97474
       97479
       97530
       97601
       97647
       97716
       97732
       97773
       97810
       97816
       97865
       97894
       97964
       98024
       98079
       98130
       98198
       98216
       98281
       98332
       98354
       98389
       98397
       98417
       98504
       98585
       98673
       98705
       98723
       98769
       98856
       98951
       99050
       99111
       99190
       99229
       99301
       99383
       99387
       99486
       99530
       99617
       99670
       99703
       99734
       99832
       99883
       99895
       99993
      100074
      100165
      100216
      100300
      100379
      100427
      100434
      100455
      100544
      100579
      100665
      100689
      100702
      100720
      100786
      100861
      100957
      100959
      101058
      101058
      101084
      101145
      101206
      101267
      101328
      101363
      101379
      101459
      101488
      101525
      101539
      101580
      101619
      101663
      101739
      101811
      101893
      101983
      102023
      102031
      102130
      102172
      102258
      102307
      102378
      102430
      102490
      102547
      102578
      102596
      102633
      102696
      102752
      102837
      102865
      102887
      102920
      102928
      102983
      102990
      103028
      103124
      103139
      103232
      103254
      103301
      103390
      103477
      103571
      103631
      103713
      103780
      103827
      103866
      103882
      103886
      103971
      104070
      104150
      104239
      104314
      104407
      104502
      104567
      104579
      104630
      104652
      104731
      104826
      104859
      104878
      104906
      104949
      105010
      105016
      105071
      105164
      105166
      105240
      105326
      105368
      105416
      105497
      105557
      105639
      105673
      105741
      105751
      105850
      105910
      105913
      106000
      106018
      106088
      106161
      106184
      106197
      106198
      106257
      106277
      106349
      106354
      106398
      106412
      106465
      106482
      106526
      106545
      106602
      106660
      106715
      106718
      106775
      106782
      106848
      106920
      107007
      107046
      107093
      107115
      107147
      107229
      107276
      107303
      107347
      107430
      107469
      107482
      107580
      107628
      107674
      107743
      107815
      107898
      107934
      108019
      108041
      108101
      108107
      108174
      108200
      108265
      108293
      108363
      108415
      108455
      108533
      108610
      108667
      108676
      108685
      108759
      108798
      108821
      108833
      108915
      108999
      109024
      109098
      109121
      109215
      109283
      109348
      109354
      109365
      109425
      109433
      109513
      109568
      109612
      109705
      109789
      109885
      109955
      109956
      110017
      110040
      110128
      110206
      110290
      110353
      110397
      110398
      110457
      110529
      110611
      110702
      110795
      110889
      110943
      111029
      111104
      111153
      111183
      111201
      111272
      111331
      111344
      111368
      111418
      111462
      111464
      111526
      111612
      111620
      111665
      111710
      111725
      111768
      111782
      111790
      111811
      111820
      111832
      111916
      111940
      111984
      112071
      112089
      112152
      112208
      112299
      112368
      112394
      112403
      112484
      112513
      112589
      112612
      112654
      112730
      112818
      112871
      112953
      113010
      113099
      113176
      113229
      113325
      113413
      113479
      113539
      113562
      113621
      113711
      113727
      113757
      113810
      113852
      113951
      113961
      114045
      114093
      114167
      114245
      114341
      114433
      114486
      114559
      114648
      114731
      114786
      114787
      114871
      114886
      114949
      115045
      115121
      115149
      115185
      115202
      115264
      115273
      115368
      115415
      115507
      115523
      115562
      115596
      115639
      115702
      115740
      115771
      115860
      115937
      115938
      115946
      116016
      116095
      116144
      116222
      116287
      116382
      116421
      116467
      116549
      116645
      116672
      116714
      116767
      116854
      116866
      116875
      116950
      116966
      117046
      117098
      117100
      117194
      117198
      117205
      117253
      117293
      117354
      117437
      117521
      117577
      117657
      117689
      117736
      117821
      117887
      117946
      117954
      118047
      118065
      118103
      118196
      118226
      118237
      118309
      118407
      118455
      118526
      118546
      118620
      118652
      118728
      118796
      118871
      118956
      118994
      119054
      119058
      119152
      119192
      119209
      119217
      119294
      119364
      119382
      119406
      119481
      119547
      119599
      119663
      119667
      119677
      119766
      119774
      119844
      119860
      119954
      119957
      120040
      120061
      120083
      120179
      120270
      120327
      120404
      120413
      120415
      120460
      120476
      120571
      120613
      120668
      120673
      120722
      120748
      120764
      120822
      120863
      120955
      120978
      121022
      121081
      121150
      121181
      121215
      121242
      121317
      121386
      121398
      121483
      121562
      121615
      121652
      121742
      121841
      121893
      121958
      122002
      122058
      122058
      122082
      122112
      122119
      122143
      122224
      122274
      122369
      122467
      122563
      122596
      122690
      122712
      122744
      122792
      122834
      122879
      122881
      122961
      123056
      123147
      123213
      123257
      123323
      123419
      123461
      123480
      123488
      123542
      123612
      123625
      123626
      123690
      123761
      123832
      123929
      123979
      123993
      124037
      124075
      124094
      124110
      124116
      124134
      124214
      124239
      124264
      124341
      124435
      124480
      124571
      124630
      124711
      124790
      124832
      124913
      124973
      124984
      125033
      125049
      125054
      125068
      125152
      125213
      125264
      125334
      125422
      125467
      125533
      125587
      125607
      125677
      125729
      125748
      125777
      125863
      125913
      125931
      126024
      126123
      126124
      126203
      126212
      126260
      126357
      126403
      126407
      126420
      126432
      126468
      126468
      126536
      126554
      126609
      126703
      126792
      126848
      126894
      126970
      127047
      127062
      127102
      127170
      127226
      127325
      127412
      127494
      127593
      127672
      127716
      127790
      127874
      127885
      127936
      128020
      128049
      128123
      128187
      128265
      128309
      128394
      128438
      128484
      128570
      128622
      128649
      128711
      128727
      128816
      128851
      128941
      129014
      129042
      129112
      129197
      129208
      129237
      129263
      129290
      129348
      129432
      129520
      129592
      129628
      129720
      129756
      129761
      129809
      129895
      129986
      130047
      130082
      130099
      130171
      130245
      130335
      130434
      130442
      130486
      130511
      130568
      130614
      130698
      130788
      130878
      130969
      131004
      131062
      131104
      131131
      131185
      131248
      131275
      131327
      131350
      131369
      131427
      131472
      131545
      131610
      131671
      131685
      131759
      131805
      131885
      131940
      131969
      132010
      132037
      132050
      132112
      132116
      132124
      132193
      132216
      132272
      132296
      132336
      132341
      132423
      132424
      132438
      132526
      132530
      132622
      132698
      132730
      132776
      132779
      132847
      132884
      132970
      133047
      133063
      133072
      133103
      133145
      133179
      133275
      133363
      133433
      133455
      133463
      133523
      133556
      133646
      133660
      133687
      133722
      133797
      133834
      133836
      133920
      133945
      133954
      133962
      134058
      134137
      134172
      134206
      134246
      134330
      134364
      134418
      134432
      134510
      134513
      134599
      134661
      134709
      134709
      134762
      134803
      134833
      134889
      134902
      134948
      134970
      135027
      135063
      135136
      135233
      135244
      135244
      135283
      135324
      135333
      135393
      135482
      135537
      135592
      135632
      135682
      135779
      135812
      135892
      135951
      135962
      136039
      136082
      136112
      136179
      136277
      136313
      136411
      136413
      136440
      136525
      136530
      136542
      136605
      136645
      136726
      136730
      136774
      136850
      136924
      136992
      137084
      137135
      137137
      137203
      137208
      137222
      137254
      137283
      137373
      137413
      137456
      137469
      137517
      137535
      137538
      137606
      137639
      137729
      137782
      137875
      137901
      137995
      138010
      138018
      138096
      138153
      138232
      138286
      138371
      138379
      138446
      138496
      138505
      138603
      138628
      138631
      138635
      138709
      138800
      138864
      138943
      139026
      139057
      139127
      139222
      139318
      139407
      139445
      139450
      139532
      139563
      139594
      139616
      139710
      139789
      139808
      139822
      139828
      139899
      139990
      140007
      140066
      140157
      140189
      140249
      140254
      140293
      140373
      140442
      140527
      140593
      140608
      140673
      140742
      140772
      140810
      140817
      140889
      140953
      140970
      141035
      141055
      141132
      141161
      141245
      141254
      141293
      141366
      141374
      141397
      141448
      141525
      141618
      141641
      141644
      141739
      141827
      141878
      141929
      141933
      141988
      142037
      142091
      142130
      142210
      142260
      142303
      142383
      142456
      142518
      142521
      142551
      142595
      142621
      142647
      142740
      142764
      142809
      142896
      142942
      143016
      143028
      143042
      143110
      143136
      143140
      143162
      143246
      143316
      143377
      143416
      143503
      143524
      143572
      143628
      143633
      143646
      143706
      143766
      143859
      143925
      143950
      144033
      144079
      144164
      144246
      144329
      144354
      144374
      144375
      144411
      144423
      144471
      144503
      144545
      144548
      144609
      144632
      144678
      144707
      144779
      144792
      144890
      144894
      144946
      144976
      145005
      145095
      145151
      145168
      145226
      145229
      145289
      145318
      145372
      145455
      145469
      145557
      145654
      145685
      145772
      145869
      145925
      146006
      146066
      146091
      146155
      146157
      146175
      146193
      146260
      146321
      146340
      146340
      146365
      146411
      146460
      146480
      146500
      146541
      146564
      146610
      146688
      146699
      146747
      146809
      146834
      146849
      146938
      146944
      146993
      147089
      147162
      147186
      147275
      147322
      147352
      147448
      147478
      147556
      147593
      147669
      147753
      147829
      147913
      147997
      148017
      148019
      148099
      148124
      148145
      148174
      148260
      148307
      148339
      148360
      148407
      148416
      148419
      148446
      148533
      148594
      148638
      148732
      148766
      148819
      148855
      148870
      148881
      148966
      149052
      149117
      149118
      149186
      149276
      149340
      149372
      149399
      149433
      149501
      149508
      149552
      149620
      149669
      149718
      149798
      149875
      149929
      149990
      150043
      150080
      150167
      150248
      150301
      150324
      150416
      150490
      150492
      150555
      150559
      150617
      150625
      150682
      150715
      150717
      150764
      150861
      150922
      150922
      150959
      150962
      151013
      151106
      151154
      151163
      151212
      151306
      151319
      151322
      151387
      151476
      151485
      151521
      151528
      151540
      151636
      151679
      151697
      151745
      151770
      151814
      151876
      151935
      151946
      152044
      152113
      152209
      152260
      152336
      152427
      152481
      152505
      152586
      152651
      152696
      152704
      152762
      152827
      152905
      152996
      153066
      153113
      153167
      153173
      153228
      153238
      153315
      153330
      153392
      153473
      153500
      153571
      153603
      153687
      153728
      153749
      153791
      153797
      153843
      153885
      153887
      153894
      153910
      153963
      154060
      154152
      154235
      154248
      154335
      154399
      154433
      154532
      154549
      154646
      154681
      154731
      154755
      154811
      154871
      154879
      154956
      155004
      155093
      155189
      155209
      155277
      155291
      155371
      155456
      155548
      155565
      155566
      155597
      155670
      155703
      155724
      155797
      155894
      155953
      155975
      155988
      155988
      155995
      156065
      156097
      156131
      156171
      156237
      156239
      156308
      156326
      156388
      156445
      156471
      156570
      156606
      156609
      156687
      156752
      156822
      156855
      156885
      156923
      156966
      157046
      157138
      157170
      157264
      157303
      157349
      157362
      157440
      157537
      157562
      157625
      157677
      157680
      157751
      157777
      157836
      157901
      157960
      158054
      158153
      158201
      158226
      158316
      158327
      158360
      158416
      158508
      158548
      158585
      158633
      158717
      158808
      158878
      158921
      158932
      158982
      159034
      159110
      159197
      159201
      159238
      159287
      159351
      159412
      159419
      159480
      159514
      159573
      159667
      159723
      159746
      159805
      159820
      159846
      159869
      159901
      159904
      159908
      159951
      159977
      160049
      160147
      160207
      160269
      160359
      160395
      160471
      160533
      160585
      160602
      160699
      160735
      160769
      160868
      160900
      160928
      160965
      161050
      161089
      161177
      161213
      161259
      161358
      161420
      161436
      161507
      161534
      161618
      161627
      161640
      161727
      161778
      161847
      161902
      161908
      161994
      162077
      162124
      162184
      162258
      162265
      162296
      162318
      162381
      162468
      162498
      162552
      162594
      162635
      162722
      162746
      162805
      162854
      162953
      163025
      163085
      163162
      163206
      163297
      163304
      163382
      163434
      163434
      163434
      163480
      163525
      163595
      163638
      163664
      163730
      163801
      163863
      163943
      163943
      163952
      164001
      164088
      164137
      164192
      164278
      164287
      164291
      164370
      164439
      164482
      164531
      164585
      164619
      164687
      164785
      164862
      164869
      164920
      164993
      165073
      165076
      165079
      165094
      165144
      165242
      165252
      165288
      165336
      165386
      165414
      165493
      165510
      165564
      165634
      165661
      165684
      165775
      165847
      165941
      165983
      166047
      166067
      166098
      166100
      166195
      166287
      166375
      166467
      166491
      166564
      166659
      166741
      166794
      166819
      166862
      166916
      167006
      167072
      167102
      167146
      167149
      167235
      167270
      167288
      167359
      167376
      167431
      167507
      167543
      167619
      167643
      167655
      167670
      167740
      167827
      167924
      167933
      168012
      168070
      168086
      168130
      168208
      168267
      168286
      168345
      168397
      168404
      168465
      168542
      168550
      168562
      168576
      168605
      168636
      168669
      168677
      168695
      168714
      168740
      168833
      168847
      168944
      169017
      169102
      169166
      169199
      169294
      169322
      169338
      169416
      169453
      169504
      169520
      169542
      169559
      169629
      169678
      169752
      169802
      169845
      169864
      169928
      169974
      170048
      170103
      170105
      170131
      170144
      170216
      170228
      170294
      170346
      170401
      170460
      170480
      170512
      170605
      170688
      170695
      170728
      170780
      170782
      170813
      170835
      170879
      170904
      170936
      170950
      171048
      171089
      171149
      171233
      171248
      171311
      171319
      171383
      171419
      171514
      171523
      171589
      171617
      171709
      171721
      171801
      171864
      171947
      171968
      172050
      172080
      172165
      172243
      172304
      172369
      172415
      172435
      172460
      172553
      172578
      172676
      172676
      172683
      172772
      172828
      172844
      172918
      173009
      173105
      173107
      173188
      173274
      173312
      173317
      173410
      173458
      173521
      173598
      173655
      173669
      173740
      173830
      173882
      173976
      174065
      174113
      174181
      174221
      174236
      174278
      174349
      174363
      174367
      174446
      174461
      174547
      174600
      174606
      174681
      174684
      174760
      174793
      174803
      174846
      174859
      174948
      175003
      175055
      175111
      175158
      175236
      175240
      175335
      175340
      175364
      175424
      175514
      175609
      175646
      175744
      175822
      175838
      175848
      175871
      175942
      176023
      176122
      176162
      176256
      176325
      176368
      176415
      176490
      176530
      176605
      176673
      176744
      176831
      176841
      176878
      176933
      176992
      177079
      177161
      177165
      177263
      177299
      177374
      177470
      177544
      177592
      177644
      177683
      177685
      177712
      177726
      177774
      177792
      177863
      177865
      177916
      177971
      177972
      177990
      177999
      178092
      178169
      178197
      178270
      178285
      178333
      178373
      178402
      178402
      178406
      178422
      178483
      178575
      178577
      178639
      178677
      178737
      178795
      178853
      178949
      179018
      179087
      179098
      179184
      179201
      179239
      179305
      179351
      179403
      179431
      179460
      179543
      179635
      179675
      179690
      179737
      179818
      179917
      179927
      179989
      180080
      180137
      180174
      180266
      180338
      180377
      180398
      180468
      180541
      180611
      180675
      180736
      180830
      180901
      180965
      181048
      181091
      181160
      181251
      181340
      181425
      181453
      181497
      181534
      181603
      181636
      181670
      181723
      181763
      181765
      181782
      181844
      181895
      181954
      181958
      182014
      182083
      182128
      182176
      182190
      182198
      182239
      182267
      182291
      182359
      182386
      182428
      182517
      182580
      182651
      182656
      182739
      182796
      182809
      182886
      182944
      182954
      183043
      183060
      183076
      183160
      183197
      183242
      183244
      183343
      183426
      183466
      183531
      183551
      183636
      183731
      183745
      183751
      183796
      183893
      183932
      184010
      184021
      184098
      184140
      184215
      184291
      184335
      184353
      184368
      184402
      184462
      184476
      184561
      184570
      184636
      184720
      184777
      184825
      184849
      184910
      184910
      184974
      185066
      185092
      185093
      185170
      185220
      185235
      185240
      185303
      185400
      185418
      185431
      185485
      185495
      185535
      185565
      185634
      185718
      185765
      185803
      185811
      185827
      185869
      185947
      186013
      186019
      186035
      186124
      186142
      186222
      186244
      186316
      186351
      186374
      186400
      186469
      186558
      186633
      186640
      186731
      186742
      186807
      186853
      186929
      186931
      186938
      187017
      187065
      187153
      187171
      187221
      187241
      187252
      187270
      187345
      187385
      187413
      187498
      187498
      187592
      187679
      187731
      187798
      187831
      187890
      187924
      187961
      187984
      188078
      188150
      188170
      188251
      188343
      188358
      188380
      188434
      188459
      188472
      188525
      188554
      188582
      188653
      188715
      188777
      188849
      188941
      188962
      189041
      189057
      189066
      189117
      189188
      189239
      189277
      189314
      189363
      189423
      189503
      189546
      189581
      189588
      189590
      189609
      189633
      189638
      189662
      189666
      189723
      189766
      189823
      189868
      189880
      189921
      190003
      190080
      190134
      190195
      190234
      190236
      190253
      190320
      190364
      190379
      190405
      190419
      190455
      190541
      190560
      190577
      190580
      190647
      190669
      190716
      190777
      190829
      190834
      190925
      190985
      191054
      191083
      191121
      191146
      191201
      191251
      191332
      191362
      191449
      191457
      191464
      191503
      191563
      191590
      191670
      191728
      191824
      191841
      191883
      191925
      192002
      192058
      192152
      192186
      192245
      192314
      192368
      192458
      192500
      192547
      192614
      192683
      192711
      192767
      192798
      192823
      192854
      192951
      193002
      193037
      193065
      193077
      193125
      193148
      193172
      193262
      193291
      193343
      193418
      193511
      193589
      193662
      193754
      193769
      193821
      193914
      193982
      194033
      194035
      194073
      194076
      194103
      194125
      194143
      194192
      194287
      194352
      194356
      194363
      194410
      194475
      194507
      194519
      194519
      194525
      194556
      194598
      194686
      194758
      194762
      194818
      194886
      194909
      194999
      195048
      195134
      195175
      195201
      195276
      195287
      195375
      195412
      195496
      195562
      195627
      195697
      195727
      195730
      195806
      195861
      195883
      195889
      195980
      196043
      196081
      196110
      196187
      196201
      196261
      196265
      196312
      196316
      196395
      196418
      196424
      196512
      196549
      196588
      196664
      196693
      196697
      196702
      196749
      196835
      196922
      196952
      196989
      196993
      197063
      197090
      197137
      197200
      197272
      197329
      197342
      197435
      197450
      197519
      197589
      197632
      197703
      197704
      197774
      197866
      197883
      197910
      197998
      198086
      198129
      198155
      198174
      198198
      198257
      198298
      198341
      198410
      198472
      198541
      198542
      198605
      198656
      198702
      198784
      198862
      198919
      198981
      199033
      199072
      199141
      199197
      199247
      199262
      199332
      199338
      199400
      199410
      199497
      199532
      199625
      199694
      199772
      199804
      199824
      199867
      199905
      199909
      200007
      200062
      200067
      200100
      200142
      200234
      200304
      200321
      200416
      200426
      200483
      200488
      200542
      200554
      200576
      200588
      200611
      200638
      200668
      200752
      200827
      200874
      200932
      200989
      201045
      201067
      201138
      201202
      201222
      201305
      201317
      201393
      201477
      201547
      201561
      201562
      201571
      201622
      201625
      201637
      201696
      201716
      201789
      201833
      201868
      201902
      201948
      202043
      202083
      202166
      202261
      202344
      202369
      202424
      202442
      202454
      202505
      202563
      202590
      202607
      202699
      202721
      202729
      202776
      202858
      202907
      202912
      203002
      203051
      203085
      203169
      203205
      203303
      203353
      203420
      203504
      203576
      203641
      203675
      203692
      203704
      203780
      203792
      203884
      203939
      203972
      204065
      204132
      204161
      204186
      204234
      204286
      204351
      204373
      204459
      204522
      204570
      204654
      204700
      204779
      204828
      204834
      204869
      204915
      204923
      204929
      204972
      204987
      205028
      205101
      205178
      205259
      205324
      205388
      205477
      205576
      205635
      205723
      205753
      205790
      205867
      205937
      205979
      206011
      206109
      206162
      206210
      206270
      206338
      206363
      206422
      206489
      206529
      206572
      206603
      206697
      206768
      206821
      206831
      206907
      206997
      207041
      207059
      207125
      207223
      207266
      207308
      207356
      207405
      207428
      207505
      207507
      207538
      207568
      207655
      207737
      207798
      207892
      207970
      208057
      208096
      208173
      208179
      208268
      208360
      208442
      208500
      208514
      208590
      208676
      208705
      208792
      208852
      208892
      208943
      208956
      208957
      209034
      209098
      209156
      209232
      209246
      209252
      209306
      209390
      209411
      209430
      209472
      209529
      209534
      209606
      209657
      209711
      209715
      209777
      209792
      209878
      209921
      209980
      210068
      210073
      210164
      210181
      210276
      210323
      210336
      210336
      210434
      210435
      210496
      210497
      210591
      210687
      210693
      210731
      210735
      210759
      210787
      210819
      210856
      210938
      211011
      211035
      211105
      211188
      211197
      211250
      211330
      211365
      211464
      211524
      211580
      211595
      211666
      211674
      211767
      211829
      211850
      211854
      211867
      211884
      211960
      212028
      212058
      212071
      212141
      212202
      212209
      212283
      212343
      212379
      212457
      212503
      212568
      212659
      212721
      212819
      212903
      212914
      212969
      213009
      213010
      213027
      213030
      213115
      213197
      213251
      213269
      213355
      213380
      213407
      213416
      213490
      213496
      213569
      213658
      213719
      213739
      213838
      213934
      213963
      214032
      214081
      214125
      214151
      214243
      214298
      214370
      214422
      214504
      214562
      214649
      214681
      214760
      214768
      214820
      214882
      214916
      214999
      215053
      215058
      215088
      215100
      215185
      215272
      215347
      215436
      215455
      215483
      215534
      215547
      215619
      215653
      215653
      215720
      215724
      215764
      215796
      215801
      215897
      215914
      215973
      216052
      216115
      216155
      216165
      216206
      216220
      216318
      216376
      216465
      216521
      216538
      216583
      216659
      216688
      216770
      216772
      216855
      216942
      216944
      216991
      217044
      217055
      217083
      217162
      217206
      217262
      217292
      217294
      217345
      217393
      217489
      217495
      217506
      217547
      217558
      217655
      217661
      217718
      217793
      217820
      217855
      217873
      217926
      218019
      218071
      218120
      218164
      218218
      218248
      218335
      218345
      218382
      218436
      218492
      218540
      218597
      218654
      218708
      218765
      218840
      218856
      218881
      218912
      218972
      219036
      219115
      219159
      219206
      219211
      219233
      219309
      219376
      219402
      219432
      219498
      219581
      219586
      219604
      219645
      219668
      219698
      219761
      219786
      219868
      219942
      220036
      220045
      220112
      220112
      220207
      220272
      220350
      220398
      220399
      220437
      220526
      220547
      220605
      220669
      220731
      220791
      220853
      220938
      220995
      221069
      221144
      221231
      221301
      221396
      221494
      221565
      221599
      221611
      221615
      221639
      221679
      221754
      221774
      221810
      221899
      221965
      222003
      222051
      222115
      222117
      222176
      222234
      222244
      222339
      222429
      222461
      222462
      222540
      222621
      222633
      222661
      222704
      222732
      222818
      222890
      222945
      223042
      223060
      223094
      223193
      223196
      223266
      223290
      223371
      223396
      223399
      223434
      223440
      223445
      223515
      223563
      223641
      223666
      223696
      223719
      223745
      223809
      223854
      223925
      223978
      224049
      224066
      224118
      224162
      224215
      224297
      224331
      224407
      224472
      224542
      224637
      224681
      224741
      224811
      224877
      224951
      225039
      225123
      225208
      225268
      225353
      225435
      225510
      225590
      225622
      225716
      225723
      225732
      225828
      225901
      225956
      225968
      226020
      226103
      226157
      226209
      226255
      226354
      226420
      226481
      226531
      226581
      226670
      226677
      226688
      226741
      226780
      226849
      226895
      226899
      226974
      227047
      227050
      227126
      227186
      227189
      227287
      227289
      227291
      227363
      227443
      227517
      227549
      227618
      227656
      227697
      227785
      227818
      227892
      227966
      228020
      228049
      228077
      228109
      228141
      228175
      228257
      228260
      228328
      228421
      228447
      228528
      228567
      228603
      228669
      228675
      228764
      228764
      228844
      228924
      228947
      228995
      229078
      229078
      229119
      229172
      229215
      229268
      229312
      229393
      229462
      229527
      229622
      229643
      229731
      229802
      229854
      229940
      229999
      230030
      230083
      230094
      230138
      230158
      230218
      230240
      230255
      230313
      230360
      230458
      230463
      230517
      230601
      230620
      230622
      230703
      230773
      230782
      230798
      230803
      230815
      230872
      230944
      230999
      231036
      231119
      231182
      231220
      231249
      231322
      231357
      231419
      231444
      231500
      231545
      231550
      231623
      231661
      231664
      231689
      231742
      231817
      231885
      231928
      232007
      232053
      232131
      232179
      232218
      232306
      232341
      232411
      232412
      232502
      232592
      232650
      232665
      232691
      232730
      232764
      232859
      232942
      232956
      233024
      233037
      233116
      233129
      233170
      233188
      233203
      233213
      233301
      233307
      233360
      233415
      233471
      233545
      233553
      233608
      233626
      233686
      233755
      233845
      233863
      233931
      233935
      233986
      233995
      234032
      234061
      234126
      234219
      234311
      234347
      234404
      234474
      234485
      234512
      234512
      234565
      234588
      234682
      234766
      234800
      234825
      234912
      234965
      234983
      235005
      235065
      235075
      235111
      235199
      235295
      235344
      235347
      235354
      235412
      235432
      235460
      235507
      235548
      235561
      235617
      235623
      235672
      235709
      235752
      235796
      235830
      235831
      235865
      235868
      235907
      235995
      236072
      236164
      236175
      236183
      236240
      236293
      236364
      236455
      236526
      236594
      236607
      236633
      236690
      236692
      236762
      236853
      236945
      236973
      237006
      237093
      237176
      237202
      237301
      237330
      237414
      237482
      237573
      237613
      237650
      237651
      237706
      237758
      237829
      237879
      237898
      237907
      237921
      237927
      238011
      238036
      238095
      238119
      238206
      238300
      238348
      238402
      238498
      238573
      238594
      238659
      238747
      238764
      238850
      238872
      238966
      238984
      239053
      239152
      239216
      239307
      239324
      239373
      239453
      239543
      239574
      239623
      239641
      239656
      239664
      239695
      239706
      239801
      239896
      239915
      240006
      240011
      240043
      240109
      240190
      240193
      240281
      240373
      240458
      240548
      240560
      240574
      240673
      240717
      240781
      240855
      240904
      241002
      241010
      241053
      241060
      241149
      241158
      241202
      241215
      241218
      241310
      241356
      241377
      241467
      241550
      241624
      241683
      241763
      241779
      241860
      241862
      241931
      241994
      242039
      242120
      242145
      242232
      242237
      242247
      242323
      242413
      242500
      242560
      242610
      242699
      242709
      242803
      242846
      242924
      243008
      243059
      243137
      243208
      243258
      243290
      243360
      243363
      243403
      243452
      243458
      243469
      243483
      243522
      243609
      243618
      243660
      243745
      243774
      243821
      243895
      243956
      244044
      244139
      244185
      244246
      244249
      244344
      244369
      244382
      244408
      244466
      244521
      244570
      244666
      244753
      244782
      244804
      244903
      244918
      244974
      245067
      245115
      245178
      245216
      245305
      245354
      245424
      245503
      245545
      245566
      245641
      245669
      245734
      245827
      245870
      245874
      245898
      245957
      246032
      246070
      246145
      246160
      246235
      246321
      246407
      246454
      246520
      246529
      246620
      246701
      246792
      246801
      246864
      246890
      246906
      247005
      247087
      247146
      247186
      247202
      247298
      247359
      247455
      247503
      247585
      247621
      247658
      247665
      247711
      247734
      247802
      247882
      247936
      248034
      248051
      248150
      248155
      248203
      248290
      248338
      248428
      248508
      248587
      248642
      248720
      248731
      248754
      248769
      248853
      248895
      248900
      248935
      248962
      249003
      249023
      249084
      249100
      249128
      249193
      249213
      249249
      249250
      249331
      249410
      249416
      249491
      249546
      249585
      249660
      249666
      249726
      249754
      249789
      249842
      249923
      249982
      250023
      250076
      250078
      250128
      250142
      250152
      250224
      250285
      250372
      250396
      250406
      250423
      250494
      250577
      250670
      250682
      250712
      250726
      250742
      250830
      250854
      250891
      250939
      250945
      251036
      251050
      251064
      251159
      251211
      251250
      251278
      251358
      251424
      251428
      251491
      251501
      251551
      251566
      251611
      251623
      251650
      251651
      251675
      251731
      251823
      251916
      251943
      252041
      252045
      252124
      252146
      252155
      252223
      252224
      252273
      252293
      252375
      252449
      252466
      252529
      252533
      252602
      252657
      252658
      252754
      252850
      252851
      252938
      253034
      253042
      253117
      253153
      253221
      253226
      253283
      253315
      253332
      253368
      253440
      253442
      253522
      253535
      253605
      253605
      253671
      253725
      253766
      253800
      253819
      253826
      253890
      253905
      253953
      254035
      254035
      254068
      254097
      254148
      254151
      254207
      254211
      254233
      254243
      254305
      254351
      254354
      254421
      254484
      254507
      254580
      254675
      254716
      254721
      254774
      254846
      254906
      254996
      254997
      255089
      255152
      255176
      255183
      255201
      255211
      255296
      255363
      255426
      255470
      255493
      255495
      255582
      255593
      255599
      255626
      255708
      255719
      255817
      255821
      255917
      255934
      255995
      256079
      256136
      256193
      256238
      256320
      256389
      256431
      256525
      256547
      256635
      256682
      256683
      256720
      256733
      256789
      256858
      256909
      256951
      256969
      256979
      257034
      257084
      257110
      257164
      257188
      257278
      257373
      257387
      257435
      257534
      257595
      257659
      257727
      257732
      257791
      257870
      257959
      258033
      258053
      258063
      258078
      258127
      258153
      258241
      258251
      258332
      258348
      258405
      258481
      258550
      258600
      258693
      258768
      258828
      258869
      258901
      258996
      259023
      259047
      259126
      259196
      259197
      259240
      259308
      259380
      259470
      259479
      259539
      259586
      259609
      259653
      259672
      259741
      259788
      259800
      259860
      259920
      259981
      260053
      260121
      260190
      260201
      260292
      260308
      260337
      260405
      260475
      260534
      260578
      260655
      260744
      260761
      260814
      260827
      260835
      260927
      260989
      261052
      261059
      261066
      261151
      261250
      261308
      261385
      261451
      261476
      261515
      261567
      261654
      261738
      261745
      261839
      261859
      261896
      261896
      261957
      261985
      261987
      262072
      262111
      262173
      262268
      262302
      262378
      262397
      262451
      262462
      262468
      262551
      262641
      262671
      262733
      262754
      262799
      262811
      262844
      262889
      262899
      262960
      263030
      263053
      263133
      263147
      263164
      263176
      263215
      263218
      263256
      263305
      263397
      263487
      263527
      263626
      263696
      263735
      263755
      263785
      263854
      263856
      263868
      263919
      263938
      263978
      264049
      264124
      264174
      264268
      264351
      264433
      264471
      264544
      264607
      264691
      264770
      264866
      264868
      264911
      264971
      265009
      265081
      265136
      265209
      265267
      265285
      265381
      265392
      265448
      265494
      265497
      265521
      265597
      265647
      265657
      265728
      265743
      265841
      265869
      265906
      265906
      265998
      266031
      266058
      266091
      266175
      266239
      266302
      266344
      266395
      266423
      266445
      266531
      266599
      266640
      266717
      266746
      266795
      266802
      266833
      266862
      266912
      266979
      267024
      267065
      267137
      267137
      267234
      267324
      267353
      267422
      267422
      267481
      267508
      267556
      267638
      267711
      267765
      267844
      267893
      267936
      267999
      268002
      268067
      268111
      268177
      268256
      268345
      268407
      268503
      268522
      268566
      268664
      268726
      268789
      268846
      268925
      268982
      269061
      269128
      269186
      269283
      269377
      269411
      269456
      269521
      269582
      269594
      269617
      269645
      269682
      269709
      269734
      269795
      269835
      269916
      269944
      270006
      270027
      270030
      270058
      270103
      270162
      270216
      270275
      270323
      270348
      270354
      270447
      270453
      270541
      270627
      270718
      270738
      270835
      270884
      270887
      270918
      270988
      271034
      271073
      271093
      271191
      271199
      271293
      271390
      271465
      271549
      271588
      271648
      271744
      271762
      271790
      271887
      271981
      272047
      272107
      272192
      272291
      272328
      272424
      272472
      272492
      272532
      272567
      272579
