          61
         105
         143
         221
         294
         373
         406
         447
         501
         525
         578
         619
         717
         776
         802
         849
         893
         992
        1008
        1023
        1039
        1090
        1176
        1238
        1246
        1321
        1414
        1453
        1545
        1576
        1597
        1668
        1668
        1687
        1761
        1854
        1900
        1983
        2041
        2138
        2221
        2281
        2358
        2429
        2450
        2548
        2627
        2668
        2673
        2699
        2709
        2719
        2779
        2805
        2870
        2954
        2970
        3027
        3062
        3070
        3078
        3163
        3166
        3209
        3306
        3405
        3429
        3438
        3514
        3561
        3645
        3669
        3686
        3767
        3772
        3802
        3861
        3938
        3999
        4083
        4116
        4137
        4195
        4200
        4259
        4354
        4442
        4492
        4550
        4629
        4720
        4760
        4817
        4915
        4970
        5019
        5050
        5093
        5094
        5137
        5219
        5239
        5264
        5299
        5335
        5433
        5530
        5573
        5638
        5692
        5716
        5809
        5869
        5889
        5977
        6014
        6101
        6166
        6197
        6225
        6278
        6291
        6291
        6307
        6396
        6410
        6425
        6467
        6544
        6613
        6644
        6674
        6750
        6846
        6858
        6900
        6988
        7039
        7063
        7160
        7219
        7290
        7340
        7393
        7490
        7581
        7603
        7672
        7674
        7726
        7755
        7844
        7891
        7956
        8003
        8011
        8024
        8067
        8139
        8194
        8202
        8238
        8277
        8304
        8399
        8453
        8486
        8573
        8602
        8657
        8751
        8798
        8855
        8937
        8976
        8987
        9024
        9077
        9082
        9118
        9120
        9181
        9251
        9288
        9317
        9340
        9381
        9411
        9502
        9535
        9627
        9682
        9727
        9747
        9803
        9821
        9913
       10011
       10018
       10096
       10151
       10168
       10234
       10266
       10271
       10281
       10328
       10402
       10472
       10527
       10584
       10662
       10692
       10742
       10765
       10777
       10811
       10817
       10895
       10984
       11011
       11077
       11155
       11169
       11219
       11312
       11392
       11460
       11549
       11606
       11610
       11643
       11647
       11684
       11773
       11837
       11840
       11931
       12012
       12071
       12124
       12129
       12182
       12190
       12283
       12333
       12342
       12400
       12402
       12476
       12555
       12649
       12705
       12716
       12758
       12819
       12890
       12962
       13037
       13077
       13149
       13162
       13248
       13255
       13324
       13399
       13427
       13446
       13456
       13515
       13595
       13642
       13672
       13754
       13799
       13809
       13849
       13928
       13975
       14018
       14052
       14115
       14136
       14200
       14201
       14258
       14343
       14410
       14445
       14517
       14557
       14625
       14702
       14799
       14822
       14859
       14878
       14931
       14943
       15020
       15049
       15148
       15204
       15228
       15290
       15298
       15391
       15429
       15472
       15511
       15537
       15549
       15644
       15685
       15699
       15777
       15793
       15876
       15967
       16038
       16084
       16175
       16263
       16345
       16379
       16418
       16516
       16517
       16543
       16627
       16648
       16743
       16790
       16887
       16920
       17007
       17074
       17162
       17196
       17268
       17268
       17302
       17382
       17431
       17444
       17541
       17544
       17563
       17577
       17673
       17704
       17779
       17786
       17859
       17924
       17993
       18060
       18156
       18209
       18244
       18270
       18304
       18362
       18457
       18494
       18517
       18608
       18677
       18699
       18710
       18806
       18815
       18845
       18944
       19010
       19048
       19097
       19147
       19211
       19310
       19394
       19465
       19509
       19548
       19569
       19634
       19701
       19788
       19798
       19798
       19868
       19952
       19975
       19998
       20077
       20104
       20105
       20185
       20230
       20280
       20306
       20339
       20358
       20405
       20473
       20493
       20572
       20620
       20651
       20671
       20723
       20758
       20841
       20895
       20972
       21070
       21126
       21214
       21222
       21225
       21308
       21371
       21456
       21464
       21558
       21558
       21564
       21642
       21713
       21731
       21736
       21741
       21752
       21781
       21826
       21898
       21913
       21951
       21983
       22017
       22097
       22122
       22172
       22227
       22311
       22372
       22406
       22472
       22565
       22600
       22658
       22719
       22748
       22795
       22888
       22965
       23054
       23141
       23185
       23245
       23282
       23374
       23396
       23476
       23510
       23529
       23627
       23685
       23710
       23759
       23833
       23924
       23926
       24004
       24061
       24078
       24123
       24183
       24199
       24200
       24280
       24359
       24407
       24417
       24512
       24548
       24596
       24610
       24625
       24637
       24734
       24745
       24791
       24857
       24951
       25039
       25072
       25157
       25166
       25229
       25279
       25355
       25396
       25471
       25512
       25537
       25607
       25662
       25703
       25723
       25788
       25851
       25868
       25914
       25958
       25967
       26001
       26028
       26069
       26099
       26145
       26224
       26281
       26289
       26340
       26400
       26475
       26542
       26594
       26665
       26757
       26758
       26831
       26899
       26961
       26999
       27019
       27021
       27054
       27097
       27143
       27203
       27275
       27342
       27416
       27475
       27514
       27516
       27614
       27647
       27716
       27786
       27790
       27841
       27894
       27954
       28051
       28065
       28100
       28195
       28250
       28258
       28334
       28387
       28484
       28508
       28525
       28572
       28585
       28670
       28743
       28827
       28848
       28945
       28992
       29080
       29166
       29216
       29223
       29319
       29365
       29417
       29464
       29487
       29515
       29565
       29642
       29703
       29752
       29837
       29902
       29902
       29917
       29989
       30030
       30127
       30207
       30223
       30235
       30256
       30310
       30370
       30460
       30485
       30579
       30635
       30639
       30715
       30811
       30812
       30872
       30881
       30926
       30943
       30965
       31056
       31105
       31106
       31188
       31278
       31361
       31401
       31475
       31546
       31577
       31637
       31719
       31785
       31851
       31946
       32042
       32084
       32171
       32217
       32236
       32255
       32325
       32337
       32354
       32403
       32456
       32465
       32546
       32586
       32603
       32662
       32715
       32717
       32786
       32796
       32884
       32939
       32959
       32963
       33026
       33053
       33120
       33147
       33220
       33234
       33237
       33335
       33408
       33458
       33484
       33536
       33562
       33590
       33618
       33664
       33698
       33722
       33745
       33835
       33932
       33995
       34094
       34160
       34179
       34235
       34244
       34315
       34344
       34396
       34463
       34511
       34552
       34613
       34674
       34720
       34785
       34831
       34866
       34940
       34944
       35041
       35077
       35110
       35145
       35216
       35249
       35335
       35407
       35411
       35418
       35436
       35520
       35550
       35620
       35656
       35690
       35784
       35834
       35932
       35962
       35990
       36064
       36115
       36148
       36165
       36245
       36305
       36346
       36414
       36483
       36541
       36603
       36612
       36625
       36675
       36756
       36771
       36774
       36782
       36879
       36902
       36911
       36954
       36966
       36975
       36977
       37047
       37094
       37185
       37248
       37296
       37382
       37473
       37530
       37608
       37660
       37667
       37719
       37815
       37898
       37904
       37969
       38049
       38051
       38121
       38191
       38258
       38275
       38336
       38435
       38488
       38548
       38593
       38654
       38683
       38768
       38852
       38892
       38949
       38988
       39011
       39033
       39131
       39229
       39284
       39327
       39332
       39373
       39437
       39455
       39482
       39539
       39607
       39624
       39639
       39689
       39758
       39808
       39853
       39879
       39887
       39946
       40030
       40050
       40095
       40155
       40229
       40267
       40290
       40381
       40475
       40544
       40643
       40718
       40803
       40839
       40869
       40959
       41053
       41086
       41146
       41194
       41242
       41243
       41292
       41388
       41391
       41440
       41458
       41535
       41546
       41620
       41646
       41696
       41767
       41838
       41872
       41952
       42013
       42082
       42124
       42195
       42203
       42212
       42261
       42355
       42412
       42420
       42492
       42552
       42576
       42608
       42658
       42660
       42672
       42690
       42695
       42778
       42862
       42903
       42968
       43005
       43069
       43069
       43120
       43143
       43212
       43283
       43289
       43363
       43422
       43503
       43565
       43626
       43705
       43793
       43797
       43872
       43963
       44046
       44107
       44130
       44134
       44155
       44242
       44330
       44351
       44440
       44524
       44544
       44642
       44723
       44809
       44833
       44896
       44963
       44990
       45026
       45080
       45114
       45124
       45150
       45155
       45178
       45187
       45267
       45301
       45315
       45388
       45422
       45463
       45546
       45623
       45708
       45743
       45765
       45838
       45897
       45976
       46045
       46054
       46098
       46104
       46145
       46159
       46257
       46275
       46364
       46380
       46426
       46442
       46512
       46547
       46549
       46610
       46637
       46694
       46733
       46733
       46830
       46843
       46901
       46980
       46989
       47053
       47066
       47068
       47097
       47099
       47183
       47204
       47217
       47313
       47384
       47396
       47467
       47498
       47513
       47524
       47574
       47588
       47602
       47652
       47684
       47701
       47710
       47739
       47767
       47827
       47906
       47940
       48000
       48019
       48087
       48135
       48210
       48262
       48331
       48391
       48415
       48492
       48539
       48602
       48604
       48674
       48736
       48800
       48896
       48993
       49057
       49135
       49212
       49244
       49307
       49386
       49447
       49492
       49494
       49549
       49609
       49651
       49745
       49841
       49868
       49922
       49959
       50014
       50105
       50125
       50182
       50242
       50337
       50413
       50429
       50458
       50545
       50546
       50551
       50562
       50629
       50652
       50732
       50753
       50769
       50867
       50929
       50998
       51016
       51047
       51139
       51161
       51173
       51268
       51334
       51418
       51512
       51523
       51566
       51619
       51678
       51774
       51817
       51844
       51856
       51864
       51956
       51987
       52035
       52086
       52102
       52111
       52187
       52263
       52321
       52344
       52369
       52383
       52401
       52419
       52512
       52512
       52593
       52616
       52676
       52696
       52736
       52833
       52906
       52913
       52994
       53005
       53086
       53105
       53113
       53157
       53213
       53215
       53299
       53308
       53346
       53396
       53444
       53495
       53586
       53632
       53709
       53784
       53877
       53973
       54054
       54100
       54184
       54196
       54204
       54241
       54292
       54366
       54414
       54455
       54476
       54525
       54596
       54653
       54733
       54787
       54881
       54979
       55034
       55112
       55158
       55241
       55277
       55374
       55415
       55454
       55505
       55531
       55581
       55627
       55719
       55806
       55811
       55868
       55936
       55975
       56062
       56142
       56158
       56243
       56288
       56383
       56408
       56411
       56456
       56511
       56563
       56577
       56671
       56766
       56855
       56895
       56931
       57017
       57089
       57097
       57167
       57190
       57216
       57246
       57299
       57309
       57350
       57358
       57451
       57514
       57553
       57597
       57673
       57766
       57855
       57861
       57907
       57991
       58062
       58084
       58094
       58174
       58220
       58309
       58376
       58458
       58483
       58574
       58606
       58654
       58677
       58734
       58771
       58841
       58928
       58967
       59007
       59032
       59069
       59082
       59092
       59184
       59232
       59248
       59264
       59308
       59315
       59406
       59491
       59558
       59589
       59589
       59642
       59711
       59745
       59754
       59757
       59771
       59857
       59943
       59951
       60048
       60116
       60170
       60232
       60246
       60251
       60333
       60361
       60456
       60508
       60508
       60528
       60618
       60634
       60657
       60697
       60773
       60872
       60956
       60998
       61005
       61048
       61120
       61174
       61175
       61175
       61245
       61334
       61427
       61477
       61485
       61575
       61575
       61608
       61686
       61736
       61770
       61782
       61879
       61923
       62013
       62013
       62014
       62032
       62061
       62064
       62120
       62179
       62181
       62273
       62288
       62372
       62458
       62489
       62522
       62602
       62692
       62736
       62827
       62886
       62978
       63046
       63084
       63100
       63142
       63198
       63264
       63309
       63388
       63414
       63416
       63490
       63552
       63596
       63673
       63729
       63763
       63840
       63893
       63932
       63947
       63959
       64034
       64130
       64149
       64243
       64283
       64306
       64320
       64388
       64470
       64512
       64532
       64624
       64683
       64778
       64821
       64902
       64907
       64987
       65056
       65100
       65194
       65234
       65238
       65276
       65331
       65382
       65384
       65385
       65400
       65486
       65553
       65637
       65677
       65735
       65788
       65878
       65948
       66023
       66063
       66103
       66145
       66186
       66242
       66324
       66349
       66382
       66446
       66492
       66545
       66547
       66561
       66643
       66715
       66802
       66901
       66965
       66986
       67008
       67080
       67128
       67146
       67198
       67210
       67239
       67278
       67367
       67444
       67472
       67533
       67596
       67599
       67655
       67705
       67707
       67758
       67855
       67855
       67913
       68007
       68054
       68146
       68211
       68212
       68230
       68302
       68339
       68409
       68413
       68429
       68431
       68453
       68501
       68587
       68601
       68675
       68707
       68717
       68761
       68813
       68836
       68840
       68842
       68873
       68927
       68938
       69009
       69020
       69064
       69124
       69182
       69241
       69244
       69244
       69333
       69344
       69430
       69479
       69554
       69593
       69645
       69702
       69772
       69818
       69839
       69931
       70007
       70007
       70050
       70126
       70169
       70217
       70248
       70316
       70353
       70388
       70425
       70480
       70493
       70577
       70659
       70677
       70677
       70757
       70827
       70858
       70867
       70934
       70956
       71006
       71059
       71097
       71118
       71201
       71234
       71234
       71306
       71346
       71418
       71510
       71520
       71595
       71688
       71693
       71704
       71770
       71817
       71849
       71874
       71876
       71953
       71992
       71994
       72069
       72156
       72209
       72241
       72300
       72314
       72327
       72370
       72380
       72446
       72508
       72514
       72522
       72621
       72680
       72760
       72822
       72861
       72928
       72946
       72977
       73031
       73124
       73129
       73188
       73205
       73257
       73320
       73366
       73450
       73481
       73500
       73578
       73580
       73661
       73756
       73829
       73920
       74015
       74106
       74108
       74185
       74222
       74281
       74334
       74400
       74484
       74551
       74609
       74616
       74697
       74769
       74788
       74832
       74845
       74857
       74929
       74968
       74991
       74992
       75084
       75117
       75123
       75206
       75271
       75354
       75368
       75462
       75496
       75504
       75527
       75625
       75644
       75739
       75798
       75825
       75832
       75871
       75927
       75934
       75967
       76003
       76038
       76071
       76149
       76203
       76289
       76308
       76393
       76422
       76491
       76534
       76566
       76598
       76685
       76685
       76721
       76776
       76816
       76902
       76908
       76929
       76967
       77055
       77071
       77145
       77172
       77177
       77268
       77344
       77398
       77435
       77449
       77529
       77561
       77564
       77625
       77647
       77719
       77775
       77844
       77923
       77960
       77996
       78080
       78115
       78128
       78185
       78236
       78248
       78272
       78276
       78278
       78290
       78294
       78298
       78343
       78414
       78487
       78581
       78669
       78719
       78780
       78852
       78868
       78943
       78951
       79029
       79041
       79067
       79096
       79142
       79173
       79191
       79222
       79310
       79333
       79359
       79438
       79481
       79488
       79565
       79597
       79626
       79684
       79710
       79741
       79743
       79764
       79806
       79900
       79997
       80009
       80061
       80067
       80108
       80182
       80221
       80264
       80287
       80385
       80403
       80425
       80492
       80587
       80664
       80675
       80675
       80682
       80772
       80772
       80829
       80920
       80978
       80996
       81070
       81168
       81267
       81307
       81372
       81453
       81473
       81558
       81628
       81721
       81736
       81835
       81930
       81971
       82057
       82057
       82121
       82153
       82182
       82221
       82257
       82326
       82424
       82504
       82526
       82616
       82655
       82721
       82775
       82845
       82936
       83014
       83093
       83166
       83177
       83195
       83290
       83373
       83429
       83450
       83505
       83596
       83667
       83743
       83744
       83769
       83863
       83921
       83952
       84014
       84067
       84145
       84211
       84287
       84300
       84350
       84417
       84466
       84494
       84559
       84642
       84686
       84760
       84857
       84875
       84946
       84996
       85045
       85075
       85094
       85124
       85131
       85150
       85197
       85217
       85226
       85249
       85275
       85299
       85344
       85394
       85429
       85507
       85522
       85550
       85558
       85637
       85668
       85758
       85770
       85832
       85904
       85997
       86055
       86125
       86189
       86288
       86296
       86329
       86340
       86369
       86454
       86522
       86562
       86658
       86684
       86748
       86807
       86821
       86828
       86901
       86908
       86980
       87038
       87134
       87229
       87291
       87337
       87412
       87475
       87485
       87581
       87599
       87684
       87765
       87818
       87827
       87889
       87952
       88037
       88054
       88093
       88151
       88185
       88209
       88236
       88260
       88345
       88399
       88427
       88517
       88543
       88632
       88635
       88726
       88747
       88775
       88865
       88934
       88957
       89049
       89106
       89145
       89148
       89162
       89246
       89248
       89308
       89400
       89440
       89472
       89511
       89544
       89589
       89652
       89690
       89785
       89788
       89811
       89848
       89885
       89889
       89951
       89973
       90003
       90034
       90117
       90169
       90216
       90303
       90369
       90421
       90421
       90492
       90514
       90515
       90524
       90622
       90662
       90754
       90755
       90799
       90849
       90852
       90921
       90932
       90952
       90952
       91049
       91117
       91205
       91273
       91312
       91347
       91428
       91509
       91557
       91557
       91644
       91736
       91832
       91863
       91935
       92016
       92036
       92124
       92144
       92227
       92259
       92327
       92407
       92494
       92515
       92573
       92609
       92672
       92720
       92806
       92873
       92909
       92950
       92969
       93019
       93025
       93109
       93207
       93261
       93298
       93335
       93350
       93381
       93436
       93479
       93524
       93576
       93598
       93689
       93775
       93851
       93913
       93952
       93966
       93988
       94026
       94098
       94113
       94120
       94135
       94162
       94199
       94287
       94291
       94319
       94392
       94484
       94543
       94590
       94666
       94680
       94746
       94797
       94840
       94891
       94903
       94951
       94969
       95061
       95159
       95175
       95199
       95254
       95296
       95358
       95386
       95469
       95486
       95539
       95582
       95591
       95597
       95658
       95709
       95740
       95819
       95880
       95944
       96021
       96045
       96139
       96197
       96205
       96261
       96306
       96351
       96421
       96496
       96534
       96541
       96600
       96661
       96664
       96719
       96791
       96840
       96897
       96940
       97014
       97072
       97114
       97180
       97265
       97344
       97423
       97496
       97525
       97622
       97642
       97682
       97780
       97848
       97855
       97943
       97976
       98000
       98053
       98065
       98115
       98166
       98210
       98299
       98373
       98382
       98382
       98390
       98465
       98551
       98583
       98590
       98657
       98752
       98776
       98820
       98897
       98916
       98933
       98981
       99056
       99128
       99158
       99234
       99246
       99329
       99396
       99449
       99540
       99550
       99603
       99623
       99633
       99690
       99690
       99744
       99838
       99918
       99996
      100086
      100087
      100132
      100206
      100281
      100351
      100388
      100454
      100529
      100578
      100674
      100706
      100752
      100797
      100810
      100892
      100949
      100989
      101067
      101103
      101142
      101233
      101248
      101275
      101338
      101429
      101432
      101515
      101563
      101579
      101646
      101713
      101733
      101739
      101756
      101852
      101949
      102008
      102080
      102107
      102113
      102126
      102130
      102155
      102234
      102289
      102356
      102430
      102500
      102549
      102636
      102716
      102716
      102720
      102809
      102887
      102927
      102998
      103084
      103181
      103187
      103219
      103276
      103304
      103362
      103445
      103473
      103494
      103509
      103577
      103584
      103681
      103731
      103742
      103755
      103784
      103860
      103862
      103918
      103987
      104066
      104152
      104240
      104298
      104345
      104404
      104441
      104527
      104625
      104696
      104739
      104741
      104790
      104872
      104956
      105051
      105073
      105129
      105189
      105238
      105285
      105366
      105405
      105483
      105556
      105650
      105664
      105701
      105795
      105827
      105861
      105957
      105999
      106091
      106164
      106190
      106215
      106262
      106275
      106344
      106422
      106490
      106516
      106609
      106674
      106677
      106762
      106782
      106869
      106928
      106958
      107010
      107090
      107153
      107159
      107187
      107188
      107261
      107319
      107410
      107439
      107452
      107534
      107534
      107616
      107671
      107744
      107811
      107904
      107990
      108026
      108040
      108088
      108118
      108173
      108186
      108187
      108279
      108323
      108413
      108448
      108475
      108572
      108649
      108690
      108754
      108776
      108866
      108887
      108961
      109007
      109106
      109191
      109251
      109276
      109291
      109372
      109432
      109477
      109537
      109553
      109621
      109705
      109725
      109743
      109812
      109838
      109914
      110008
      110079
      110140
      110213
      110238
      110245
      110305
      110385
      110413
      110440
      110447
      110505
      110593
      110641
      110648
      110733
      110804
      110846
      110941
      110965
      111034
      111075
      111130
      111210
      111267
      111343
      111398
      111421
      111485
      111526
      111603
      111702
      111715
      111780
      111863
      111890
      111905
      111914
      111945
      112015
      112038
      112063
      112063
      112119
      112165
      112166
      112195
      112233
      112286
      112347
      112382
      112413
      112427
      112520
      112555
      112618
      112632
      112677
      112694
      112700
      112771
      112832
      112849
      112896
      112949
      112950
      113018
      113021
      113056
      113081
      113107
      113154
      113244
      113264
      113351
      113433
      113491
      113556
      113655
      113729
      113733
      113770
      113814
      113846
      113902
      113976
      113998
      114044
      114130
      114130
      114163
      114227
      114318
      114361
      114428
      114521
      114550
      114579
      114644
      114694
      114723
      114813
      114867
      114966
      115012
      115087
      115151
      115164
      115204
      115253
      115256
      115281
      115313
      115338
      115394
      115432
      115495
      115590
      115637
      115708
      115732
      115766
      115811
      115888
      115924
      115971
      115986
      116065
      116110
      116170
      116208
      116247
      116292
      116335
      116410
      116449
      116498
      116564
      116631
      116682
      116766
      116821
      116829
      116911
      116940
      117035
      117101
      117147
      117157
      117245
      117321
      117330
      117335
      117414
      117468
      117512
      117569
      117586
      117679
      117687
      117731
      117792
      117820
      117873
      117967
      118027
      118124
      118161
      118185
      118274
      118325
      118349
      118405
      118409
      118432
      118530
      118601
      118627
      118645
      118691
      118768
      118853
      118882
      118922
      118935
      118989
      119025
      119032
      119087
      119093
      119115
      119131
      119166
      119205
      119253
      119317
      119383
      119442
      119473
      119524
      119572
      119645
      119681
      119748
      119825
      119902
      119914
      119974
      119994
      120056
      120151
      120219
      120276
      120353
      120440
      120493
      120573
      120605
      120694
      120738
      120750
      120772
      120820
      120882
      120938
      121034
      121132
      121142
      121192
      121241
      121329
      121423
      121471
      121497
      121523
      121582
      121608
      121642
      121704
      121711
      121747
      121810
      121880
      121898
      121919
      122008
      122022
      122052
      122100
      122171
      122206
      122290
      122307
      122402
      122447
      122533
      122538
      122546
      122585
      122643
      122720
      122757
      122763
      122797
      122892
      122938
      122966
      122975
      123032
      123087
      123131
      123147
      123201
      123220
      123273
      123364
      123378
      123414
      123513
      123570
      123656
      123664
      123672
      123697
      123781
      123879
      123879
      123889
      123951
      124020
      124103
      124132
      124187
      124229
      124259
      124297
      124383
      124402
      124485
      124565
      124648
      124701
      124793
      124892
      124981
      125040
      125055
      125144
      125173
      125184
      125268
      125271
      125321
      125358
      125430
      125499
      125570
      125580
      125641
      125668
      125691
      125787
      125820
      125848
      125942
      126038
      126086
      126152
      126181
      126202
      126290
      126367
      126400
      126467
      126520
      126547
      126640
      126658
      126745
      126811
      126897
      126949
      127033
      127047
      127095
      127164
      127210
      127281
      127296
      127387
      127465
      127543
      127586
      127635
      127685
      127713
      127764
      127814
      127876
      127929
      128000
      128094
      128141
      128197
      128267
      128277
      128354
      128373
      128382
      128386
      128421
      128485
      128569
      128625
      128706
      128760
      128778
      128800
      128867
      128877
      128949
      129033
      129054
      129066
      129072
      129109
      129130
      129154
      129171
      129264
      129275
      129294
      129392
      129442
      129515
      129551
      129617
      129695
      129705
      129746
      129795
      129827
      129852
      129940
      130015
      130023
      130047
      130056
      130090
      130171
      130229
      130229
      130317
      130338
      130344
      130346
      130438
      130528
      130625
      130697
      130698
      130769
      130860
      130925
      131015
      131043
      131106
      131106
      131128
      131198
      131296
      131301
      131307
      131373
      131425
      131449
      131465
      131547
      131620
      131697
      131737
      131793
      131831
      131879
      131946
      131977
      131997
      132085
      132171
      132177
      132242
      132336
      132369
      132435
      132498
      132553
      132608
      132680
      132722
      132818
      132845
      132916
      132976
      133019
      133086
      133137
      133143
      133210
      133245
      133291
      133341
      133407
      133440
      133504
      133554
      133608
      133657
      133721
      133721
      133732
      133809
      133892
      133924
      133941
      133981
      134062
      134063
      134114
      134166
      134259
      134279
      134371
      134424
      134521
      134568
      134618
      134684
      134728
      134804
      134885
      134895
      134955
      135020
      135100
      135131
      135212
      135274
      135369
      135398
      135398
      135464
      135537
      135618
      135627
      135701
      135784
      135805
      135806
      135895
      135900
      135945
      135956
      135956
      136011
      136092
      136096
      136192
      136195
      136220
      136222
      136283
      136354
      136374
      136450
      136451
      136507
      136558
      136563
      136622
      136657
      136753
      136836
      136916
      137014
      137040
      137065
      137139
      137156
      137167
      137253
      137306
      137325
      137388
      137464
      137530
      137559
      137650
      137671
      137756
      137816
      137852
      137864
      137904
      137998
      138048
      138140
      138155
      138165
      138243
      138271
      138365
      138446
      138468
      138486
      138560
      138564
      138649
      138665
      138666
      138711
      138796
      138856
      138934
      138977
      139022
      139070
      139091
      139115
      139126
      139129
      139195
      139270
      139364
      139383
      139407
      139452
      139456
      139521
      139541
      139608
      139690
      139717
      139733
      139804
      139889
      139909
      139928
      139931
      139990
      140049
      140107
      140196
      140247
      140283
      140366
      140431
      140490
      140560
      140625
      140706
      140802
      140844
      140878
      140941
      141040
      141055
      141123
      141217
      141234
      141324
      141360
      141399
      141413
      141485
      141485
      141547
      141619
      141715
      141723
      141816
      141845
      141860
      141936
      142015
      142107
      142187
      142216
      142240
      142286
      142306
      142322
      142375
      142385
      142477
      142561
      142658
      142658
      142677
      142716
      142783
      142792
      142792
      142813
      142889
      142935
      143021
      143054
      143056
      143112
      143197
      143257
      143286
      143347
      143349
      143371
      143443
      143525
      143546
      143626
      143705
      143716
      143800
      143893
      143954
      143957
      144036
      144083
      144145
      144227
      144288
      144329
      144395
      144477
      144526
      144592
      144638
      144651
      144739
      144832
      144862
      144931
      144943
      145000
      145069
      145163
      145195
      145196
      145247
      145267
      145294
      145385
      145404
      145462
      145477
      145545
      145629
      145699
      145781
      145821
      145891
      145904
      145943
      146027
      146124
      146147
      146201
      146234
      146270
      146286
      146301
      146310
      146379
      146380
      146453
      146474
      146549
      146603
      146698
      146729
      146754
      146831
      146858
      146868
      146900
      146955
      147016
      147042
      147092
      147153
      147193
      147283
      147334
      147342
      147355
      147375
      147460
      147533
      147581
      147612
      147615
      147698
      147792
      147796
      147803
      147844
      147859
      147926
      147942
      148005
      148079
      148113
      148189
      148214
      148294
      148295
      148358
      148377
      148431
      148444
      148518
      148600
      148667
      148722
      148804
      148864
      148954
      149052
      149052
      149106
      149112
      149192
      149218
      149247
      149313
      149376
      149388
      149475
      149486
      149510
      149516
      149537
      149622
      149679
      149746
      149844
      149942
      150003
      150097
      150100
      150180
      150191
      150290
      150343
      150437
      150439
      150464
      150526
      150568
      150624
      150674
      150747
      150769
      150838
      150884
      150943
      151018
      151080
      151138
      151193
      151236
      151251
      151325
      151375
      151426
      151446
      151515
      151562
      151659
      151659
      151707
      151733
      151747
      151775
      151869
      151880
      151929
      152012
      152043
      152124
      152186
      152188
      152203
      152245
      152299
      152356
      152435
      152436
      152509
      152564
      152620
      152627
      152693
      152721
      152724
      152805
      152897
      152965
      152999
      153054
      153060
      153090
      153151
      153180
      153220
      153221
      153271
      153340
      153417
      153425
      153437
      153503
      153590
      153645
      153727
      153729
      153815
      153906
      153962
      153966
      153997
      154025
      154056
      154072
      154113
      154144
      154155
      154208
      154286
      154332
      154389
      154404
      154423
      154424
      154440
      154506
      154566
      154643
      154662
      154704
      154778
      154867
      154931
      154982
      155031
      155123
      155170
      155244
      155276
      155280
      155285
      155343
      155416
      155434
      155530
      155569
      155610
      155648
      155692
      155752
      155848
      155930
      156012
      156042
      156063
      156116
      156205
      156277
      156369
      156404
      156472
      156472
      156487
      156513
      156567
      156634
      156664
      156698
      156699
      156770
      156842
      156930
      156988
      157030
      157118
      157134
      157201
      157231
      157327
      157328
      157399
      157426
      157507
      157557
      157646
      157706
      157793
      157885
      157984
      158056
      158144
      158226
      158304
      158395
      158468
      158529
      158579
      158616
      158666
      158732
      158754
      158823
      158895
      158927
      158971
      158996
      159059
      159080
      159114
      159172
      159215
      159314
      159389
      159435
      159436
      159438
      159511
      159532
      159535
      159577
      159585
      159672
      159762
      159840
      159915
      159971
      160041
      160090
      160142
      160167
      160185
      160217
      160264
      160266
      160293
      160337
      160432
      160509
      160523
      160571
      160643
      160671
      160734
      160777
      160777
      160847
      160898
      160917
      160975
      161022
      161087
      161097
      161120
      161181
      161219
      161284
      161290
      161317
      161377
      161402
      161413
      161490
      161494
      161571
      161598
      161651
      161691
      161788
      161806
      161856
      161918
      162006
      162027
      162095
      162122
      162133
      162147
      162201
      162206
      162302
      162317
      162355
      162418
      162504
      162594
      162605
      162659
      162739
      162755
      162764
      162853
      162875
      162918
      162960
      163035
      163050
      163080
      163080
      163144
      163238
      163315
      163336
      163425
      163442
      163501
      163548
      163623
      163687
      163720
      163785
      163785
      163871
      163889
      163936
      163985
      164012
      164067
      164160
      164258
      164351
      164405
      164409
      164461
      164525
      164616
      164678
      164702
      164713
      164733
      164816
      164914
      164929
      165015
      165015
      165033
      165112
      165182
      165267
      165332
      165380
      165455
      165540
      165561
      165615
      165654
      165689
      165727
      165811
      165882
      165975
      166034
      166122
      166213
      166273
      166298
      166308
      166340
      166414
      166431
      166528
      166619
      166668
      166758
      166837
      166878
      166926
      166985
      167003
      167045
      167085
      167156
      167210
      167279
      167305
      167380
      167389
      167449
      167494
      167581
      167634
      167705
      167781
      167789
      167860
      167919
      168000
      168042
      168079
      168156
      168183
      168277
      168360
      168451
      168469
      168562
      168644
      168648
      168742
      168808
      168842
      168880
      168938
      168961
      168961
      169010
      169037
      169081
      169166
      169185
      169230
      169231
      169272
      169281
      169314
      169368
      169462
      169502
      169548
      169635
      169686
      169726
      169749
      169777
      169803
      169892
      169958
      169974
      169982
      170069
      170113
      170192
      170208
      170236
      170294
      170346
      170444
      170470
      170555
      170592
      170630
      170696
      170772
      170838
      170882
      170893
      170949
      171030
      171090
      171110
      171171
      171195
      171205
      171285
      171286
      171385
      171433
      171508
      171558
      171624
      171645
      171703
      171771
      171870
      171893
      171959
      172032
      172045
      172113
      172157
      172214
      172310
      172368
      172389
      172454
      172467
      172484
      172571
      172624
      172717
      172719
      172746
      172828
      172900
      172950
      173009
      173055
      173132
      173151
      173171
      173211
      173234
      173241
      173258
      173269
      173311
      173364
      173408
      173413
      173482
      173535
      173544
      173544
      173625
      173627
      173702
      173759
      173782
      173847
      173923
      173961
      174053
      174053
      174092
      174123
      174145
      174192
      174201
      174271
      174334
      174342
      174422
      174463
      174469
      174501
      174578
      174640
      174684
      174746
      174750
      174797
      174798
      174853
      174902
      174931
      175014
      175102
      175179
      175215
      175251
      175343
      175368
      175437
      175486
      175581
      175657
      175715
      175762
      175820
      175882
      175968
      175988
      176033
      176072
      176151
      176217
      176283
      176358
      176419
      176515
      176539
      176595
      176683
      176738
      176793
      176836
      176905
      176942
      177013
      177058
      177071
      177145
      177146
      177219
      177255
      177287
      177350
      177424
      177426
      177439
      177497
      177531
      177624
      177708
      177796
      177848
      177852
      177865
      177885
      177946
      178018
      178023
      178115
      178128
      178198
      178274
      178277
      178311
      178356
      178359
      178401
      178498
      178558
      178574
      178643
      178680
      178757
      178775
      178775
      178804
      178809
      178907
      179000
      179050
      179054
      179086
      179177
      179238
      179289
      179329
      179379
      179432
      179530
      179569
      179630
      179650
      179727
      179807
      179810
      179824
      179856
      179862
      179913
      179994
      180080
      180147
      180196
      180287
      180372
      180373
      180453
      180485
      180495
      180533
      180562
      180637
      180670
      180731
      180804
      180812
      180857
      180899
      180976
      181031
      181087
      181121
      181180
      181264
      181315
      181341
      181395
      181401
      181413
      181421
      181424
      181482
      181520
      181550
      181566
      181652
      181750
      181776
      181868
      181937
      181944
      181944
      182013
      182064
      182085
      182147
      182160
      182184
      182273
      182350
      182351
      182367
      182447
      182460
      182470
      182523
      182562
      182563
      182647
      182701
      182758
      182772
      182861
      182919
      182981
      183035
      183051
      183107
      183166
      183250
      183275
      183350
      183433
      183522
      183618
      183657
      183721
      183757
      183826
      183916
      183931
      184025
      184123
      184190
      184288
      184358
      184378
      184398
      184471
      184503
      184563
      184579
      184655
      184703
      184719
      184800
      184850
      184925
      184939
      184962
      185012
      185068
      185164
      185219
      185262
      185351
      185450
      185454
      185456
      185464
      185482
      185549
      185609
      185660
      185664
      185758
      185856
      185891
      185965
      185986
      185997
      186036
      186038
      186114
      186147
      186195
      186231
      186307
      186381
      186454
      186550
      186590
      186657
      186736
      186740
      186792
      186890
      186983
      186989
      187078
      187129
      187214
      187296
      187322
      187386
      187451
      187496
      187571
      187659
      187711
      187713
      187788
      187881
      187977
      188034
      188088
      188144
      188170
      188235
      188242
      188247
      188285
      188351
      188353
      188398
      188417
      188419
      188511
      188516
      188579
      188671
      188681
      188758
      188837
      188932
      189029
      189093
      189107
      189148
      189195
      189246
      189259
      189281
      189313
      189404
      189408
      189483
      189505
      189585
      189676
      189694
      189715
      189715
      189739
      189810
      189900
      189927
      190006
      190097
      190133
      190191
      190196
      190248
      190255
      190311
      190400
      190426
      190481
      190550
      190593
      190649
      190650
      190658
      190688
      190781
      190880
      190969
      191047
      191077
      191114
      191139
      191197
      191209
      191209
      191306
      191333
      191354
      191368
      191412
      191458
      191476
      191493
      191518
      191525
      191585
      191603
      191702
      191745
      191752
      191781
      191787
      191857
      191882
      191898
      191952
      192040
      192075
      192092
      192098
      192130
      192179
      192256
      192326
      192390
      192427
      192516
      192554
      192598
      192626
      192712
      192767
      192865
      192907
      192970
      193024
      193072
      193086
      193130
      193149
      193212
      193223
      193284
      193320
      193406
      193490
      193497
      193541
      193583
      193653
      193703
      193734
      193742
      193782
      193881
      193883
      193965
      194001
      194044
      194065
      194072
      194149
      194211
      194255
      194263
      194304
      194343
      194389
      194464
      194507
      194585
      194647
      194681
      194713
      194793
      194836
      194855
      194918
      194932
      195007
      195061
      195112
      195125
      195130
      195217
      195308
      195397
      195480
      195487
      195506
      195519
      195555
      195609
      195622
      195655
      195659
      195667
      195677
      195771
      195838
      195871
      195937
      196009
      196077
      196162
      196235
      196248
      196275
      196289
      196387
      196447
      196542
      196638
      196659
      196721
      196792
      196805
      196816
      196873
      196945
      196978
      196985
      197068
      197139
      197235
      197265
      197291
      197379
      197419
      197503
      197582
      197640
      197673
      197681
      197707
      197771
      197774
      197822
      197828
      197883
      197947
      198034
      198046
      198075
      198130
      198156
      198190
      198263
      198281
      198299
      198341
      198347
      198372
      198374
      198414
      198419
      198515
      198609
      198675
      198766
      198775
      198856
      198927
      198976
      199058
      199092
      199152
      199236
      199251
      199316
      199388
      199410
      199479
      199522
      199571
      199607
      199703
      199731
      199776
      199841
      199848
      199859
      199918
      199977
      200054
      200091
      200157
      200181
      200267
      200291
      200301
      200385
      200395
      200401
      200490
      200546
      200600
      200675
      200704
      200753
      200817
      200837
      200837
      200872
      200911
      200943
      200975
      201071
      201163
      201211
      201242
      201290
      201297
      201344
      201346
      201442
      201460
      201550
      201589
      201664
      201680
      201767
      201787
      201827
      201920
      202008
      202041
      202133
      202204
      202284
      202319
      202371
      202421
      202465
      202546
      202594
      202648
      202652
      202703
      202721
      202748
      202751
      202779
      202863
      202939
      202998
      203009
      203093
      203157
      203235
      203308
      203368
      203395
      203471
      203492
      203557
      203628
      203712
      203805
      203857
      203913
      203985
      204045
      204094
      204147
      204167
      204256
      204297
      204330
      204364
      204402
      204404
      204445
      204487
      204580
      204635
      204699
      204736
      204747
      204790
      204837
      204908
      204992
      205018
      205024
      205038
      205070
      205165
      205211
      205278
      205333
      205398
      205497
      205584
      205623
      205645
      205650
      205661
      205677
      205753
      205800
      205866
      205881
      205923
      205958
      205988
      206048
      206053
      206079
      206136
      206230
      206285
      206332
      206397
      206442
      206505
      206516
      206550
      206578
      206626
      206703
      206706
      206767
      206811
      206902
      206946
      207031
      207118
      207206
      207255
      207261
      207279
      207351
      207394
      207444
      207542
      207556
      207562
      207624
      207709
      207742
      207795
      207876
      207950
      207961
      208011
      208064
      208088
      208099
      208153
      208171
      208187
      208209
      208293
      208386
      208451
      208478
      208577
      208604
      208610
      208704
      208722
      208750
      208819
      208832
      208905
      208973
      209071
      209123
      209170
      209189
      209223
      209278
      209286
      209350
      209408
      209487
      209524
      209567
      209589
      209626
      209628
      209666
      209738
      209817
      209857
      209857
      209948
      209990
      210017
      210044
      210083
      210099
      210110
      210179
      210188
      210214
      210309
      210358
      210409
      210435
      210465
      210473
      210541
      210556
      210614
      210698
      210793
      210889
      210900
      210999
      211020
      211106
      211126
      211155
      211236
      211272
      211341
      211371
      211387
      211449
      211511
      211606
      211684
      211716
      211756
      211810
      211845
      211903
      211942
      211954
      212002
      212041
      212103
      212187
      212226
      212293
      212390
      212421
      212453
      212465
      212505
      212560
      212615
      212674
      212694
      212707
      212794
      212868
      212914
      212986
      213015
      213017
      213096
      213155
      213164
      213246
      213327
      213406
      213482
      213484
      213532
      213595
      213634
      213642
      213700
      213729
      213814
      213907
      213998
      214012
      214036
      214080
      214168
      214250
      214319
      214343
      214419
      214422
      214470
      214486
      214573
      214592
      214681
      214694
      214789
      214863
      214882
      214884
      214892
      214956
      214958
      215033
      215098
      215151
      215207
      215306
      215364
      215366
      215457
      215520
      215577
      215615
      215703
      215744
      215764
      215805
      215833
      215891
      215899
      215928
      215973
      216054
      216090
      216098
      216106
      216163
      216206
      216247
      216297
      216327
      216352
      216379
      216462
      216512
      216542
      216580
      216587
      216663
      216733
      216783
      216834
      216836
      216868
      216939
      216989
      217015
      217093
      217124
      217196
      217257
      217350
      217367
      217407
      217456
      217552
      217611
      217629
      217681
      217698
      217756
      217839
      217844
      217852
      217918
      217986
      218043
      218050
      218137
      218193
      218202
      218298
      218368
      218439
      218473
      218523
      218530
      218568
      218595
      218638
      218692
      218738
      218818
      218824
      218857
      218955
      218977
      219062
      219134
      219183
      219247
      219323
      219363
      219444
      219466
      219500
      219598
      219606
      219615
      219677
      219688
      219706
      219710
      219793
      219803
      219844
      219867
      219908
      219978
      219985
      220046
      220047
      220110
      220194
      220196
      220211
      220217
      220250
      220250
      220295
      220324
      220395
      220494
      220565
      220639
      220666
      220690
      220712
      220724
      220734
      220790
      220810
      220895
      220947
      221008
      221087
      221116
      221142
      221152
      221242
      221287
      221380
      221439
      221496
      221595
      221680
      221696
      221698
      221796
      221819
      221917
      221926
      221946
      222042
      222058
      222085
      222135
      222166
      222240
      222315
      222329
      222395
      222461
      222484
      222501
      222585
      222673
      222751
      222767
      222773
      222838
      222839
      222887
      222958
      223024
      223065
      223152
      223249
      223315
      223323
      223372
      223458
      223470
      223538
      223614
      223672
      223758
      223851
      223950
      223959
      224000
      224053
      224105
      224189
      224246
      224319
      224328
      224369
      224425
      224425
      224501
      224549
      224618
      224620
      224632
      224647
      224685
      224743
      224748
      224832
      224873
      224908
      224955
      224979
      225055
      225065
      225098
      225192
      225241
      225258
      225349
      225382
      225392
      225483
      225542
      225612
      225620
      225652
      225670
      225765
      225838
      225898
      225903
      225952
      225979
      226062
      226078
      226132
      226177
      226241
      226323
      226348
      226417
      226418
      226457
      226539
      226570
      226640
      226644
      226726
      226803
      226835
      226907
      226982
      227069
      227152
      227183
      227226
      227262
      227277
      227340
      227376
      227451
      227532
      227590
      227615
      227631
      227668
      227708
      227803
      227809
      227825
      227830
      227868
      227958
      228014
      228027
      228039
      228055
      228078
      228134
      228135
      228205
      228265
      228306
      228346
      228416
      228418
      228492
      228495
      228562
      228641
      228668
      228704
      228726
      228782
      228861
      228936
      228942
      228985
      229078
      229092
      229096
      229142
      229146
      229158
      229175
      229196
      229223
      229246
      229263
      229317
      229364
      229448
      229519
      229588
      229644
      229724
      229758
      229820
      229910
      229950
      230006
      230041
      230069
      230084
      230110
      230151
      230222
      230226
      230261
      230320
      230343
      230379
      230475
      230524
      230536
      230586
      230589
      230648
      230724
      230808
      230817
      230860
      230925
      230951
      231044
      231131
      231163
      231246
      231271
      231316
      231401
      231465
      231560
      231592
      231649
      231649
      231665
      231743
      231821
      231871
      231926
      232017
      232100
      232184
      232236
      232306
      232403
      232431
      232505
      232582
      232619
      232638
      232724
      232786
      232879
      232903
      232996
      233075
      233143
      233173
      233189
      233223
      233229
      233310
      233313
      233347
      233376
      233391
      233412
      233465
      233510
      233520
      233533
      233536
      233586
      233675
      233691
      233722
      233770
      233800
      233831
      233831
      233838
      233849
      233906
      233919
      233980
      234023
      234058
      234149
      234175
      234198
      234241
      234267
      234290
      234301
      234398
      234470
      234563
      234606
      234650
      234669
      234743
      234794
      234871
      234942
      235033
      235128
      235226
      235298
      235304
      235348
      235365
      235373
      235440
      235517
      235540
      235571
      235601
      235634
      235695
      235778
      235835
      235907
      235953
      236008
      236060
      236074
      236116
      236202
      236253
      236305
      236387
      236469
      236474
      236522
      236539
      236559
      236646
      236691
      236786
      236791
      236833
      236852
      236942
      236964
      237029
      237032
      237119
      237166
      237187
      237277
      237288
      237319
      237398
      237438
      237460
      237555
      237649
      237657
      237750
      237779
      237840
      237920
      237925
      237950
      237978
      238071
      238112
      238161
      238229
      238248
      238324
      238413
      238463
      238520
      238541
      238555
      238559
      238628
      238693
      238711
      238712
      238766
      238776
      238824
      238848
      238850
      238933
      238958
      239047
      239083
      239160
      239189
      239275
      239294
      239345
      239424
      239512
      239597
      239610
      239630
      239677
      239705
      239762
      239765
      239796
      239895
      239978
      239978
      240072
      240090
      240124
      240181
      240275
      240351
      240406
      240409
      240506
      240531
      240542
      240567
      240628
      240726
      240808
      240864
      240904
      240997
      241091
      241109
      241148
      241223
      241260
      241273
      241289
      241330
      241423
      241448
      241481
      241549
      241605
      241626
      241653
      241682
      241752
      241820
      241831
      241881
      241938
      241971
      241998
      242074
      242096
      242180
      242254
      242296
      242359
      242373
      242412
      242493
      242544
      242633
      242669
      242764
      242803
      242839
      242892
      242909
      242927
      242998
      243087
      243104
      243163
      243233
      243301
      243325
      243342
      243348
      243445
      243451
      243513
      243597
      243599
      243688
      243764
      243776
      243835
      243869
      243874
      243933
      243942
      243944
      243976
      243976
      243979
      244013
      244081
      244161
      244184
      244227
      244306
      244396
      244405
      244484
      244525
      244620
      244717
      244785
      244819
      244852
      244911
      244938
      244944
      244968
      245065
      245153
      245173
      245202
      245204
      245246
      245259
      245315
      245346
      245361
      245426
      245504
      245536
      245560
      245590
      245631
      245649
      245667
      245693
      245719
      245728
      245750
      245785
      245794
      245819
      245838
      245895
      245908
      245988
      245998
      246097
      246175
      246220
      246297
      246387
      246414
      246512
      246524
      246587
      246635
      246646
      246689
      246715
      246757
      246775
      246851
      246875
      246972
      247043
      247083
      247098
      247132
      247145
      247146
      247191
      247193
      247246
      247294
      247363
      247401
      247473
      247566
      247622
      247622
      247718
      247722
      247763
      247839
      247841
      247937
      247951
      247998
      248009
      248085
      248161
      248189
      248271
      248319
      248328
      248346
      248426
      248452
      248457
      248495
      248564
      248630
      248657
      248699
      248767
      248845
      248861
      248891
      248940
      248962
      248992
      249075
      249153
      249184
      249227
      249242
      249286
      249370
      249449
      249472
      249552
      249601
      249667
      249709
      249773
      249845
      249908
      250006
      250036
      250129
      250189
      250258
      250261
      250341
      250359
      250442
      250487
      250556
      250652
      250658
      250734
      250810
      250812
      250826
      250834
      250841
      250882
      250915
      250939
      250991
      251083
      251122
      251124
      251214
      251282
      251290
      251328
      251370
      251436
      251482
      251551
      251593
      251642
      251726
      251803
      251874
      251914
      251922
      252008
      252087
      252183
      252247
      252277
      252312
      252391
      252391
      252459
      252548
      252566
      252570
      252615
      252676
      252739
      252806
      252838
      252928
      252963
      252980
      253016
      253072
      253148
      253204
      253281
      253351
      253427
      253437
      253488
      253533
      253567
      253585
      253643
      253711
      253718
      253746
      253807
      253895
      253937
      254012
      254046
      254115
      254153
      254216
      254289
      254298
      254322
      254372
      254426
      254470
      254562
      254579
      254665
      254722
      254774
      254867
      254964
      254978
      255003
      255065
      255147
      255189
      255212
      255246
      255336
      255431
      255486
      255567
      255664
      255744
      255766
      255818
      255879
      255909
      255977
      256016
      256037
      256089
      256166
      256261
      256263
      256343
      256414
      256431
      256512
      256605
      256655
      256739
      256749
      256797
      256873
      256917
      257010
      257012
      257057
      257092
      257147
      257229
      257235
      257259
      257354
      257396
      257450
      257471
      257570
      257583
      257607
      257636
      257653
      257658
      257670
      257738
      257829
      257867
      257911
      257986
      258049
      258135
      258205
      258278
      258340
      258341
      258418
      258453
      258516
      258537
      258617
      258670
      258751
      258832
      258870
      258934
      258996
      259084
      259171
      259198
      259275
      259372
      259471
      259564
      259622
      259660
      259721
      259810
      259823
      259847
      259932
      260015
      260109
      260143
      260192
      260235
      260244
      260277
      260357
      260429
      260454
      260505
      260524
      260562
      260582
      260657
      260713
      260772
      260834
      260915
      261002
      261004
      261093
      261165
      261171
      261231
      261253
      261280
      261314
      261362
      261394
      261441
      261525
      261558
      261570
      261649
      261732
      261734
      261816
      261823
      261882
      261980
      261991
      262064
      262109
      262162
      262252
      262341
      262360
      262424
      262499
      262551
      262641
      262696
      262717
      262759
      262765
      262812
      262836
      262861
      262876
      262928
      263020
      263054
      263133
      263140
      263184
      263237
      263277
      263356
      263422
      263500
      263588
      263623
      263682
      263712
      263808
      263891
      263950
      264023
      264074
      264139
      264182
      264268
      264321
      264328
      264350
      264414
      264415
      264468
      264548
      264595
      264683
      264781
      264826
      264843
      264905
      264931
      264992
      265088
      265171
      265239
      265323
      265408
      265502
      265574
      265652
      265657
      265717
      265744
      265813
      265820
      265896
      265995
      266074
      266074
      266154
      266163
      266176
      266249
      266292
      266352
      266362
      266407
      266476
      266560
      266602
      266653
      266664
      266677
      266765
      266828
      266843
      266925
      266943
      266986
      267008
      267025
      267095
      267140
      267176
      267228
      267295
      267302
      267333
      267388
      267392
      267395
      267451
      267462
      267503
      267590
      267603
      267663
      267667
      267727
      267751
      267789
      267884
      267898
      267926
      267946
      267979
      268073
      268141
      268218
      268262
      268308
      268357
      268375
      268474
      268476
      268550
      268569
      268589
      268607
      268643
      268671
      268736
      268775
      268826
      268917
      268992
      269088
      269135
      269219
      269274
      269373
      269395
      269401
      269405
      269443
      269459
      269530
      269572
      269613
      269684
      269688
      269744
      269803
      269826
      269867
      269897
      269993
      269999
      270090
      270107
      270188
      270258
      270345
      270356
      270401
      270440
      270476
      270521
      270530
      270589
      270677
      270759
      270766
      270783
      270807
      270820
      270907
      270984
      271010
      271058
      271106
      271114
      271186
      271221
      271299
      271340
      271403
      271495
      271573
      271595
      271619
      271692
      271751
      271848
      271859
      271889
      271977
      271987
      271989
      272077
      272136
      272164
      272174
      272212
      272233
      272291
      272340
      272407
      272479
      272524
      272596
      272684
      272703
      272718
      272765
      272840
      272897
      272902
      272925
      272990
      273058
      273063
      273149
      273224
      273240
      273313
      273366
      273393
      273460
      273471
      273536
      273536
      273567
      273638
      273714
      273790
      273812
      273882
      273960
      273980
      273991
      274048
      274073
      274117
      274139
      274229
      274234
      274326
      274401
      274466
      274559
      274610
      274638
      274679
      274721
      274739
      274812
      274835
      274930
      274988
      275075
      275084
      275134
      275178
      275203
      275208
      275208
      275283
      275373
      275397
      275441
      275470
      275492
      275557
      275588
      275640
      275699
      275770
      275817
      275848
      275930
      275973
      276067
      276121
      276161
      276178
      276273
      276350
      276428
      276498
      276583
      276606
      276612
      276697
      276786
      276878
      276956
      276985
      277077
      277154
      277246
      277325
      277396
      277415
      277447
      277542
      277554
      277566
      277632
      277660
      277734
      277830
      277913
      277965
      278037
      278037
      278123
      278177
      278260
      278315
      278351
      278420
      278510
      278512
      278609
      278674
      278718
      278794
      278825
      278862
      278893
      278904
      278924
      278995
      279042
      279127
      279170
      279258
      279280
      279285
      279292
      279352
      279376
      279439
      279521
      279615
      279682
      279766
      279804
      279836
      279900
      279918
      280005
      280079
      280100
      280150
      280239
      280301
      280347
      280382
      280458
      280541
      280598
      280611
      280636
      280678
      280755
      280803
      280829
      280852
      280950
      281027
      281120
      281145
      281221
      281290
      281359
      281386
      281454
      281471
      281496
      281509
      281552
      281650
      281699
      281743
      281811
      281885
      281939
      281958
      281985
      282026
      282082
      282135
      282217
      282295
      282362
      282430
      282448
      282496
      282562
      282626
      282700
      282719
      282814
      282912
      283008
      283037
      283095
      283177
      283182
      283264
      283288
      283319
      283359
      283458
      283478
      283544
      283551
      283557
      283649
      283698
      283787
      283805
      283891
      283915
      283971
      284021
      284057
      284134
      284222
      284277
      284302
      284331
      284377
      284383
      284445
      284464
      284500
      284519
      284521
      284559
      284604
      284647
      284723
      284768
      284774
      284793
      284890
      284974
      285057
      285077
      285113
      285184
