          37
          98
         180
         269
         304
         349
         358
         429
         528
         622
         663
         746
         841
         873
         908
         965
        1025
        1071
        1104
        1132
        1154
        1249
        1254
        1347
        1368
        1401
        1450
        1545
        1564
        1626
        1722
        1759
        1851
        1861
        1913
        1914
        1987
        2067
        2135
        2189
        2222
        2260
        2329
        2400
        2499
        2529
        2566
        2613
        2690
        2728
        2821
        2901
        2984
        3052
        3102
        3104
        3183
        3249
        3315
        3399
        3462
        3532
        3577
        3652
        3740
        3807
        3828
        3923
        3930
        3933
        3958
        3981
        3993
        4053
        4137
        4178
        4260
        4332
        4339
        4438
        4512
        4556
        4645
        4700
        4732
        4796
        4819
        4856
        4944
        4991
        5057
        5105
        5115
        5162
        5237
        5272
        5291
        5373
        5440
        5442
        5469
        5536
        5550
        5569
        5667
        5728
        5767
        5851
        5942
        5969
        6033
        6068
        6097
        6182
        6277
        6300
        6331
        6355
        6382
        6463
        6535
        6614
        6698
        6728
        6775
        6797
        6890
        6908
        6943
        6953
        6991
        7069
        7129
        7193
        7257
        7322
        7378
        7402
        7443
        7446
        7449
        7517
        7561
        7650
        7684
        7775
        7800
        7815
        7830
        7833
        7859
        7955
        8044
        8140
        8158
        8189
        8277
        8321
        8389
        8422
        8431
        8527
        8564
        8605
        8682
        8688
        8705
        8753
        8754
        8801
        8887
        8889
        8980
        9052
        9108
        9141
        9142
        9196
        9250
        9284
        9354
        9382
        9405
        9463
        9481
        9521
        9561
        9577
        9615
        9684
        9757
        9822
        9834
        9857
        9884
        9958
        9991
       10022
       10107
       10145
       10218
       10253
       10261
       10322
       10333
       10414
       10488
       10576
       10616
       10665
       10763
       10821
       10908
       10937
       11035
       11122
       11157
       11158
       11166
       11247
       11316
       11401
       11413
       11485
       11487
       11512
       11568
       11609
       11688
       11762
       11851
       11888
       11944
       11978
       12016
       12076
       12076
       12136
       12207
       12280
       12377
       12450
       12497
       12579
       12663
       12664
       12689
       12764
       12794
       12794
       12867
       12940
       12974
       13051
       13061
       13119
       13130
       13163
       13186
       13263
       13351
       13416
       13482
       13517
       13588
       13653
       13732
       13782
       13869
       13869
       13877
       13967
       14064
       14157
       14252
       14348
       14381
       14448
       14514
       14538
       14626
       14652
       14737
       14824
       14895
       14899
       14902
       14923
       14939
       14994
       15044
       15057
       15136
       15215
       15245
       15334
       15410
       15439
       15526
       15548
       15594
       15603
       15647
       15744
       15842
       15904
       15936
       15951
       16009
       16066
       16146
       16192
       16240
       16274
       16358
       16419
       16505
       16594
       16683
       16721
       16796
       16882
       16974
       17054
       17086
       17138
       17236
       17263
       17277
       17373
       17375
       17455
       17459
       17496
       17506
       17596
       17612
       17683
       17782
       17822
       17921
       17988
       17990
       18005
       18051
       18129
       18183
       18262
       18349
       18406
       18409
       18445
       18517
       18597
       18600
       18676
       18730
       18756
       18790
       18859
       18933
       18967
       19053
       19138
       19191
       19250
       19278
       19373
       19454
       19535
       19592
       19593
       19670
       19670
       19685
       19734
       19769
       19862
       19871
       19886
       19897
       19992
       19992
       20060
       20083
       20090
       20134
       20195
       20227
       20231
       20293
       20302
       20311
       20356
       20358
       20435
       20502
       20532
       20567
       20577
       20618
       20634
       20708
       20797
       20818
       20855
       20879
       20883
       20907
       20983
       20998
       21060
       21060
       21086
       21126
       21198
       21283
       21368
       21388
       21412
       21474
       21546
       21583
       21649
       21727
       21771
       21832
       21834
       21898
       21981
       22053
       22108
       22179
       22206
       22225
       22313
       22397
       22441
       22532
       22617
       22704
       22728
       22825
       22916
       22923
       22983
       22987
       23041
       23091
       23182
       23253
       23277
       23339
       23381
       23395
       23399
       23424
       23499
       23566
       23608
       23619
       23692
       23727
       23741
       23745
       23773
       23773
       23865
       23955
       23966
       23967
       24034
       24088
       24137
       24157
       24233
       24283
       24359
       24454
       24489
       24558
       24562
       24644
       24734
       24792
       24873
       24962
       24976
       25020
       25061
       25089
       25121
       25167
       25224
       25255
       25285
       25357
       25400
       25461
       25479
       25498
       25594
       25636
       25645
       25712
       25798
       25812
       25823
       25893
       25940
       26031
       26107
       26124
       26138
       26211
       26289
       26320
       26367
       26370
       26382
       26414
       26476
       26551
       26589
       26687
       26786
       26866
       26925
       27006
       27032
       27108
       27137
       27206
       27297
       27390
       27432
       27443
       27447
       27488
       27576
       27585
       27613
       27671
       27686
       27723
       27752
       27815
       27873
       27925
       27953
       28049
       28116
       28209
       28269
       28332
       28340
       28343
       28434
       28505
       28552
       28593
       28678
       28717
       28747
       28797
       28856
       28861
       28914
       29007
       29095
       29139
       29142
       29142
       29214
       29283
       29380
       29437
       29529
       29547
       29576
       29633
       29639
       29649
       29652
       29668
       29764
       29788
       29812
       29885
       29904
       29960
       30010
       30055
       30101
       30194
       30215
       30303
       30350
       30415
       30502
       30545
       30557
       30601
       30624
       30662
       30690
       30781
       30858
       30898
       30913
       30924
       31017
       31031
       31094
       31156
       31198
       31225
       31307
       31349
       31403
       31473
       31483
       31513
       31578
       31602
       31639
       31650
       31710
       31780
       31794
       31815
       31864
       31954
       32009
       32092
       32107
       32139
       32165
       32183
       32225
       32303
       32306
       32318
       32379
       32419
       32472
       32531
       32577
       32648
       32684
       32714
       32755
       32795
       32863
       32906
       32912
       32993
       33041
       33066
       33109
       33127
       33197
       33222
       33264
       33285
       33290
       33307
       33361
       33457
       33539
       33607
       33685
       33769
       33846
       33866
       33952
       33971
       34046
       34068
       34112
       34134
       34199
       34202
       34287
       34303
       34310
       34329
       34371
       34394
       34463
       34498
       34556
       34622
       34710
       34803
       34833
       34892
       34900
       34977
       34991
       35030
       35121
       35130
       35219
       35236
       35283
       35365
       35451
       35474
       35499
       35500
       35505
       35562
       35598
       35612
       35692
       35733
       35832
       35901
       35902
       35907
       35998
       36038
       36077
       36145
       36163
       36186
       36275
       36275
       36340
       36381
       36474
       36496
       36501
       36581
       36650
       36659
       36753
       36836
       36907
       37006
       37052
       37104
       37117
       37153
       37239
       37301
       37336
       37336
       37345
       37369
       37407
       37422
       37473
       37520
       37562
       37657
       37695
       37700
       37724
       37799
       37805
       37886
       37904
       37924
       38021
       38112
       38115
       38150
       38217
       38255
       38269
       38294
       38379
       38400
       38452
       38514
       38557
       38621
       38678
       38766
       38817
       38905
       38962
       39001
       39078
       39137
       39182
       39281
       39372
       39372
       39439
       39532
       39626
       39725
       39801
       39857
       39889
       39917
       39923
       39943
       40012
       40026
       40053
       40075
       40080
       40147
       40210
       40256
       40338
       40356
       40452
       40512
       40531
       40608
       40685
       40739
       40745
       40793
       40840
       40843
       40915
       40958
       40968
       40987
       41082
       41101
       41133
       41134
       41168
       41215
       41282
       41339
       41420
       41494
       41535
       41621
       41640
       41710
       41793
       41881
       41896
       41951
       42048
       42146
       42243
       42306
       42349
       42381
       42412
       42416
       42479
       42505
       42551
       42609
       42676
       42749
       42802
       42846
       42932
       43020
       43023
       43051
       43080
       43154
       43200
       43260
       43316
       43401
       43481
       43517
       43607
       43670
       43746
       43789
       43811
       43855
       43918
       43983
       44078
       44113
       44130
       44150
       44192
       44201
       44272
       44328
       44413
       44440
       44454
       44533
       44574
       44647
       44668
       44688
       44707
       44795
       44818
       44892
       44910
       44948
       44988
       45054
       45077
       45160
       45219
       45298
       45349
       45362
       45376
       45416
       45445
       45457
       45534
       45631
       45669
       45744
       45793
       45825
       45905
       45912
       45939
       45965
       46024
       46094
       46147
       46168
       46179
       46186
       46258
       46259
       46313
       46361
       46444
       46460
       46501
       46557
       46609
       46687
       46754
       46835
       46859
       46905
       46946
       46960
       47036
       47097
       47170
       47269
       47272
       47361
       47405
       47447
       47515
       47542
       47641
       47710
       47762
       47777
       47819
       47873
       47873
       47877
       47914
       47961
       47968
       47991
       48037
       48091
       48142
       48233
       48245
       48275
       48341
       48351
       48403
       48420
       48511
       48514
       48559
       48563
       48640
       48644
       48687
       48750
       48837
       48896
       48919
       48929
       48993
       49031
       49055
       49077
       49096
       49127
       49199
       49268
       49320
       49398
       49463
       49497
       49520
       49572
       49585
       49635
       49667
       49738
       49738
       49833
       49927
       49952
       49984
       50063
       50081
       50138
       50229
       50239
       50266
       50339
       50425
       50456
       50508
       50541
       50604
       50604
       50670
       50696
       50718
       50759
       50769
       50822
       50840
       50885
       50952
       50984
       51048
       51049
       51137
       51172
       51252
       51261
       51324
       51389
       51396
       51457
       51457
       51551
       51575
       51631
       51713
       51802
       51875
       51891
       51906
       51993
       52029
       52091
       52164
       52165
       52183
       52282
       52334
       52406
       52463
       52528
       52558
       52604
       52610
       52678
       52695
       52763
       52789
       52864
       52956
       52996
       53073
       53088
       53098
       53136
       53168
       53265
       53288
       53364
       53413
       53438
       53448
       53527
       53541
       53631
       53635
       53714
       53742
       53756
       53801
       53871
       53871
       53914
       54007
       54077
       54153
       54220
       54285
       54372
       54383
       54443
       54520
       54599
       54698
       54791
       54849
       54946
       55002
       55040
       55121
       55137
       55214
       55260
       55289
       55314
       55404
       55430
