          88
         126
         195
         223
         252
         313
         378
         427
         448
         507
         522
         529
         535
         621
         682
         741
         800
         838
         929
         935
        1029
        1085
        1147
        1209
        1280
        1349
        1435
        1454
        1548
        1589
        1612
        1647
        1723
        1770
        1775
        1814
        1837
        1876
        1884
        1886
        1906
        1991
        2077
        2079
        2085
        2170
        2214
        2306
        2338
        2363
        2418
        2454
        2511
        2584
        2616
        2661
        2734
        2776
        2799
        2827
        2913
        2964
        2964
        3056
        3147
        3225
        3316
        3334
        3357
        3371
        3424
        3495
        3502
        3587
        3682
        3771
        3852
        3945
        4038
        4058
        4063
        4088
        4162
        4195
        4220
        4316
        4401
        4426
        4486
        4492
        4536
        4630
        4723
        4733
        4817
        4852
        4882
        4934
        5021
        5033
        5047
        5055
        5137
        5223
        5243
        5254
        5277
        5310
        5342
        5434
        5503
        5510
        5517
        5580
        5630
        5715
        5717
        5738
        5761
        5794
        5844
        5873
        5970
        6013
        6078
        6158
        6167
        6262
        6345
        6403
        6455
        6550
        6569
        6641
        6705
        6765
        6840
        6870
        6875
        6963
        7004
        7089
        7099
        7143
        7164
        7211
        7272
        7281
        7312
        7388
        7391
        7470
        7510
        7518
        7616
        7700
        7758
        7853
        7938
        8025
        8102
        8105
        8197
        8220
        8282
        8341
        8393
        8400
        8499
        8542
        8617
        8639
        8713
        8714
        8723
        8811
        8854
        8929
        8998
        9031
        9068
        9095
        9178
        9178
        9220
        9236
        9318
        9361
        9393
        9424
        9468
        9504
        9541
        9556
        9579
        9623
        9707
        9743
        9777
        9825
        9895
        9991
       10000
       10023
       10121
       10144
       10215
       10218
       10272
       10285
       10294
       10320
       10393
       10479
       10498
       10554
       10631
       10720
       10740
       10815
       10876
       10919
       10977
       11016
       11037
       11096
       11169
       11261
       11324
       11392
       11435
       11449
       11492
       11534
       11591
       11641
       11673
       11745
       11840
       11923
       11945
       12022
       12098
       12180
       12242
       12309
       12336
       12359
       12364
       12394
       12398
       12478
       12570
       12664
       12671
       12728
       12737
       12793
       12864
       12902
       12950
       13000
       13036
       13088
       13103
       13202
       13253
       13323
       13326
       13390
       13446
       13453
       13464
       13557
       13631
       13642
       13729
       13753
       13769
       13821
       13895
       13970
       14052
       14098
       14165
       14171
       14263
       14298
       14343
       14442
       14524
       14558
       14613
       14700
       14761
       14784
       14805
       14882
       14889
       14904
       14934
       15011
       15047
       15120
       15172
       15234
       15274
       15322
       15353
       15391
       15469
       15499
       15553
       15567
       15596
       15631
       15675
       15679
       15699
       15775
       15778
       15841
       15868
       15918
       15987
       16084
       16160
       16199
       16239
       16337
       16339
       16438
       16518
       16591
       16671
       16769
       16802
       16852
       16859
       16898
       16979
       17006
       17084
       17151
       17197
       17235
       17333
       17343
       17343
       17422
       17458
       17515
       17545
       17642
       17646
       17730
       17811
       17829
       17909
       17936
       17991
       18046
       18113
       18157
       18247
       18272
       18353
       18403
       18469
       18490
       18491
       18573
       18658
       18736
       18790
       18792
       18845
       18851
       18906
       18922
       18946
       19013
       19074
       19126
       19208
       19211
       19304
       19359
       19395
       19400
       19481
       19485
       19537
       19618
       19673
       19681
       19696
       19716
       19788
       19886
       19888
       19986
       20074
       20130
       20214
       20277
       20340
       20383
       20424
       20457
       20544
       20620
       20714
       20729
       20767
       20810
       20839
       20878
       20932
       20941
       21011
       21056
       21116
       21201
       21263
       21313
       21388
       21428
       21471
       21484
       21535
       21576
       21667
       21672
       21754
       21850
       21924
       21976
       22060
       22143
       22185
       22194
       22287
       22344
       22349
       22404
       22437
       22457
       22518
       22607
       22637
       22696
       22753
       22787
       22862
       22924
       22928
       22998
       23042
       23069
       23138
       23165
       23239
       23270
       23363
       23406
       23456
       23515
       23558
       23623
       23666
       23751
       23834
       23879
       23911
       23996
       24031
       24050
       24061
       24062
       24161
       24174
       24251
       24311
       24316
       24387
       24390
       24438
       24510
       24551
       24597
       24665
       24671
       24684
       24740
       24742
       24807
       24897
       24904
       24951
       24965
       24998
       25052
       25091
       25167
       25233
       25296
       25361
       25422
       25520
       25598
       25679
       25680
       25777
       25841
       25933
       25997
       26031
       26079
       26099
       26142
       26170
       26227
       26264
       26287
       26382
       26455
       26499
       26503
       26550
       26575
       26651
       26703
       26777
       26870
       26951
       26998
       27041
       27118
       27135
       27154
       27159
       27189
       27218
       27309
       27353
       27423
       27521
       27533
       27533
       27583
       27591
       27668
       27738
       27812
       27815
       27885
       27938
       28000
       28092
       28164
       28229
       28282
       28336
       28381
       28465
       28506
       28521
       28582
       28658
       28666
       28690
       28705
       28788
       28806
       28903
       28991
       29048
       29123
       29158
       29159
       29225
       29314
       29407
       29439
       29499
       29525
       29607
       29620
       29716
       29763
       29792
       29836
       29891
       29895
       29930
       30006
       30061
       30121
       30155
       30233
       30332
       30406
       30485
       30497
       30563
       30572
       30659
       30690
       30702
       30732
       30829
       30876
       30934
       31005
       31008
       31101
       31167
       31256
       31320
       31394
       31440
       31513
       31519
       31557
       31635
       31677
       31730
       31787
       31818
       31845
       31937
       31954
       32053
       32111
       32166
       32189
       32286
       32354
       32382
       32411
       32462
       32495
       32583
       32598
       32667
       32720
       32759
       32802
       32818
       32835
       32894
       32904
       32938
       32964
       33020
       33062
       33148
       33215
       33252
       33275
       33311
       33323
       33382
       33410
       33426
       33480
       33519
       33525
       33596
       33624
       33723
       33782
       33825
       33855
       33929
       34011
       34086
       34099
       34130
       34212
       34270
       34339
       34389
       34411
       34480
       34488
       34572
       34598
       34614
       34687
       34784
       34829
       34899
       34934
       34989
       35035
       35060
       35092
       35097
       35131
       35205
       35304
       35357
       35401
       35443
       35498
       35574
       35673
       35758
       35764
       35856
       35858
       35898
       35938
       36025
       36050
       36081
       36095
       36144
       36231
       36264
       36287
       36297
       36326
       36361
       36443
       36483
       36498
       36573
       36662
       36753
       36776
       36796
       36815
       36864
       36957
       36958
       36995
       37063
       37112
       37118
       37165
       37171
       37236
       37258
       37323
       37385
       37428
       37496
       37547
       37603
       37692
       37754
       37773
       37806
       37898
       37956
       38006
       38051
       38088
       38100
       38155
       38223
       38267
       38323
       38399
       38468
       38506
       38590
       38644
       38721
       38745
       38826
       38905
       38964
       39027
       39042
       39122
       39212
       39213
       39275
       39293
       39352
       39450
       39460
       39501
       39594
       39657
       39751
       39751
       39792
       39891
       39966
       40035
       40124
       40206
       40239
       40294
       40371
       40415
       40457
       40495
       40589
       40594
       40633
       40690
       40740
       40813
       40839
       40918
       40979
       41004
       41011
       41109
       41148
       41165
       41170
       41206
       41219
       41254
       41271
       41329
       41341
       41389
       41438
       41491
       41577
       41634
       41661
       41666
       41672
       41748
       41765
       41843
       41914
       41920
       41941
       41976
       42038
       42039
       42122
       42221
       42318
       42354
       42435
       42476
       42538
       42575
       42595
       42680
       42709
       42733
       42816
       42847
       42912
       42934
       43010
       43043
       43107
       43136
       43233
       43253
       43271
       43312
       43328
       43364
       43385
       43480
       43573
       43604
       43675
       43760
       43780
       43809
       43834
       43852
       43856
       43931
       44025
       44035
       44102
       44150
       44173
       44241
       44312
       44397
       44418
       44500
       44513
       44604
       44617
       44630
       44664
       44715
       44803
       44828
       44898
       44913
       44966
       45012
       45070
       45074
       45148
       45208
       45238
       45271
       45284
       45320
       45367
       45437
       45468
       45534
       45621
       45634
       45724
       45774
       45792
       45862
       45933
       46030
       46048
       46057
       46142
       46154
       46252
       46307
       46383
       46438
       46480
       46517
       46548
       46593
       46641
       46705
       46755
       46770
       46781
       46813
       46827
       46885
       46929
       47005
       47074
       47153
       47247
       47275
       47313
       47366
       47403
       47433
       47497
       47527
       47530
       47571
       47618
       47661
       47680
       47712
       47729
       47777
       47860
       47876
       47966
       48027
       48094
       48182
       48238
       48310
       48318
       48405
       48424
       48470
       48511
       48529
       48586
       48676
       48689
       48717
       48789
       48866
       48869
       48919
       48926
       48966
       49044
       49122
       49217
       49296
       49373
       49438
       49447
       49450
       49478
       49570
       49622
       49706
       49724
       49807
       49825
       49856
       49871
       49964
       50043
       50061
       50083
       50119
       50162
       50217
       50302
       50369
       50427
       50496
       50590
       50591
       50640
       50671
       50729
       50768
       50860
       50894
       50926
       50963
       50972
       51031
       51105
       51169
       51195
       51241
       51328
       51353
       51418
       51437
       51470
       51477
       51496
       51528
       51542
       51601
       51627
       51660
       51668
       51754
       51828
       51837
       51894
       51929
       51931
       52012
       52081
       52106
       52148
       52237
       52284
       52298
       52366
       52375
       52456
       52470
       52473
       52507
       52586
       52624
       52655
       52719
       52724
       52808
       52901
       52977
       53076
       53096
       53099
       53127
       53167
       53171
       53220
       53230
       53306
       53350
       53417
       53487
       53487
       53569
       53647
       53682
       53704
       53779
       53822
       53837
       53936
       54021
       54071
       54144
       54241
       54252
       54302
       54356
       54393
       54476
       54571
       54584
       54675
       54765
       54830
       54926
       55013
       55081
       55134
       55226
       55272
       55309
       55340
       55384
       55475
       55533
       55543
       55627
       55667
       55687
       55698
       55733
       55762
       55854
       55932
       56016
       56055
       56082
       56155
       56249
       56249
       56261
       56309
       56361
       56392
       56407
       56476
       56476
       56476
       56516
       56548
       56588
       56594
       56672
       56771
       56802
       56845
       56927
       56962
       57061
       57126
       57211
       57260
       57341
       57417
       57505
       57568
       57582
       57677
       57767
       57842
       57856
       57940
       57944
       57983
       57989
       57990
       58056
       58103
       58157
       58241
       58249
       58327
       58347
       58419
       58491
       58500
       58578
       58676
       58738
       58812
       58814
       58833
       58880
       58883
       58964
       59029
       59097
       59160
       59172
       59216
       59285
       59375
       59377
       59463
       59475
       59532
       59539
       59587
       59653
       59660
       59736
       59748
       59815
       59865
       59900
       59932
       59958
       60056
       60115
       60131
       60158
       60177
       60194
       60246
       60271
       60367
       60419
       60476
       60541
       60608
       60706
       60715
       60812
       60898
       60971
       60999
       61045
       61047
       61144
       61205
       61237
       61237
       61289
       61361
       61413
       61450
       61459
       61506
       61593
       61607
       61682
       61779
       61819
       61855
       61868
       61959
       62038
       62105
       62147
       62148
       62159
       62187
       62188
       62284
       62306
       62312
       62328
       62348
       62355
       62384
       62413
       62421
       62517
       62594
       62669
       62689
       62713
       62758
       62778
       62795
       62795
       62798
       62811
       62894
       62971
       62986
       63080
       63171
       63214
       63300
       63398
       63490
       63523
       63598
       63611
       63690
       63783
       63846
       63907
       63944
       64028
       64104
       64177
       64276
       64354
       64420
       64508
       64565
       64655
       64669
       64756
       64851
       64932
       65020
       65049
       65062
       65142
       65240
       65259
       65305
       65370
       65391
       65455
       65513
       65601
       65620
       65680
       65773
       65786
       65792
       65861
       65905
       65936
       65995
       66000
       66035
       66053
       66121
       66169
       66252
       66273
       66317
       66392
       66414
       66414
       66493
       66505
       66582
       66658
       66681
       66778
       66854
       66943
       66964
       67039
       67078
       67088
       67120
       67219
       67289
       67386
       67393
       67467
       67498
       67550
       67601
       67620
       67657
       67745
       67814
       67817
       67831
       67875
       67929
       67977
       67995
       68013
       68015
       68052
       68052
       68080
       68132
       68207
       68235
       68272
       68296
       68331
       68340
       68371
       68433
       68494
       68555
       68631
       68684
       68720
       68741
       68798
       68809
       68843
       68852
       68897
       68932
       68962
       68966
       69035
       69113
       69192
       69278
       69320
       69339
       69350
       69403
       69485
       69573
       69585
       69603
       69622
       69647
       69684
       69765
       69783
       69873
       69915
       69941
       69941
       69992
       70013
       70056
       70139
       70169
       70175
       70262
       70336
       70344
       70442
       70475
       70475
       70563
       70606
       70618
       70660
       70727
       70811
       70875
       70904
       70978
       71015
       71050
       71131
       71202
       71251
       71300
       71358
       71454
       71553
       71563
       71614
       71679
       71739
       71814
       71899
       71915
       71940
       72016
       72073
       72160
       72182
       72260
       72315
       72395
       72414
       72450
       72499
       72516
       72542
       72627
       72717
       72747
       72828
       72910
       72967
       73028
       73043
       73122
       73149
       73185
       73259
       73337
       73339
       73399
       73481
       73567
       73585
       73608
       73642
       73657
       73684
       73727
       73733
       73758
       73800
       73882
       73979
       74060
       74128
       74201
       74259
       74332
       74332
       74383
       74387
       74394
       74410
       74451
       74529
       74616
       74651
       74706
       74778
       74852
       74868
       74894
       74978
       74982
       75026
       75054
       75055
       75154
       75171
       75207
       75225
       75249
       75314
       75375
       75424
       75426
       75465
       75471
       75542
       75588
       75634
       75705
       75742
       75761
       75836
       75875
       75957
       75978
       75986
       76041
       76087
       76130
       76152
       76251
       76320
       76390
       76408
       76415
       76434
       76525
       76613
       76685
       76732
       76768
       76807
       76879
       76949
       76963
       76994
       77054
       77117
       77175
       77239
       77286
       77349
       77410
       77469
       77491
       77537
       77622
       77717
       77784
       77831
       77895
       77946
       77988
       78011
       78031
       78061
       78095
       78142
       78144
       78170
       78239
       78262
       78266
       78345
       78350
       78360
       78391
       78454
       78537
       78618
       78713
       78806
       78895
       78910
       78935
       78950
       78978
       79033
       79127
       79136
       79170
       79265
       79341
       79426
       79461
       79542
       79566
       79575
       79592
       79690
       79752
       79796
       79815
       79816
       79899
       79972
       80023
       80061
       80132
       80183
       80188
       80240
       80327
       80392
       80414
       80443
       80488
       80566
       80665
       80700
       80747
       80805
       80856
       80889
       80924
       80929
       80968
       80976
       81014
       81033
       81114
       81164
       81226
       81324
       81414
       81418
       81473
       81515
       81572
       81589
       81648
       81702
       81728
       81734
       81830
       81894
       81910
       81978
       82027
       82079
       82166
       82203
       82204
       82279
       82348
       82358
       82440
       82473
       82534
       82579
       82645
       82724
       82747
       82836
       82901
       82954
       83018
       83031
       83112
       83201
       83262
       83312
       83324
       83423
       83498
       83511
       83527
       83571
       83647
       83741
       83775
       83810
       83873
       83920
       83999
       84021
       84076
       84140
       84149
       84183
       84197
       84217
       84308
       84373
       84458
       84518
       84539
       84569
       84639
       84643
       84719
       84762
       84824
       84876
       84896
       84947
       84967
       85001
       85031
       85047
       85142
       85193
       85207
       85241
       85245
       85310
       85366
       85458
       85485
       85582
       85655
       85696
       85720
       85758
       85833
       85925
       85984
       86010
       86090
       86098
       86125
       86157
       86197
       86239
       86301
       86331
       86368
       86440
       86476
       86571
       86620
       86711
       86749
       86783
       86872
       86925
       87015
       87110
       87209
       87248
       87312
       87366
       87458
       87498
       87596
       87647
       87737
       87778
       87809
       87837
       87865
       87912
       87956
       87963
       88015
       88044
       88064
       88117
       88163
       88253
       88266
       88293
       88390
       88444
       88456
       88540
       88622
       88704
       88708
       88731
       88732
       88774
       88870
       88948
       89028
       89074
       89163
       89166
       89264
       89359
       89412
       89506
       89535
       89631
       89697
       89748
       89832
       89901
       89967
       89973
       90062
       90116
       90175
       90245
       90288
       90303
       90365
       90387
       90411
       90442
       90461
       90489
       90535
       90579
       90614
       90629
       90689
       90744
       90834
       90876
       90944
       90980
       91018
       91104
       91141
       91224
       91300
       91398
       91423
       91492
       91583
       91584
       91607
       91613
       91618
       91653
       91752
       91828
       91852
       91854
       91929
       91934
       92027
       92067
       92158
       92178
       92219
       92282
       92339
       92381
       92474
       92565
       92640
       92680
       92701
       92761
       92768
       92818
       92839
       92848
       92869
       92925
       93001
       93004
       93032
       93121
       93151
       93231
       93313
       93377
       93440
       93448
       93501
       93504
       93563
       93599
       93684
       93732
       93782
       93799
       93883
       93920
       93976
       93994
       94039
       94125
       94204
       94234
       94288
       94348
       94367
       94405
       94460
       94535
       94594
       94662
       94729
       94762
       94837
       94929
       94991
       95010
       95041
       95046
       95115
       95123
       95204
       95248
       95327
       95398
       95429
       95499
       95585
       95597
       95631
       95657
       95746
       95813
       95839
       95878
       95973
       96038
       96058
       96142
       96239
       96262
       96323
       96337
       96416
       96486
       96564
       96656
       96732
       96776
       96867
       96891
       96955
       96979
       97071
       97084
       97102
       97158
       97201
       97247
       97265
       97317
       97337
       97385
       97474
       97573
       97660
       97670
       97745
       97760
       97805
       97814
       97848
       97937
       97993
       98024
       98046
       98072
       98074
       98143
       98202
       98283
       98304
       98402
       98439
       98487
       98581
       98592
       98643
       98705
       98792
       98806
       98878
       98931
       99029
       99100
       99149
       99156
       99234
       99242
       99287
       99298
       99391
       99394
       99404
       99425
       99523
       99554
       99630
       99670
       99766
       99835
       99895
       99970
      100037
      100101
      100116
      100149
      100194
      100265
      100364
      100405
      100442
      100465
      100558
      100640
      100718
      100815
      100821
      100919
      100983
      101030
      101108
      101136
      101189
      101198
      101256
      101314
      101318
      101393
      101427
      101485
      101498
      101508
      101511
      101530
      101566
      101648
      101707
      101750
      101841
      101926
      102018
      102065
      102164
      102233
      102306
      102401
      102437
      102447
      102520
      102602
      102622
      102679
      102750
      102754
      102808
      102889
      102912
      103000
      103022
      103028
      103095
      103125
      103172
      103270
      103338
      103435
      103516
      103579
      103642
      103656
      103680
      103758
      103855
      103929
      103929
      103989
      104002
      104072
      104077
      104102
      104169
      104193
      104289
      104386
      104391
      104465
      104542
      104566
      104598
      104668
      104712
      104796
      104853
      104915
      104971
      104997
      105056
      105113
      105144
      105149
      105207
      105224
      105289
      105337
      105397
      105415
      105455
      105550
      105577
      105675
      105744
      105826
      105866
      105918
      105963
      106006
      106068
      106068
      106113
      106203
      106301
      106318
      106370
      106378
      106386
      106475
      106513
      106543
      106559
      106622
      106715
      106730
      106753
      106839
      106852
      106934
      106997
      107027
      107104
      107141
      107206
      107250
      107292
      107294
      107371
      107399
      107409
      107433
      107512
      107540
      107603
      107614
      107701
      107721
      107739
      107768
      107865
      107872
      107893
      107944
      107959
      107981
      108021
      108033
      108111
      108116
      108156
      108192
      108272
      108298
      108357
      108386
      108465
      108535
      108628
      108701
      108736
      108747
      108842
      108853
      108861
      108873
      108896
      108900
      108953
      109018
      109042
      109132
      109143
      109179
      109194
      109216
      109269
      109312
      109346
      109394
      109461
      109518
      109530
      109572
      109641
      109697
      109738
      109828
      109831
      109902
      109953
      109975
      110011
      110105
      110125
      110193
      110206
      110216
      110240
      110321
      110378
      110380
      110385
      110440
      110494
      110512
      110591
      110636
      110708
      110802
      110885
      110885
      110968
      111061
      111134
      111153
      111242
      111292
      111351
      111424
      111462
      111533
      111622
      111623
      111649
      111652
      111676
      111715
      111758
      111791
      111838
      111874
      111927
      111944
      112037
      112067
      112092
      112179
      112258
      112274
      112297
      112342
      112420
      112443
      112453
      112519
      112530
      112565
      112589
      112647
      112688
      112777
      112796
      112886
      112962
      113044
      113061
      113100
      113146
      113150
      113169
      113204
      113291
      113379
      113404
      113427
      113467
      113476
      113575
      113624
      113627
      113723
      113785
      113824
      113830
      113905
      113942
      113971
      114052
      114084
      114128
      114197
      114216
      114246
      114267
      114287
      114373
      114457
      114531
      114591
      114649
      114650
      114692
      114736
      114793
      114853
      114925
      114949
      115045
      115094
      115104
      115198
      115242
      115315
      115348
      115422
      115438
      115446
      115467
      115470
      115540
      115611
      115646
      115679
      115700
      115710
      115779
      115820
      115869
      115924
      115953
      116011
      116078
      116114
      116145
      116241
      116289
      116340
      116347
      116387
      116468
      116529
      116548
      116598
      116617
      116619
      116716
      116740
      116839
      116922
      116951
      117010
      117045
      117084
      117132
      117212
      117302
      117394
      117437
      117528
      117529
      117558
      117646
      117659
      117751
      117823
      117891
      117934
      118028
      118057
      118121
      118142
      118159
      118186
      118239
      118239
      118325
      118382
      118475
      118529
      118562
      118599
      118636
      118695
      118752
      118759
      118843
      118877
      118946
      118969
      119025
      119115
      119190
      119253
      119282
      119377
      119433
      119451
      119476
      119512
      119572
      119618
      119646
      119707
      119790
      119836
      119891
      119940
      119974
      120026
      120092
      120173
      120258
      120349
      120369
      120393
      120456
      120547
      120585
      120653
      120706
      120735
      120748
      120825
      120894
      120955
      121031
      121096
      121169
      121234
      121310
      121393
      121443
      121459
      121545
      121567
      121568
      121609
      121641
      121693
      121754
      121810
      121873
      121958
      121996
      122050
      122085
      122176
      122239
      122271
      122271
      122320
      122340
      122437
      122493
      122541
      122637
      122663
      122712
      122768
      122813
      122856
      122950
      122957
      123054
      123074
      123138
      123220
      123254
      123341
      123395
      123404
      123495
      123502
      123592
      123679
      123724
      123730
      123762
      123802
      123843
      123911
      123951
      124007
      124106
      124178
      124229
      124306
      124346
      124346
      124388
      124395
      124444
      124539
      124542
      124584
      124594
      124660
      124663
      124698
      124724
      124727
      124756
      124821
      124851
      124853
      124881
      124919
      124960
      125031
      125055
      125093
      125117
      125188
      125240
      125240
      125260
      125321
      125340
      125406
      125465
      125497
      125553
      125561
      125646
      125704
      125716
      125790
      125836
      125857
      125926
      125965
      125977
      126023
      126112
      126169
      126228
      126261
      126351
      126365
      126391
      126478
      126498
      126587
      126627
      126665
      126688
      126762
      126765
      126807
      126881
      126961
      127026
      127033
      127105
      127183
      127269
      127293
      127294
      127295
      127311
      127329
      127410
      127479
      127530
      127597
      127691
      127755
      127851
      127851
      127907
      127993
      128080
      128107
      128149
      128151
      128181
      128216
      128218
      128297
      128367
      128382
      128400
      128421
      128479
      128488
      128552
      128573
      128586
      128679
      128771
      128866
      128871
      128943
      129019
      129100
      129159
      129191
      129245
      129297
      129336
      129355
      129382
      129387
      129446
      129490
      129518
      129560
      129561
      129611
      129629
      129718
      129768
      129778
      129851
      129909
      129971
      130065
      130100
      130115
      130198
      130287
      130295
      130341
      130377
      130446
      130490
      130577
      130646
      130653
      130686
      130783
      130783
      130843
      130925
      130973
      131011
      131044
      131139
      131230
      131318
      131413
      131414
      131502
      131556
      131565
      131606
      131691
      131719
      131779
      131791
      131813
      131826
      131830
      131841
      131847
      131944
      132017
      132091
      132115
      132115
      132157
      132203
      132232
      132308
      132404
      132453
      132519
      132536
      132614
      132694
      132760
      132857
      132925
      132951
      132972
      132993
      133007
      133010
      133017
      133040
      133067
      133143
      133173
      133255
      133301
      133387
      133436
      133501
      133534
      133573
      133658
      133737
      133774
      133853
      133905
      133990
      134033
      134095
      134107
      134152
      134237
      134324
      134421
      134465
      134493
      134508
      134567
      134627
      134675
      134703
      134797
      134869
      134889
      134923
      134950
      134953
      134993
      134998
      135049
      135143
      135143
      135224
      135267
      135316
      135355
      135397
      135437
      135477
      135510
      135544
      135561
      135590
      135681
      135733
      135742
      135749
      135753
      135785
      135824
      135860
      135905
      135971
      136030
      136124
      136142
      136171
      136229
      136260
      136267
      136270
      136340
      136439
      136523
      136593
      136641
      136702
      136793
      136815
      136899
      136995
      137015
      137037
      137051
      137148
      137190
      137248
      137289
      137368
      137467
      137531
      137589
      137669
      137768
      137823
      137861
      137888
      137892
      137893
      137924
      138011
      138059
      138096
      138125
      138161
      138238
      138316
      138337
      138391
      138468
      138529
      138590
      138654
      138657
      138747
      138756
      138839
      138887
      138905
      138991
      139023
      139107
      139181
      139266
      139319
      139405
      139504
      139564
      139602
      139631
      139669
      139725
      139727
      139742
      139818
      139869
      139877
      139939
      139957
      139980
      140054
      140082
      140095
      140155
      140173
      140272
      140337
      140399
      140402
      140433
      140466
      140541
      140629
      140710
      140802
      140849
      140850
      140895
      140919
      140919
      140986
      141008
      141064
      141111
      141184
      141203
      141267
      141274
      141303
      141378
      141434
      141504
      141535
      141614
      141713
      141811
      141899
      141913
      141967
      142045
      142087
      142186
      142216
      142248
      142297
      142318
      142359
      142362
      142382
      142446
      142484
      142504
      142603
      142629
      142708
      142747
      142777
      142860
      142951
      142957
      142976
      143039
      143122
      143139
      143158
      143215
      143236
      143308
      143327
      143400
      143476
      143566
      143618
      143707
      143736
      143774
      143798
      143834
      143851
      143880
      143976
      144069
      144122
      144214
      144218
      144294
      144317
      144344
      144383
      144435
      144493
      144570
      144661
      144753
      144768
      144813
      144823
      144838
      144885
      144957
      145042
      145053
      145083
      145083
      145166
      145264
      145288
      145300
      145388
      145410
      145419
      145419
      145512
      145608
      145635
      145695
      145751
      145766
      145823
      145838
      145890
      145945
      145979
      146073
      146095
      146171
      146249
      146316
      146388
      146423
      146515
      146534
      146572
      146641
      146697
      146745
      146770
      146803
      146810
      146904
      146977
      147052
      147126
      147159
      147180
      147218
      147293
      147384
      147390
      147487
      147546
      147636
      147723
      147726
      147817
      147858
      147926
      147963
      148005
      148087
      148180
      148267
      148277
      148318
      148366
      148451
      148478
      148548
      148612
      148686
      148729
      148778
      148819
      148831
      148868
      148905
      148950
      149040
      149083
      149171
      149171
      149242
      149244
      149331
      149340
      149341
      149425
      149430
      149461
      149533
      149604
      149661
      149748
      149810
      149885
      149906
      149973
      150049
      150148
      150207
      150225
      150286
      150290
      150299
      150328
      150425
      150455
      150529
      150628
      150676
      150737
      150827
      150904
      150931
      150931
      151023
      151107
      151170
      151175
      151209
      151265
      151341
      151358
      151452
      151512
      151593
      151673
      151713
      151773
      151843
      151856
      151887
      151974
      152055
      152151
      152206
      152296
      152298
      152336
      152422
      152449
      152539
      152596
      152631
      152636
      152661
      152710
      152728
      152816
      152898
      152984
      153078
      153137
      153206
      153247
      153332
      153364
      153452
      153523
      153528
      153578
      153625
      153633
      153705
      153725
      153755
      153833
      153889
      153927
      153932
      153950
      153999
      154036
      154122
      154157
      154189
      154259
      154329
      154352
      154417
      154509
      154589
      154665
      154743
      154808
      154812
      154911
      154953
      155032
      155037
      155048
      155135
      155200
      155286
      155323
      155323
      155371
      155414
      155506
      155568
      155569
      155588
      155610
      155660
      155744
      155816
      155882
      155900
      155903
      155923
      155992
      155996
      156029
      156101
      156135
      156158
      156240
      156325
      156370
      156409
      156429
      156435
      156530
      156571
      156647
      156701
      156789
      156887
      156975
      157045
      157113
      157195
      157222
      157228
      157303
      157311
      157388
      157480
      157524
      157584
      157664
      157721
      157750
      157835
      157889
      157948
      158012
      158037
      158065
      158156
      158253
      158312
      158316
      158317
      158410
      158418
      158432
      158512
      158537
      158571
      158584
      158606
      158675
      158772
      158836
      158839
      158918
      158948
      158962
      158993
      159018
      159093
      159174
      159252
      159336
      159369
      159393
      159466
      159523
      159532
      159540
      159609
      159611
      159696
      159778
      159782
      159849
      159913
      159934
      160012
      160028
      160046
      160119
      160206
      160222
      160259
      160345
      160396
      160491
      160554
      160638
      160711
      160751
      160847
      160907
      160980
      161041
      161131
      161143
      161197
      161289
      161292
      161298
      161381
      161408
      161484
      161518
      161573
      161657
      161657
      161752
      161795
      161892
      161976
      162025
      162043
      162097
      162144
      162157
      162235
      162296
      162385
      162440
      162481
      162570
      162619
      162622
      162649
      162671
      162699
      162791
      162803
      162859
      162866
      162880
      162908
      162956
      163052
      163053
      163084
      163140
      163154
      163201
      163226
      163312
      163362
      163440
      163466
      163527
      163572
      163655
      163678
      163678
      163775
      163858
      163940
      164015
      164026
      164085
      164180
      164243
      164337
      164372
      164462
      164481
      164534
      164564
      164632
      164692
      164694
      164707
      164793
      164849
      164915
      165014
      165021
      165107
      165177
      165232
      165281
      165368
      165457
      165481
      165525
      165567
      165622
      165682
      165753
      165779
      165831
      165863
      165950
      165985
      166050
      166109
      166129
      166129
      166190
      166281
      166351
      166406
      166414
      166437
      166438
      166438
      166463
      166533
      166561
      166573
      166604
      166637
      166640
      166669
      166760
      166762
      166777
      166805
      166881
      166936
      167011
      167092
      167100
      167161
      167240
      167259
      167266
      167334
      167353
      167443
      167491
      167499
      167570
      167611
      167641
      167702
      167791
      167885
      167970
      168069
      168088
      168164
      168220
      168319
      168403
      168416
      168463
      168526
      168616
      168682
      168735
      168779
      168850
      168925
      168993
      169038
      169064
      169114
      169179
      169213
      169267
      169336
      169388
      169456
      169522
      169593
      169658
      169698
      169714
      169803
      169839
      169864
      169938
      169980
      170076
      170121
      170155
      170253
      170313
      170367
      170413
      170480
      170501
      170541
      170602
      170686
      170693
      170774
      170862
      170918
      171007
      171023
      171116
      171203
      171245
      171337
      171344
      171432
      171484
      171553
      171610
      171626
      171658
      171702
      171775
      171826
      171845
      171919
      171976
      172048
      172143
      172176
      172196
      172226
      172250
      172277
      172281
      172335
      172373
      172412
      172502
      172599
      172637
      172710
      172805
      172848
      172880
      172892
      172905
      172944
      172991
      173066
      173135
      173136
      173136
      173165
      173231
      173255
      173325
      173405
      173492
      173550
      173577
      173627
      173668
      173702
      173705
      173803
      173896
      173939
      173993
      174044
      174126
      174137
      174226
      174266
      174268
      174348
      174372
      174400
      174420
      174509
      174588
      174605
      174645
      174653
      174692
      174778
      174862
      174927
      174965
      175023
      175108
      175126
      175160
      175191
      175195
      175198
      175255
      175338
      175376
      175432
      175520
      175614
      175651
      175674
      175715
      175791
      175835
      175918
      175958
      176057
      176061
      176073
      176157
      176242
      176340
      176380
      176426
      176471
      176526
      176539
      176571
      176619
      176689
      176753
      176800
      176849
      176915
      177013
      177055
      177150
      177217
      177283
      177342
      177363
      177389
      177396
      177436
      177466
      177539
      177561
      177646
      177694
      177776
      177818
      177826
      177866
      177945
      178019
      178052
      178053
      178122
      178128
      178179
      178207
      178215
      178302
      178321
      178356
      178370
      178428
      178443
      178512
      178529
      178558
      178620
      178621
      178687
      178742
      178836
      178878
      178967
      179046
      179105
      179152
      179228
      179235
      179331
      179371
      179412
      179413
      179426
      179498
      179540
      179581
      179590
      179602
      179655
      179704
      179713
      179756
      179766
      179766
      179799
      179895
      179942
      179975
      180024
      180091
      180151
      180209
      180245
      180250
      180280
      180362
      180402
      180483
      180558
      180574
      180620
      180646
      180696
      180738
      180796
      180880
      180919
      181000
      181045
      181102
      181166
      181196
      181217
      181259
      181290
      181372
      181405
      181500
      181558
      181636
      181731
      181801
      181846
      181915
      181928
      181957
      181998
      182014
      182047
      182139
      182181
      182270
      182322
      182344
      182407
      182426
      182519
      182571
      182643
      182705
      182711
      182725
      182814
      182860
      182889
      182949
      182984
      183037
      183113
      183210
      183217
      183230
      183310
      183313
      183332
      183338
      183355
      183411
      183448
      183484
      183534
      183603
      183668
      183678
      183701
      183707
      183747
      183755
      183838
      183839
      183936
      183955
      184008
      184008
      184025
      184049
      184054
      184087
      184154
      184177
      184270
      184292
      184320
      184373
      184468
      184553
      184647
      184703
      184786
      184819
      184877
      184968
      185044
      185143
      185187
      185249
      185299
      185333
      185406
      185497
      185558
      185611
      185679
      185736
      185762
      185771
      185814
      185877
      185900
      185954
      186044
      186128
      186141
      186151
      186168
      186168
      186232
      186270
      186294
      186363
      186424
      186472
      186475
      186538
      186563
      186650
      186741
      186806
      186892
      186910
      186969
      187041
      187110
      187144
      187198
      187233
      187310
      187345
      187360
      187420
      187478
      187566
      187627
      187715
      187810
      187823
      187910
      187932
      188022
      188041
      188072
      188152
      188153
      188168
      188227
      188232
      188298
      188338
      188382
      188432
      188470
      188566
      188614
      188635
      188699
      188709
      188758
      188819
      188861
      188871
      188922
      188932
      189019
      189089
      189145
      189237
      189250
      189300
      189312
      189340
      189354
      189421
      189438
      189512
      189570
      189629
      189707
      189789
      189877
      189884
      189908
      189954
      190022
      190102
      190151
      190231
      190269
      190271
      190287
      190296
      190328
      190344
      190399
      190476
      190478
      190538
      190637
      190721
      190817
      190844
      190941
      190985
      191021
      191043
      191098
      191116
      191173
      191216
      191285
      191316
      191332
      191421
      191520
      191581
      191633
      191710
      191744
      191819
      191905
      191920
      191967
      192022
      192087
      192112
      192156
      192205
      192205
      192218
      192283
      192290
      192380
      192406
      192491
      192498
      192513
      192568
      192665
      192696
      192710
      192762
      192852
      192870
      192893
      192923
      193007
      193064
      193152
      193237
      193246
      193263
      193265
      193273
      193368
      193454
      193479
      193552
      193618
      193703
      193770
      193794
      193853
      193911
      193981
      194020
      194022
      194089
      194156
      194194
      194240
      194277
      194287
      194321
      194361
      194364
      194383
      194431
      194462
      194537
      194626
      194724
      194766
      194848
      194869
      194898
      194914
      195006
      195092
      195141
      195197
      195234
      195319
      195335
      195349
      195383
      195440
      195539
      195573
      195614
      195712
      195729
      195802
      195899
      195979
      196059
      196138
      196174
      196200
      196207
      196214
      196304
      196387
      196395
      196460
      196517
      196566
      196626
      196661
      196752
      196809
      196875
      196938
      196944
      196972
      196983
      197055
      197144
      197199
      197253
      197328
      197340
      197419
      197491
      197553
      197562
      197574
      197620
      197629
      197686
      197725
      197816
      197898
      197986
      197996
      198094
      198130
      198164
      198198
      198259
      198274
      198320
      198357
      198373
      198447
      198468
      198540
      198552
      198557
      198636
      198656
      198717
      198748
      198755
      198802
      198872
      198909
      198995
      199057
      199068
      199091
      199092
      199155
      199231
      199275
      199346
      199365
      199434
      199461
      199553
      199582
      199658
      199733
      199755
      199839
      199913
      199934
      200022
      200089
      200106
      200186
      200269
      200332
      200341
      200371
      200386
      200400
      200437
      200463
      200550
      200558
      200594
      200617
      200690
      200720
      200787
      200829
      200894
      200907
      200991
      201075
      201166
      201244
      201327
      201400
      201453
      201499
      201573
      201616
      201693
      201709
      201748
      201845
      201919
      202004
      202076
      202157
      202178
      202237
      202264
      202339
      202384
      202476
      202559
      202603
      202624
      202658
      202727
      202728
      202752
      202771
      202809
      202840
      202924
      202980
      203011
      203049
      203094
      203165
      203177
      203262
      203285
      203313
      203346
      203419
      203431
      203451
      203467
      203473
      203543
      203593
      203656
      203721
      203769
      203859
      203882
      203892
      203923
      204001
      204080
      204154
      204178
      204225
      204253
      204280
      204321
      204350
      204429
      204446
      204457
      204513
      204567
      204665
      204735
      204785
      204817
      204817
      204876
      204949
      204976
      205062
      205067
      205068
      205070
      205111
      205153
      205243
      205342
      205349
      205446
      205491
      205493
      205589
      205627
      205663
      205751
      205761
      205814
      205840
      205863
      205936
      206021
      206098
      206143
      206241
      206255
      206286
      206305
      206385
      206483
      206538
      206558
      206578
      206620
      206679
      206777
      206837
      206891
      206907
      206953
      206979
      207010
      207037
      207071
      207096
      207169
      207241
      207250
      207259
      207260
      207298
      207340
      207393
      207491
      207544
      207560
      207562
      207646
      207698
      207709
      207742
      207799
      207845
      207875
      207882
      207893
      207929
      207929
      208028
      208059
      208131
      208195
      208209
      208218
      208292
      208327
      208409
      208493
      208551
      208612
      208612
      208650
      208683
      208686
      208711
      208721
      208753
      208837
      208915
      208972
      209026
      209059
      209149
      209218
      209306
      209356
      209422
      209453
      209456
      209509
      209516
      209595
      209627
      209715
      209772
      209844
      209884
      209960
      210045
      210134
      210209
      210223
      210322
      210396
      210454
      210519
      210607
      210704
      210749
      210765
      210851
      210946
      211023
      211025
      211083
      211147
      211199
      211236
      211308
      211322
      211379
      211395
      211442
      211524
      211586
      211659
      211685
      211755
      211828
      211918
      211936
      211940
      211961
      211961
      212013
      212093
      212132
      212145
      212235
      212307
      212391
      212440
      212520
      212614
      212705
      212780
      212831
      212920
      212940
      212960
      213020
      213100
      213192
      213200
      213247
      213314
      213398
      213461
      213497
      213533
      213555
      213609
      213642
      213648
      213717
      213788
      213861
      213888
      213958
      213987
      214045
      214121
      214177
      214270
      214353
      214410
      214493
      214496
      214528
      214567
      214610
      214638
      214706
      214779
      214875
      214875
      214967
      214997
      215077
      215131
      215198
      215249
      215260
      215357
      215451
      215512
      215548
      215585
      215652
      215733
      215745
      215778
      215859
      215883
      215925
      215954
      215986
      216054
      216072
      216073
      216170
      216222
      216297
      216346
      216375
      216389
      216440
      216484
      216534
      216537
      216571
      216592
      216598
      216626
      216683
      216749
      216799
      216884
      216888
      216925
      216959
      217030
      217113
      217185
      217252
      217312
      217339
      217404
      217436
      217525
      217599
      217651
      217652
      217740
      217795
      217842
      217883
      217902
      217912
      217959
      218012
      218028
      218098
      218169
      218183
      218211
      218281
      218375
      218406
      218411
      218437
      218469
      218533
      218604
      218676
      218678
      218711
      218766
      218785
      218824
      218923
      218987
      218989
      218997
      219086
      219106
      219106
      219110
      219190
      219279
      219343
      219390
      219431
      219494
      219538
      219632
      219669
      219703
      219737
      219832
      219893
      219954
      219985
      219985
      219987
      220082
      220174
      220213
      220287
      220311
      220372
      220448
      220507
      220601
      220661
      220677
      220688
      220738
      220762
      220809
      220875
      220963
      221030
      221056
      221143
      221158
      221193
      221243
      221276
      221296
      221317
      221408
      221429
      221497
      221523
      221594
      221666
      221684
      221779
      221815
      221846
      221851
      221908
      221938
      221946
      222039
      222138
      222163
      222219
      222284
      222323
      222362
      222390
      222396
      222461
      222530
      222552
      222637
      222694
      222707
      222715
      222778
      222851
      222883
      222910
      222916
      222919
      222935
      223011
      223041
      223114
      223210
      223289
      223308
      223310
      223398
      223416
      223493
      223548
      223562
      223569
      223591
      223604
      223692
      223782
      223822
      223842
      223933
      223988
      224087
      224137
      224179
      224252
      224271
      224362
      224403
      224450
      224542
      224575
      224605
      224630
      224706
      224743
      224782
      224865
      224903
      224951
      224970
      225004
      225012
      225077
      225114
      225170
      225246
      225266
      225335
      225349
      225440
      225507
      225550
      225618
      225635
      225691
      225700
      225765
      225767
      225810
      225893
      225985
      225996
      226073
      226142
      226163
      226244
      226331
      226372
      226453
      226537
      226563
      226639
      226732
      226750
      226781
      226783
      226835
      226933
      227009
      227100
      227182
      227257
      227294
      227314
      227340
      227427
      227522
      227558
      227571
      227634
      227700
      227708
      227729
      227812
      227846
      227848
      227861
      227948
      227997
      228084
      228100
      228193
      228261
      228268
      228324
      228415
      228469
      228469
      228497
      228534
      228589
      228645
      228718
      228798
      228888
      228897
      228990
      229056
      229106
      229150
      229174
      229202
      229287
      229287
      229364
      229380
      229474
      229503
      229572
      229670
      229725
      229782
      229880
      229918
      230017
      230056
      230155
      230180
      230268
      230273
      230320
      230368
      230417
      230490
      230531
      230605
      230613
      230647
      230656
      230718
      230812
      230862
      230898
      230988
      231066
      231140
      231183
      231271
      231361
      231397
      231452
      231452
      231516
      231606
      231660
      231759
      231854
      231947
      231968
      232052
      232121
      232208
      232232
      232244
      232330
      232343
      232369
      232436
      232488
      232551
      232612
      232665
      232674
      232727
      232758
      232827
      232890
      232946
      232982
      232983
      233012
      233045
      233060
      233083
      233104
      233144
      233194
      233272
      233276
      233299
      233321
      233420
      233450
      233522
      233556
      233638
      233709
      233792
      233865
      233879
      233928
      233961
      233993
      234091
      234186
      234252
      234351
      234448
      234462
      234496
      234561
      234639
      234696
      234779
      234842
      234932
      234968
      235003
      235076
      235108
      235156
      235200
      235290
      235371
      235381
      235456
      235479
      235505
      235557
      235573
      235630
      235658
      235667
      235715
      235771
      235805
      235897
      235984
      236010
      236026
      236064
      236147
      236157
      236253
      236263
      236347
      236358
      236364
      236380
      236477
      236508
      236555
      236646
      236647
      236716
      236802
      236898
      236961
      236976
      237027
      237102
      237145
      237222
      237242
      237250
      237279
      237319
      237390
      237441
      237454
      237528
      237537
      237573
      237589
      237602
      237684
      237773
      237833
      237845
      237926
      237975
      237998
      238075
      238142
      238224
      238315
      238381
      238468
      238498
      238534
      238598
      238687
      238759
      238796
      238874
      238919
      238979
      239037
      239112
      239131
      239210
      239307
      239394
      239473
      239561
      239631
      239687
      239723
      239780
      239801
      239805
      239831
      239884
      239921
      239944
      240017
      240099
      240157
      240192
      240285
      240300
      240377
      240406
      240481
      240528
      240593
      240597
      240621
      240657
      240697
      240788
      240814
      240858
      240900
      240923
      240976
      240980
      240983
      241040
      241067
      241115
      241175
      241259
      241336
      241428
      241450
      241540
      241583
      241601
      241613
      241702
      241744
      241793
      241837
      241925
      242019
      242082
      242088
      242109
      242133
      242164
      242220
      242261
      242266
      242274
      242315
      242334
      242354
      242356
      242433
      242444
      242487
      242527
      242608
      242697
      242758
      242856
      242909
      242925
      242996
      243087
      243128
      243226
      243271
      243284
      243294
      243354
      243405
      243408
      243483
      243572
      243650
      243650
      243734
      243784
      243810
      243903
      243996
      243997
      244078
      244128
      244184
      244251
      244303
      244341
      244396
      244456
      244480
      244564
      244612
      244632
      244671
      244692
      244715
      244742
      244836
      244930
      244963
      245022
      245041
      245070
      245071
      245082
      245181
      245259
      245282
      245341
      245424
      245485
      245537
      245570
      245593
      245617
      245672
      245685
      245735
      245747
      245820
      245869
      245955
      246039
      246097
      246152
      246198
      246236
      246297
      246396
      246486
      246583
      246671
      246716
      246806
      246808
      246844
      246907
      246941
      246976
      247061
      247140
      247180
      247185
      247223
      247259
      247349
      247424
      247453
      247487
      247566
      247632
      247718
      247805
      247839
      247930
      247967
      248006
      248069
      248165
      248191
      248280
      248364
      248425
      248465
      248553
      248561
      248614
      248665
      248677
      248768
      248818
      248818
      248841
      248899
      248928
      249000
      249072
      249157
      249174
      249217
      249233
      249236
      249282
      249364
      249439
      249499
      249565
      249584
      249639
      249662
      249734
      249765
      249791
      249830
      249877
      249906
      249943
      250041
      250103
      250105
      250172
      250226
      250305
      250362
      250367
      250388
      250446
      250463
      250498
      250580
      250677
      250681
      250697
      250717
      250734
      250761
      250786
      250802
      250811
      250891
      250925
      251008
      251055
      251135
      251218
      251307
      251329
      251415
      251474
      251523
      251536
      251585
      251617
      251634
      251703
      251797
      251802
      251818
      251867
      251891
      251972
      251996
      252015
      252072
      252143
      252149
      252153
      252227
      252262
      252337
      252364
      252397
      252425
      252492
      252552
      252641
      252664
      252690
      252784
      252847
      252859
      252863
      252939
      252980
      253063
      253108
      253154
      253168
      253227
      253319
      253416
      253477
      253543
      253581
      253616
      253623
      253637
      253693
      253714
      253783
      253879
      253914
      253962
      254005
      254079
      254159
      254189
      254245
      254250
      254312
      254391
      254418
      254497
      254568
      254611
      254639
      254643
      254726
      254735
      254808
      254830
      254897
      254968
      255043
      255071
      255117
      255141
      255187
      255200
      255264
      255269
      255367
      255376
      255395
      255399
      255434
      255497
      255512
      255584
      255650
      255678
      255737
      255761
      255788
      255846
      255851
      255932
      256018
      256053
      256091
      256099
      256124
      256196
      256231
      256235
      256253
      256351
      256425
      256488
      256522
      256533
      256544
      256596
      256600
      256659
      256672
      256674
      256675
      256681
      256720
      256762
      256770
      256844
      256928
      256957
      257007
      257095
      257184
      257263
      257328
      257364
      257429
      257502
      257517
      257550
      257557
      257576
      257656
      257688
      257727
      257753
      257796
      257882
      257976
      258053
      258062
      258135
      258189
      258275
      258340
      258340
      258383
      258433
      258516
      258609
      258701
      258705
      258708
      258708
      258775
      258811
      258904
      258989
      259012
      259034
      259045
      259113
      259127
      259173
      259199
      259259
      259345
      259362
      259374
      259393
      259394
      259404
      259464
      259543
      259635
      259638
      259723
      259787
      259852
      259859
      259943
      260039
      260060
      260150
      260207
      260217
      260268
      260272
      260369
      260429
      260521
      260610
      260669
      260675
      260761
      260792
      260843
      260894
      260908
      260971
      260973
      260980
      261061
      261091
      261145
      261168
      261234
      261313
      261406
      261500
      261541
      261557
      261596
      261662
      261724
      261810
      261884
      261918
      261925
      262020
      262069
      262112
      262203
      262209
      262282
      262342
      262390
      262469
      262527
      262575
      262630
      262658
      262696
      262703
      262716
      262756
      262819
      262908
      262964
      262991
      263019
      263094
      263160
      263212
      263232
      263252
      263296
      263368
      263439
      263489
      263564
      263618
      263662
      263739
      263837
      263846
      263868
      263902
      263925
      264018
      264077
      264173
      264183
      264239
      264320
      264378
      264467
      264467
      264531
      264609
      264704
      264789
      264868
      264958
      264970
      264986
      265071
      265114
      265135
      265215
      265246
      265337
      265403
      265450
      265500
      265534
      265565
      265582
      265652
      265704
      265789
      265811
      265894
      265912
      265925
      265931
      265990
      266035
      266128
      266205
      266219
      266310
      266389
      266425
      266438
      266460
      266542
      266584
      266641
      266719
      266763
      266821
      266822
      266902
      266975
      267026
      267046
      267095
      267102
      267144
      267219
      267265
      267353
      267355
      267420
      267425
      267500
      267561
      267574
      267636
      267654
      267753
      267797
      267888
      267933
      268007
      268104
      268104
      268177
      268224
      268259
      268284
      268326
      268385
      268440
      268519
      268585
      268590
      268639
      268685
      268688
      268775
      268842
      268903
      268938
      268977
      269042
      269043
      269061
      269130
      269157
      269176
      269178
      269266
      269355
      269376
      269399
      269421
      269511
      269563
      269661
      269747
      269749
      269764
      269833
      269862
      269899
      269987
      270059
      270082
      270144
      270164
      270222
      270321
      270380
      270413
      270453
      270473
      270558
      270626
      270717
      270806
      270885
      270983
      271044
      271106
      271181
      271204
      271225
      271303
      271371
      271442
      271537
      271600
      271652
      271657
      271658
      271684
      271729
      271737
      271825
      271911
      271938
      272007
      272012
      272013
      272018
      272104
      272126
      272127
      272162
      272231
      272263
      272288
      272351
      272422
      272491
      272525
      272602
      272611
      272671
      272692
      272740
      272762
      272813
      272874
      272904
      272912
      272989
      272989
      273070
      273118
      273165
      273244
      273322
      273414
      273419
      273469
      273517
      273572
      273596
      273629
      273643
      273740
      273755
      273786
      273834
      273925
      273970
      273980
      274033
      274094
      274192
      274291
      274297
      274367
      274447
      274546
      274639
      274671
      274686
      274779
      274864
      274919
      274922
      275008
      275055
      275106
      275152
      275160
      275229
      275286
      275334
      275360
      275409
      275459
      275488
      275560
      275602
      275631
      275682
      275749
      275831
      275912
      275914
      275931
      275941
      275989
      276048
      276146
      276187
      276203
      276284
      276307
      276339
      276414
      276480
      276541
      276615
      276660
      276681
      276780
      276846
      276857
      276912
      276940
      276945
      276988
      276988
      277085
      277108
      277186
      277228
      277308
      277376
      277448
      277542
      277548
      277588
      277630
      277700
      277752
      277782
      277868
      277868
      277945
      278030
      278043
      278074
      278124
      278220
      278301
      278333
      278390
      278461
      278542
      278614
      278640
      278707
      278740
      278795
      278837
      278899
      278978
      279003
      279085
      279135
      279179
      279233
      279318
      279389
      279435
      279469
      279542
      279623
      279639
      279668
      279713
      279784
      279788
      279860
      279867
      279958
      280001
      280069
      280089
      280104
      280125
      280202
      280249
      280288
      280306
      280324
      280359
      280445
      280532
      280586
      280596
      280664
      280706
      280785
      280856
      280937
      281023
      281047
      281095
      281125
      281202
      281261
      281313
      281354
      281420
      281517
      281556
      281595
      281613
      281622
      281700
      281780
      281847
      281921
      281997
      282078
      282094
      282124
      282153
      282162
      282226
      282275
      282335
      282418
      282510
      282557
      282582
      282601
      282618
      282651
      282653
      282714
      282798
      282821
      282852
      282903
      282956
      282987
      283077
      283114
      283161
      283169
      283263
      283282
      283317
      283348
      283371
      283427
      283521
      283577
      283604
      283681
      283709
      283746
      283837
      283898
      283972
      283977
      283996
      284058
      284125
      284203
      284297
      284369
      284373
      284419
      284514
      284594
      284622
      284645
      284661
      284713
      284766
      284799
      284893
      284924
      284964
      285054
      285063
      285109
      285208
      285219
      285279
      285343
      285390
      285420
      285461
      285520
      285571
      285622
      285629
      285696
      285708
      285743
      285791
      285826
      285864
      285917
      285935
      285983
      286005
      286065
      286098
      286186
      286196
      286243
      286315
      286355
      286432
      286500
      286568
      286611
      286617
      286706
      286744
      286768
      286828
      286920
      286947
      287030
      287124
      287134
      287192
      287245
      287251
      287280
      287340
      287413
      287464
      287467
      287494
      287546
      287624
      287634
      287665
      287677
      287743
      287759
      287818
      287895
      287963
      288040
      288125
      288136
      288171
      288172
      288266
      288313
      288382
      288392
      288487
      288503
      288582
      288586
      288618
      288697
      288759
      288793
      288801
      288837
      288856
      288915
      288952
      289012
      289080
      289158
      289184
      289230
      289281
      289326
      289333
      289383
      289410
      289444
      289540
      289592
      289657
      289682
      289761
      289800
      289827
      289840
      289874
      289941
      289950
      289981
      290066
      290118
      290158
      290228
      290274
      290334
      290433
      290523
      290593
      290661
      290734
      290756
      290853
      290910
      291005
      291034
      291085
      291103
      291156
      291206
      291262
      291264
      291327
      291417
      291443
      291509
      291599
      291661
      291671
      291701
      291759
      291806
      291880
      291966
      291978
      292022
      292045
      292103
      292145
      292163
      292170
      292256
      292260
      292314
      292365
      292365
      292451
      292536
      292538
      292558
      292634
      292719
      292766
      292858
      292876
      292928
      292992
      293008
      293015
      293047
      293089
      293110
      293137
      293191
      293249
      293319
      293327
      293425
      293485
      293559
      293585
      293683
      293745
      293758
      293854
      293881
      293932
      294031
      294031
      294080
      294174
      294261
      294333
      294425
      294444
      294510
      294513
      294588
      294645
      294705
      294705
      294758
      294851
      294880
      294890
      294927
      294927
      294963
      295055
      295072
      295107
      295185
      295268
      295319
      295406
      295466
      295492
      295566
      295615
      295640
      295733
      295785
      295853
      295867
      295875
      295942
      296003
      296051
      296064
      296160
      296239
      296332
      296366
      296400
      296467
      296511
      296558
      296566
      296590
      296660
      296730
      296779
      296810
      296810
      296841
      296936
      296995
      297047
      297109
      297206
      297288
      297361
      297440
      297475
      297481
      297524
      297531
      297559
      297649
      297672
      297764
      297805
      297811
      297898
      297918
      297976
      298004
      298070
      298096
      298130
      298229
      298238
      298329
      298346
      298411
      298501
      298534
      298619
      298621
      298694
      298704
      298798
      298820
      298833
      298867
      298898
      298939
      298959
      299021
      299040
      299136
      299234
      299297
      299326
      299408
      299497
      299570
      299585
      299671
      299721
      299816
      299816
      299863
      299919
      299997
      300016
      300063
      300067
      300108
      300167
      300259
      300310
      300347
      300347
      300405
      300492
      300505
      300585
      300639
      300692
      300747
      300846
      300849
      300917
      301016
      301066
      301102
      301179
      301225
      301246
      301343
      301441
      301460
      301515
      301594
      301674
      301742
      301803
      301839
      301933
      302022
      302057
      302107
      302107
      302144
      302175
      302259
      302313
      302338
      302421
      302441
      302513
      302550
      302578
      302667
      302744
      302828
      302854
      302905
      302966
      303049
      303109
      303138
      303172
      303209
      303210
      303243
      303287
      303303
      303334
      303349
      303413
      303447
      303528
      303619
      303662
      303759
      303803
      303897
      303911
      303989
      304037
      304077
      304085
      304184
      304238
      304336
      304416
      304469
      304493
      304514
      304537
      304574
      304576
      304673
      304732
      304743
      304798
      304874
      304905
      304966
      305000
      305060
      305078
      305131
      305228
      305253
      305302
      305308
      305403
      305458
      305469
      305559
      305568
      305644
      305694
      305737
      305813
      305861
      305887
      305975
      305999
      306072
      306117
      306175
      306183
      306238
      306309
      306362
      306446
      306534
      306565
      306616
      306685
      306778
      306807
      306892
      306938
      306971
      306977
      307005
      307015
      307027
      307089
      307136
      307210
      307270
      307277
      307290
      307354
      307419
      307456
      307492
      307539
      307551
      307619
      307672
      307680
      307713
      307805
      307806
      307861
      307891
      307980
      308072
      308165
      308256
      308256
      308287
      308362
      308401
      308438
      308471
      308472
      308509
      308575
      308628
      308684
      308693
      308752
      308827
      308855
      308926
      308926
      309002
      309002
      309025
      309060
      309154
      309184
      309210
      309226
      309302
      309325
      309392
      309480
      309501
      309513
      309606
      309606
      309607
      309628
      309658
      309714
      309736
      309756
      309769
      309770
      309798
      309878
      309889
      309952
      309996
      310089
      310148
      310224
      310280
      310334
      310339
      310384
      310451
      310460
      310555
      310646
      310675
      310692
      310704
      310771
      310799
      310801
      310879
      310890
      310906
      310998
      311060
      311074
      311113
      311133
      311181
      311211
      311309
      311380
      311478
      311504
      311575
      311605
      311612
      311668
      311763
      311763
      311764
      311794
      311808
      311850
      311869
      311871
      311935
      311988
      312041
      312095
      312167
      312254
      312296
      312298
      312322
      312412
      312463
      312541
      312603
      312633
      312705
      312716
      312800
      312820
      312882
      312964
      313026
      313054
      313067
      313092
      313179
      313255
      313305
      313397
      313407
      313486
      313584
      313598
      313644
      313652
      313677
      313754
      313755
      313789
      313875
      313907
      313939
      314012
      314075
      314138
      314177
      314249
      314299
      314333
      314398
      314487
      314549
      314571
      314646
      314743
      314807
      314869
      314892
      314960
      315035
      315095
      315105
      315127
      315197
      315225
      315287
      315287
      315351
      315402
      315453
      315479
      315491
      315523
      315604
      315629
      315716
      315778
      315835
      315890
      315940
      315965
      316016
      316113
      316182
      316271
      316348
      316437
      316524
      316595
      316633
      316720
      316762
      316859
      316934
      317015
      317023
      317103
      317166
      317245
      317271
      317291
      317335
      317387
      317451
      317464
      317497
      317558
      317574
      317614
      317671
      317761
      317780
      317826
      317841
      317904
      317931
      318009
      318089
      318109
      318148
      318165
      318206
      318269
      318354
      318389
      318458
      318490
      318506
      318604
      318627
      318659
      318731
      318754
      318811
      318830
