          44
          87
         167
         252
         274
         335
         345
         420
         459
         551
         632
         678
         760
         790
         818
         909
         931
         937
        1009
        1011
        1058
        1149
        1177
        1222
        1242
        1295
        1322
        1375
        1452
        1526
        1581
        1594
        1662
        1709
        1800
        1800
        1863
        1961
        1967
        2052
        2109
        2201
        2255
        2261
        2309
        2338
        2364
        2426
        2470
        2551
        2621
        2696
        2723
        2797
        2873
        2917
        2978
        3024
        3060
        3105
        3143
        3178
        3230
        3271
        3342
        3406
        3479
        3570
        3664
        3736
        3742
        3761
        3805
        3854
        3890
        3923
        3968
        4032
        4047
        4141
        4201
        4240
        4261
        4324
        4416
        4496
        4562
        4596
        4608
        4676
        4689
        4752
        4836
        4857
        4898
        4966
        4970
        5051
        5098
        5159
        5232
        5260
        5308
        5312
        5354
        5416
        5511
        5605
        5670
        5725
        5725
        5804
        5868
        5900
        5965
        6039
        6075
        6144
        6183
        6193
        6264
        6333
        6421
        6510
        6510
        6559
        6562
        6591
        6604
        6653
        6666
        6723
        6756
        6840
        6881
        6888
        6963
        7003
        7067
        7158
        7233
        7255
        7292
        7366
        7371
        7453
        7502
        7535
        7586
        7655
        7713
        7811
        7834
        7868
        7885
        7896
        7951
        7995
        8087
        8126
        8146
        8167
        8223
        8233
        8285
        8378
        8401
        8409
        8418
        8499
        8578
        8652
        8724
        8769
        8831
        8876
        8946
        9008
        9031
        9070
        9089
        9150
        9179
        9185
        9185
        9275
        9367
        9446
        9476
        9522
        9563
        9641
        9690
        9721
        9765
        9862
        9890
        9986
        9998
       10081
       10118
       10175
       10261
       10312
       10375
       10437
       10524
       10541
       10624
       10662
       10730
       10762
       10848
       10884
       10925
       10971
       11067
       11148
       11231
       11310
       11406
       11468
       11498
       11562
       11647
       11684
       11735
       11763
       11857
       11948
       11987
       12067
       12103
       12143
       12163
       12261
       12299
       12301
       12309
       12378
       12441
       12455
       12457
       12544
       12567
       12581
       12611
       12701
       12795
       12881
       12960
       13013
       13073
       13077
       13126
       13130
       13186
       13245
       13311
       13312
       13385
       13386
       13482
       13503
       13576
       13581
       13618
       13636
       13645
       13730
       13785
       13852
       13949
       14044
       14102
       14185
       14273
       14299
       14339
       14374
       14423
       14444
       14525
       14620
       14710
       14725
       14731
       14773
       14810
       14905
       14999
       15016
       15028
       15073
       15163
       15208
       15259
       15279
       15312
       15375
       15382
       15437
       15486
       15542
       15587
       15603
       15630
       15711
       15764
       15775
       15824
       15880
       15916
       15976
       16047
       16108
       16151
       16161
       16224
       16227
       16324
       16410
       16428
       16493
       16573
       16579
       16644
       16649
       16653
       16704
       16761
       16832
       16850
       16936
       16959
       17014
       17028
       17080
       17116
       17127
       17142
       17164
       17256
       17291
       17383
       17423
       17520
       17529
       17543
       17562
       17567
       17654
       17715
       17788
       17866
       17875
       17910
       17983
       18024
       18069
       18140
       18195
       18211
       18310
       18356
       18430
       18460
       18505
       18534
       18588
       18605
       18619
       18619
       18623
       18629
       18656
       18744
       18805
       18807
       18898
       18959
       18974
       19055
       19096
       19110
       19147
       19220
       19296
       19378
       19474
       19485
       19538
       19542
       19562
       19636
       19664
       19722
       19819
       19896
       19940
       19994
       20010
       20082
       20142
       20215
       20258
       20288
       20358
       20361
       20386
       20443
       20538
       20565
       20565
       20584
       20609
       20650
       20710
       20722
       20821
       20895
       20958
       21031
       21127
       21137
       21212
       21255
       21301
       21357
       21390
       21393
       21393
       21472
       21540
       21635
       21679
       21696
       21763
       21835
       21900
       21924
       21958
       22000
       22011
       22078
       22125
       22176
       22269
       22314
       22358
       22423
       22482
       22581
       22645
       22655
       22671
       22677
       22776
       22796
       22797
       22809
       22844
       22938
       22981
       23049
       23098
       23127
       23209
       23284
       23345
       23377
       23442
       23505
       23595
       23670
       23711
       23745
       23780
       23826
       23839
       23895
       23934
       24024
       24057
       24150
       24189
       24239
       24321
       24374
       24430
       24446
       24491
       24539
       24559
       24612
       24644
       24648
       24693
       24789
       24840
       24851
       24901
       24996
       25066
       25098
       25125
       25205
       25238
       25242
       25316
       25399
       25460
       25513
       25513
       25522
       25538
       25572
       25572
       25630
       25643
       25711
       25718
       25753
       25793
       25876
       25945
       25999
       26009
       26107
       26145
       26180
       26244
       26251
       26294
       26314
       26343
       26425
       26499
       26574
       26576
       26661
       26684
       26730
       26789
       26809
       26852
       26867
       26876
       26939
       27024
       27027
       27039
       27126
       27159
       27194
       27248
       27262
       27328
       27358
       27388
       27467
       27510
       27535
       27540
       27575
       27591
       27641
       27738
       27764
       27823
       27897
       27983
       27997
       28031
       28068
       28115
       28162
       28190
       28255
       28330
       28362
       28424
       28463
       28542
       28615
       28629
       28710
       28754
       28838
       28892
       28908
       28921
       28931
       29015
       29104
       29107
       29193
       29213
       29312
       29324
       29378
       29423
       29498
       29542
       29620
       29691
       29711
       29764
       29860
       29886
       29887
       29967
       30058
       30141
       30170
       30227
       30249
       30254
       30316
       30352
       30405
       30499
       30535
       30634
       30660
       30664
       30753
       30821
       30873
       30914
       30927
       30972
       31070
       31161
       31189
       31223
       31303
       31307
       31338
       31386
       31474
       31561
       31588
       31626
       31700
       31760
       31783
       31832
       31840
       31850
       31947
       31992
       32028
       32070
       32144
       32220
       32300
       32375
       32395
       32415
       32442
       32480
       32565
       32620
       32709
       32779
       32862
       32909
       32969
       33036
       33073
       33122
       33188
       33266
       33359
       33408
       33438
       33500
       33591
       33641
       33677
       33680
       33682
       33740
       33804
       33889
       33943
       34003
       34067
       34157
       34182
       34192
       34263
       34310
       34341
       34380
       34404
       34428
       34458
       34490
       34512
       34529
       34593
       34655
       34747
       34833
       34838
       34936
       34998
       35087
       35127
       35151
       35191
       35280
       35358
       35381
       35437
       35536
       35610
       35637
       35671
       35737
       35804
       35851
       35939
       35957
       35996
       36024
       36066
       36073
       36146
       36173
       36245
       36313
       36357
       36375
       36459
       36550
       36557
       36619
       36707
       36751
       36775
       36785
       36826
       36913
       36974
       36977
       37047
       37057
       37155
       37238
       37278
       37338
       37415
       37459
       37553
       37557
       37581
       37679
       37765
       37788
       37873
       37881
       37929
       37954
       38016
       38041
       38096
       38194
       38220
       38238
       38255
       38289
       38330
       38352
       38408
       38474
       38488
       38526
       38555
       38586
       38650
       38700
       38772
       38839
       38842
       38852
       38926
       38954
       38971
       39048
       39077
       39096
       39120
       39183
       39235
       39319
       39333
       39391
       39406
       39476
       39493
       39521
       39582
       39658
       39728
       39817
       39867
       39918
       40016
       40037
       40112
       40171
       40269
       40331
       40336
       40369
       40411
       40435
       40460
       40531
       40580
       40599
       40627
       40662
       40713
       40794
       40862
       40952
       41030
       41095
       41152
       41195
       41198
       41292
       41383
       41408
       41422
       41485
       41535
       41561
       41650
       41732
       41790
       41828
       41904
       41908
       42001
       42044
       42048
       42055
       42058
       42087
       42128
       42140
       42226
       42249
       42283
       42379
       42404
       42458
       42543
       42584
       42647
       42692
       42719
       42726
       42823
       42829
       42884
       42934
       42975
       43008
       43026
       43087
       43179
       43266
       43270
       43305
       43321
       43395
       43455
       43507
       43522
       43582
       43608
       43662
       43735
       43831
       43925
       43953
       43967
       44026
       44108
       44119
       44189
       44203
       44302
       44352
       44375
       44466
       44532
       44550
       44566
       44627
       44710
       44731
       44794
       44806
       44878
       44930
       44954
       45034
       45034
       45036
       45106
       45118
       45204
       45279
       45343
       45348
       45374
       45394
       45461
       45484
       45534
       45633
       45680
       45714
       45754
       45851
       45897
       45899
       45994
       46034
       46106
       46145
       46241
       46297
       46297
       46360
       46435
       46447
       46494
       46501
       46563
       46589
       46638
       46697
       46776
       46776
       46845
       46847
       46934
       46938
       47017
       47081
       47168
       47207
       47239
       47331
       47414
       47428
       47497
       47553
       47615
       47616
       47683
       47770
       47850
       47861
       47879
       47890
       47897
       47940
       48033
       48125
       48127
       48159
       48228
       48295
       48319
       48362
       48430
       48521
       48531
       48591
       48592
       48615
       48671
       48698
       48753
       48801
       48887
       48914
       48998
       49086
       49129
       49194
       49208
       49294
       49305
       49399
       49435
       49478
       49501
       49503
       49573
       49597
       49684
       49705
       49776
       49780
       49820
       49892
       49943
       50008
       50063
       50098
       50139
       50152
       50225
       50225
       50312
       50326
       50366
       50412
       50506
       50507
       50553
       50599
       50637
       50664
       50664
       50708
       50718
       50802
       50829
       50925
       51015
       51057
       51090
       51137
       51214
       51278
       51335
       51395
       51424
       51460
       51484
       51502
       51531
       51627
       51663
       51755
       51789
       51825
       51899
       51915
       51934
       51972
       52046
       52066
       52116
       52171
       52178
       52178
       52232
       52238
       52318
       52339
       52361
       52379
       52476
       52506
       52530
       52568
       52633
       52718
       52811
       52867
       52952
       53027
       53111
       53198
       53267
       53286
       53309
       53346
       53372
       53390
       53448
       53466
       53500
       53530
       53620
       53700
       53762
       53805
       53891
       53960
       53993
       54051
       54120
       54190
       54275
       54370
       54446
       54520
       54616
       54622
       54626
       54672
       54738
       54784
       54840
       54883
       54972
       55003
       55077
       55171
       55257
       55260
       55268
       55326
       55337
       55352
       55409
       55413
       55431
       55515
       55566
       55617
       55713
       55810
       55821
       55872
       55928
       56018
       56047
       56140
       56186
       56218
       56252
       56263
       56336
       56408
       56427
       56476
       56507
       56540
       56582
       56591
       56668
       56690
       56747
       56778
       56793
       56815
       56856
       56893
       56962
       57043
       57112
       57183
       57277
       57372
       57435
       57512
       57530
       57554
       57577
       57588
       57655
       57742
       57755
       57771
       57838
       57919
       58008
       58058
       58136
       58147
       58161
       58173
       58198
       58234
       58262
       58298
       58363
       58364
       58423
       58471
       58494
       58541
       58597
       58625
       58662
       58739
       58750
       58836
       58862
       58958
       59012
       59057
       59065
       59119
       59154
       59232
       59275
       59304
       59382
       59439
       59486
       59491
       59584
       59651
       59662
       59729
       59788
       59802
       59802
       59820
       59866
       59934
       59950
       59981
       60039
       60129
       60220
       60266
       60285
       60375
       60460
       60515
       60543
       60567
       60633
       60715
       60716
       60767
       60785
       60812
       60875
       60876
       60959
       60983
       61082
       61095
       61163
       61230
       61315
       61358
       61370
       61378
       61454
       61468
       61544
       61581
       61636
       61713
       61731
       61750
       61763
       61839
       61861
       61920
       61961
       61984
       62036
       62134
       62154
       62163
       62234
       62318
       62360
       62383
       62479
       62516
       62601
       62679
       62699
       62735
       62794
       62864
       62872
       62934
       62963
       62970
       62980
       63053
       63149
       63183
       63252
       63303
       63352
       63389
       63398
       63425
       63501
       63596
       63672
       63760
       63819
       63890
       63903
       64002
       64076
       64084
       64164
       64220
       64298
       64329
       64348
       64395
       64456
       64527
       64596
       64684
       64708
       64740
       64750
       64814
       64833
       64895
       64985
       64990
       65030
       65099
       65165
       65177
       65220
       65228
       65318
       65366
       65425
       65433
       65456
       65540
       65601
       65676
       65771
       65778
       65822
       65869
       65908
       65913
       65965
       66048
       66142
       66192
       66231
       66240
       66328
       66391
       66394
       66445
       66479
       66506
       66573
       66638
       66705
       66803
       66853
       66908
       66961
       66962
       67021
       67022
       67063
       67077
       67140
       67235
       67324
       67400
       67425
       67455
       67458
       67494
       67569
       67617
       67706
       67754
       67826
       67892
       67989
       68032
       68058
       68086
       68176
       68191
       68224
       68301
       68338
       68344
       68375
       68412
       68471
       68561
       68642
       68651
       68723
       68798
       68838
       68920
       69008
       69081
       69098
       69160
       69252
       69263
       69284
       69381
       69382
       69477
       69524
       69586
       69653
       69708
       69765
       69827
       69884
       69942
       70000
       70099
       70144
       70159
       70250
       70272
       70341
       70401
       70498
       70545
       70626
       70725
       70772
       70812
       70881
       70905
       70983
       70984
       71072
       71084
       71125
       71222
       71302
       71347
       71365
       71377
       71414
       71472
       71540
       71625
       71652
       71745
       71809
       71818
       71880
       71891
       71940
       72001
       72081
       72097
       72150
       72249
       72299
       72328
       72357
       72436
       72522
       72583
       72589
       72677
       72682
       72728
       72813
       72856
       72872
       72896
       72927
       72992
       73033
       73064
       73083
       73121
       73205
       73227
       73247
       73260
       73353
       73369
       73436
       73476
       73533
       73593
       73627
       73688
       73734
       73829
       73914
       74001
       74052
       74119
       74154
       74241
       74338
       74431
       74483
       74516
       74550
       74628
       74665
       74741
       74743
       74782
       74786
       74862
       74904
       74947
       75029
       75064
       75119
       75121
       75167
       75208
       75240
       75317
       75391
       75483
       75498
       75573
       75574
       75582
       75639
       75646
       75701
       75762
       75818
       75825
       75917
       75949
       76011
       76088
       76102
       76114
       76120
       76205
       76301
       76346
       76426
       76488
       76565
       76644
       76709
       76775
       76802
       76862
       76911
       77000
       77036
       77122
       77219
       77283
       77330
       77379
       77409
       77466
       77474
       77513
       77564
       77599
       77617
       77668
       77675
       77700
       77706
       77727
       77779
       77782
       77860
       77897
       77930
       77986
       77999
       78079
       78119
       78156
       78182
       78209
       78266
       78305
       78329
       78420
       78453
       78453
       78527
       78610
       78687
       78775
       78822
       78875
       78942
       78968
       79033
       79103
       79151
       79191
       79266
       79285
       79326
       79332
       79417
       79453
       79521
       79611
       79691
       79703
       79784
       79845
       79879
       79949
       80019
       80025
       80120
       80187
       80256
       80311
       80410
       80501
       80524
       80543
       80633
       80720
       80808
       80842
       80941
       81008
       81090
       81165
       81262
       81318
       81343
       81400
       81422
       81453
       81530
       81571
       81628
       81642
       81708
       81729
       81742
       81773
       81857
       81925
       81998
       82008
       82095
       82141
       82142
       82226
       82247
       82270
       82332
       82343
       82386
       82458
       82477
       82573
       82592
       82602
       82699
       82711
       82741
       82768
       82845
       82921
       82965
       82986
       82996
       83083
       83167
       83249
       83341
       83384
       83457
       83535
       83567
       83592
       83602
       83620
       83690
       83703
       83769
       83851
       83879
       83975
       84047
       84103
       84196
       84242
       84304
       84341
       84379
       84402
       84427
       84478
       84577
       84655
       84702
       84702
       84755
       84755
       84766
       84777
       84807
       84808
       84860
       84863
       84897
       84919
       84986
       85038
       85115
       85122
       85138
       85189
       85216
       85235
       85263
       85322
       85327
       85421
       85426
       85439
       85502
       85545
       85581
       85658
       85693
       85703
       85748
       85844
       85851
       85870
       85958
       86030
       86043
       86090
       86120
       86158
       86222
       86236
       86310
       86347
       86421
       86450
       86492
       86500
       86597
       86616
       86709
       86734
       86787
       86793
       86876
       86954
       86971
       87003
       87047
       87113
       87161
       87257
       87353
       87399
       87486
       87552
       87578
       87672
       87676
       87757
       87803
       87846
       87898
       87973
       88010
       88095
       88182
       88193
       88267
       88287
       88290
       88335
       88395
       88431
       88455
       88507
       88510
       88567
       88633
       88662
       88675
       88688
       88705
       88748
       88792
       88811
       88871
       88883
       88970
       89020
       89107
       89205
       89225
       89233
       89302
       89336
       89413
       89477
       89506
       89569
       89661
       89667
       89732
       89763
       89859
       89940
       89981
       90037
       90050
       90063
       90098
       90147
       90160
       90228
       90266
       90291
       90334
       90412
       90433
       90487
       90507
       90600
       90667
       90763
       90809
       90858
       90931
       90979
       91028
       91039
       91042
       91056
       91132
       91207
       91246
       91254
       91291
       91320
       91418
       91508
       91589
       91591
       91621
       91628
       91643
       91669
       91757
       91824
       91909
       91982
       92070
       92143
       92239
       92295
       92318
       92404
       92453
       92475
       92535
       92570
       92643
       92720
       92791
       92832
       92910
       93001
       93065
       93065
       93098
       93103
       93191
       93266
       93333
       93392
       93415
       93500
       93549
       93603
       93693
       93701
       93723
       93779
       93819
       93861
       93868
       93921
       94000
       94031
       94094
       94135
       94148
       94230
       94235
       94245
       94256
       94265
       94292
       94386
       94436
       94451
       94520
       94596
       94627
       94691
       94732
       94802
       94822
       94919
       94962
       94997
       95012
       95061
       95131
       95163
       95183
       95249
       95269
       95364
       95384
       95451
       95530
       95558
       95591
       95687
       95747
       95816
       95836
       95840
       95922
       95989
       96084
       96182
       96196
       96232
       96318
       96328
       96347
       96382
       96469
       96541
       96584
       96661
       96680
       96743
       96784
       96826
       96831
       96858
       96895
       96968
       96980
       97008
       97066
       97137
       97223
       97268
       97298
       97307
       97382
       97443
       97500
       97530
       97564
       97609
       97693
       97773
       97803
       97893
       97970
       97993
       98085
       98124
       98187
       98226
       98256
       98284
       98309
       98322
       98400
       98438
       98521
       98577
       98643
       98652
       98708
       98709
       98786
       98882
       98915
       98989
       99042
       99076
       99167
       99255
       99277
       99315
       99411
       99471
       99489
       99489
       99489
       99492
       99522
       99590
       99637
       99696
       99720
       99792
       99869
       99968
      100062
      100083
      100127
      100184
      100268
      100316
      100393
      100448
      100529
      100619
      100715
      100727
      100785
      100833
      100880
      100938
      100990
      101070
      101109
      101147
      101156
      101226
      101300
      101375
      101455
      101467
      101543
      101580
      101588
      101609
      101695
      101712
      101802
      101826
      101891
      101908
      101942
      102021
      102028
      102125
      102139
      102144
      102209
      102274
      102338
      102437
      102449
      102492
      102568
      102608
      102693
      102764
      102837
      102841
      102900
      102920
      102953
      103030
      103046
      103081
      103159
      103159
      103199
      103238
      103244
      103279
      103300
      103324
      103345
      103422
      103433
      103523
      103563
      103610
      103629
      103676
      103750
      103812
      103899
      103953
      104043
      104077
      104107
      104173
      104260
      104295
      104316
      104331
      104422
      104506
      104565
      104585
      104635
      104651
      104700
      104792
      104792
      104816
      104877
      104897
      104989
      105039
      105130
      105203
      105256
      105319
      105321
      105412
      105485
      105497
      105504
      105531
      105600
      105664
      105678
      105703
      105786
      105793
      105855
      105889
      105982
      106046
      106120
      106146
      106198
      106293
      106295
      106299
      106358
      106412
      106477
      106501
      106525
      106535
      106578
      106594
      106639
      106651
      106659
      106669
      106675
      106759
      106766
      106839
      106865
      106955
      106959
      107013
      107097
      107188
      107193
      107270
      107289
      107371
      107431
      107491
      107557
      107648
      107664
      107727
      107752
      107807
      107897
      107936
      108033
      108033
      108073
      108159
      108244
      108254
      108314
      108399
      108460
      108514
      108589
      108678
      108752
      108847
      108911
      108995
      108999
      109091
      109184
      109199
      109256
      109336
      109417
      109485
      109523
      109527
      109592
      109598
      109620
      109655
      109701
      109783
      109841
      109900
      109958
      110009
      110026
      110042
      110120
      110184
      110265
      110334
      110377
      110408
      110417
      110472
      110564
      110635
      110664
      110683
      110710
      110719
      110769
      110769
      110845
      110910
      110947
      110947
      110964
      111012
      111089
      111105
      111203
      111279
      111328
      111345
      111436
      111492
      111579
      111632
      111643
      111697
      111730
      111742
      111808
      111852
      111951
      112019
      112053
      112150
      112249
      112307
      112323
      112415
      112476
      112571
      112648
      112708
      112742
      112836
      112920
      112968
      112971
      113055
      113088
      113109
      113126
      113188
      113208
      113268
      113285
      113335
      113416
      113487
      113539
      113544
      113573
      113582
      113587
      113587
      113677
      113739
      113821
      113862
      113917
      113923
      113927
      113928
      113941
      113945
      114005
      114005
      114007
      114064
      114116
      114146
      114155
      114228
      114322
      114348
      114431
      114508
      114581
      114604
      114642
      114725
      114764
      114778
      114827
      114917
      114984
      115018
      115076
      115137
      115138
      115146
      115192
      115252
      115252
      115336
      115425
      115449
      115483
      115528
      115590
      115683
      115685
      115757
      115772
      115864
      115932
      115965
      115993
      116047
      116058
      116108
      116163
      116206
      116210
      116261
      116310
      116340
      116424
      116490
      116521
      116614
      116685
      116754
      116840
      116873
      116923
      117014
      117049
      117106
      117166
      117255
      117271
      117342
      117409
      117437
      117472
      117529
      117557
      117627
      117697
      117751
      117775
      117817
      117872
      117876
      117906
      117951
      118021
      118091
      118113
      118202
      118245
      118326
      118364
      118372
      118434
      118478
      118574
      118645
      118726
      118745
      118753
      118832
      118915
      118917
      118985
      119030
      119048
      119123
      119124
      119190
      119237
      119301
      119395
      119465
      119556
      119590
      119675
      119676
      119717
      119814
      119886
      119943
      119999
      120022
      120076
      120173
      120217
      120238
      120301
      120327
      120359
      120392
      120412
      120476
      120543
      120637
      120643
      120680
      120703
      120798
      120883
      120977
      121068
      121129
      121134
      121196
      121246
      121248
      121300
      121394
      121419
      121464
      121549
      121582
      121636
      121690
      121752
      121804
      121836
      121848
      121872
      121888
      121966
      122039
      122095
      122185
      122278
      122296
      122392
      122485
      122489
      122515
      122548
      122632
      122717
      122804
      122890
      122973
      123067
      123074
      123145
      123145
      123183
      123280
      123373
      123426
      123479
      123561
      123581
      123605
      123612
      123672
      123744
      123765
      123775
      123837
      123852
      123895
      123949
      124047
      124136
      124195
      124225
      124237
      124317
      124332
      124336
      124344
      124355
      124438
      124451
      124488
      124514
      124562
      124646
      124723
      124800
      124811
      124841
      124858
      124923
      124953
      124958
      124985
      125010
      125040
      125063
      125150
      125200
      125257
      125277
      125286
      125384
      125455
      125472
      125555
      125558
      125596
      125689
      125716
      125728
      125820
      125832
      125889
      125960
      126017
      126055
      126116
      126133
      126133
      126225
      126285
      126364
      126437
      126536
      126591
      126607
      126627
      126723
      126759
      126784
      126830
      126868
      126951
      126951
      127019
      127113
      127206
      127206
      127219
      127298
      127369
      127421
      127513
      127521
      127534
      127606
      127650
      127664
      127698
      127753
      127775
      127821
      127872
      127921
      127985
      128032
      128122
      128169
      128246
      128273
      128355
      128363
      128443
      128537
      128619
      128680
      128715
      128736
      128818
      128818
      128909
      128919
      128976
      128984
      129076
      129099
      129197
      129279
      129366
      129366
      129407
      129449
      129530
      129574
      129660
      129726
      129758
      129791
      129806
      129810
      129883
      129972
      129978
      130062
      130143
      130205
      130227
      130280
      130336
      130340
      130354
      130411
      130452
      130488
      130524
      130563
      130594
      130691
      130753
      130808
      130905
      130916
      130957
      130962
      131032
      131062
      131074
      131136
      131232
      131235
      131279
      131295
      131384
      131426
      131457
      131507
      131513
      131594
      131625
      131638
      131644
      131687
      131725
      131755
      131809
      131908
      131954
      132005
      132050
      132090
      132100
      132156
      132195
      132217
      132239
      132304
      132370
      132372
      132466
      132511
      132539
      132581
      132624
      132717
      132792
      132852
      132864
      132939
      132940
      133016
      133069
      133079
      133081
      133141
      133146
      133201
      133279
      133300
      133390
      133455
      133455
      133510
      133595
      133681
      133745
      133747
      133759
      133798
      133807
      133850
      133893
      133904
      133963
      133963
      134010
      134049
      134071
      134167
      134207
      134278
      134376
      134381
      134420
      134463
      134530
      134589
      134640
      134688
      134739
      134831
      134865
      134953
      134977
      134991
      135026
      135118
      135148
      135188
      135214
      135292
      135320
      135357
      135448
      135517
      135560
      135592
      135599
      135688
      135763
      135819
      135908
      135934
      136023
      136044
      136092
      136140
      136206
      136211
      136255
      136262
      136325
      136364
      136377
      136444
      136532
      136560
      136635
      136706
      136747
      136825
      136863
      136863
      136904
      136970
      137041
      137121
      137195
      137277
      137352
      137422
      137472
      137527
      137545
      137566
      137607
      137623
      137627
      137725
      137792
      137807
      137834
      137865
      137914
      137975
      138055
      138058
      138128
      138136
      138205
      138253
      138278
      138278
      138341
      138429
      138500
      138559
      138643
      138718
      138801
      138831
      138925
      138990
      139046
      139055
      139137
      139195
      139261
      139309
      139363
      139408
      139443
      139473
      139473
      139493
      139513
      139536
      139568
      139620
      139640
      139731
      139772
      139802
      139882
      139974
      140004
      140011
      140090
      140097
      140148
      140238
      140327
      140373
      140441
      140477
      140510
      140570
      140627
      140650
      140681
      140741
      140777
      140848
      140932
      140957
      140988
      141008
      141011
      141074
      141129
      141173
      141269
      141332
      141378
      141423
      141434
      141524
      141545
      141615
      141654
      141669
      141695
      141726
      141780
      141872
      141950
      141977
      142041
      142057
      142061
      142138
      142143
      142162
      142164
      142263
      142277
      142324
      142387
      142442
      142511
      142570
      142572
      142654
      142699
      142785
      142874
      142965
      143009
      143082
      143178
      143231
      143293
      143305
      143307
      143340
      143381
      143433
      143442
      143459
      143502
      143553
      143606
      143642
      143710
      143766
      143819
      143881
      143945
      143959
      143997
      144015
      144032
      144040
      144097
      144153
      144233
      144272
      144298
      144311
      144332
      144394
      144401
      144496
      144539
      144600
      144659
      144724
      144820
      144884
      144909
      144998
      145023
      145033
      145076
      145151
      145206
      145211
      145234
      145245
      145333
      145366
      145449
      145524
      145617
      145696
      145696
      145702
      145707
      145806
      145886
      145966
      146050
      146055
      146142
      146161
      146198
      146206
      146257
      146283
      146289
      146323
      146363
      146386
      146471
      146548
      146620
      146700
      146795
      146830
      146898
      146989
      147044
      147045
      147085
      147113
      147200
      147286
      147317
      147414
      147469
      147491
      147545
      147580
      147600
      147627
      147705
      147773
      147817
      147849
      147880
      147887
      147911
      147935
      148032
      148039
      148054
      148104
      148182
      148219
      148261
      148262
      148312
      148392
      148480
      148576
      148599
      148684
      148779
      148849
      148939
      149017
      149036
      149047
      149146
      149186
      149234
      149249
      149249
      149314
      149397
      149496
      149528
      149611
      149670
      149726
      149798
      149826
      149909
      149987
      150085
      150110
      150143
      150180
      150200
      150210
      150303
      150312
      150410
      150478
      150523
      150570
      150624
      150686
      150762
      150814
      150834
      150847
      150902
      150943
      151033
      151120
      151209
      151284
      151287
      151354
      151442
      151513
      151588
      151629
      151692
      151775
      151812
      151896
      151908
      151939
      152035
      152056
      152136
      152204
      152204
      152206
      152257
      152272
      152307
      152338
      152348
      152395
      152456
      152551
      152584
      152646
      152737
      152816
      152869
      152933
      153016
      153037
      153070
      153113
      153191
      153206
      153272
      153364
      153380
      153426
      153445
      153537
      153611
      153690
      153753
      153771
      153832
      153834
      153927
      153950
      154033
      154098
      154173
      154215
      154278
      154305
      154326
      154336
      154429
      154517
      154607
      154705
      154736
      154833
      154925
      155010
      155087
      155107
      155156
      155252
      155293
      155317
      155340
      155423
      155454
      155533
      155629
      155710
      155801
      155864
      155885
      155982
      156054
      156055
      156063
      156138
      156200
      156291
      156341
      156380
      156413
      156460
      156543
      156594
      156604
      156652
      156721
      156792
      156802
      156827
      156861
      156882
      156927
      156978
      156999
      157039
      157123
      157217
      157272
      157367
      157386
      157406
      157444
      157447
      157512
      157520
      157564
      157621
      157622
      157644
      157647
      157739
      157836
      157882
      157961
      157961
      158026
      158029
      158096
      158176
      158194
      158280
      158295
      158365
      158464
      158477
      158549
      158567
      158621
      158625
      158696
      158709
      158761
      158857
      158927
      159000
      159023
      159072
      159126
      159198
      159280
      159296
      159371
      159395
      159407
      159477
      159507
      159538
      159554
      159607
      159660
      159675
      159765
      159839
      159890
      159953
      160052
      160061
      160097
      160187
      160251
      160262
      160329
      160377
      160455
      160472
      160481
      160507
      160558
      160571
      160588
      160610
      160687
      160762
      160851
      160924
      160971
      160996
      161008
      161084
      161172
      161227
      161298
      161332
      161398
      161456
      161548
      161559
      161639
      161706
      161706
      161752
      161848
      161888
      161958
      161989
      162074
      162118
      162120
      162156
      162250
      162256
      162273
      162332
      162417
      162499
      162591
      162675
      162750
      162759
      162833
      162899
      162979
      163051
      163089
      163175
      163249
      163280
      163303
      163353
      163451
      163520
      163545
      163637
      163656
      163727
      163792
      163863
      163885
      163927
      163964
      163990
      164043
      164105
      164153
      164247
      164339
      164416
      164497
      164546
      164611
      164614
      164669
      164725
      164806
      164824
      164841
      164855
      164918
      164932
      165023
      165025
      165051
      165073
      165138
      165175
      165203
      165282
      165321
      165369
      165448
      165475
      165572
      165641
      165717
      165776
      165815
      165867
      165958
      165974
      165979
      166055
      166080
      166103
      166156
      166244
      166300
      166371
      166376
      166432
      166517
      166538
      166607
      166615
      166699
      166727
      166800
      166887
      166938
      167030
      167053
      167069
      167164
      167242
      167289
      167362
      167420
      167437
      167487
      167572
      167608
      167690
      167705
      167790
      167822
      167918
      167989
      168066
      168075
      168151
      168170
      168180
      168240
      168320
      168406
      168411
      168472
      168487
      168538
      168618
      168625
      168688
      168729
      168762
      168855
      168859
      168898
      168986
      169017
      169048
      169089
      169119
      169156
      169245
      169260
      169356
      169455
      169462
      169496
      169551
      169610
      169658
      169751
      169764
      169826
      169921
      169964
      169978
      170067
      170076
      170117
      170200
      170221
      170267
      170285
      170379
      170457
      170528
      170572
      170668
      170697
      170791
      170841
      170934
      171015
      171075
      171152
      171203
      171284
      171352
      171409
      171501
      171554
      171601
      171647
      171729
      171806
      171858
      171925
      171940
      172005
      172021
      172083
      172085
      172103
      172159
      172164
      172183
      172194
      172195
      172236
      172273
      172332
      172382
      172396
      172398
      172410
      172471
      172542
      172603
      172642
      172728
      172730
      172753
      172845
      172887
      172974
      173016
      173055
      173146
      173179
      173191
      173262
      173348
      173348
      173436
      173473
      173514
      173598
      173621
      173713
      173754
      173769
      173820
      173916
      174004
      174074
      174089
      174109
      174149
      174246
      174254
      174260
      174262
      174283
      174379
      174412
      174480
      174520
      174618
      174696
      174773
      174831
      174884
      174905
      174916
      174923
      174994
      175004
      175011
      175095
      175174
      175211
      175289
      175385
      175419
      175475
      175567
      175593
      175624
      175677
      175720
      175795
      175886
      175911
      175985
      176052
      176107
      176122
      176211
      176233
      176270
      176333
      176385
      176476
      176510
      176592
      176691
      176714
      176753
      176793
      176851
      176904
      176904
      176969
      177059
      177112
      177148
      177211
      177295
      177390
      177419
      177439
      177490
      177513
      177559
      177654
      177708
      177768
      177795
      177805
      177898
      177969
      178059
      178110
      178149
      178208
      178240
      178300
      178367
      178439
      178528
      178579
      178644
      178660
      178747
      178816
      178885
      178885
      178968
      179018
      179047
      179052
      179130
      179149
      179177
      179192
      179218
      179258
      179342
      179360
      179369
      179424
      179464
      179560
      179601
      179686
      179758
      179788
      179858
      179893
      179941
      179995
      180093
      180129
      180201
      180218
      180286
      180331
      180392
      180466
      180562
      180596
      180608
      180682
      180694
      180770
      180815
      180879
      180888
      180919
      180994
      181087
      181096
      181113
      181130
      181167
      181220
      181254
      181328
      181399
      181437
      181441
      181472
      181511
      181544
      181550
      181576
      181576
      181582
      181589
      181603
      181700
      181784
      181826
      181917
      181988
      182067
      182105
      182112
      182184
      182214
      182231
      182232
      182253
      182346
      182433
      182436
      182506
      182595
      182630
      182648
      182731
      182804
      182899
      182899
      182923
      182977
      183027
      183065
      183154
      183239
      183247
      183251
      183295
      183357
      183401
      183405
      183441
      183447
      183542
      183641
      183663
      183674
      183724
      183794
      183872
      183966
      184019
      184118
      184175
      184244
      184319
      184362
      184405
      184481
      184523
      184579
      184580
      184627
      184663
      184724
      184778
      184853
      184952
      185045
      185067
      185106
      185125
      185153
      185184
      185272
      185327
      185363
      185390
      185438
      185443
      185483
      185499
      185591
      185644
      185673
      185712
      185757
      185789
      185881
      185889
      185953
      186047
      186070
      186167
      186190
      186193
      186254
      186346
      186429
      186524
      186530
      186605
      186668
      186754
      186825
      186860
      186925
      186929
      186930
      187010
      187096
      187162
      187191
      187257
      187323
      187393
      187491
      187516
      187555
      187645
      187691
      187742
      187832
      187867
      187894
      187900
      187959
      187978
      187983
      188034
      188113
      188137
      188154
      188172
      188218
      188303
      188401
      188499
      188578
      188614
      188623
      188690
      188752
      188848
      188870
      188887
      188921
      189011
      189071
      189140
      189168
      189183
      189185
      189283
      189374
      189454
      189461
      189527
      189570
      189573
      189623
      189679
      189745
      189771
      189832
      189920
      189927
      189999
      190054
      190122
      190143
      190191
      190286
      190294
      190370
      190401
      190431
      190461
      190551
      190597
      190677
      190758
      190797
      190815
      190899
      190951
      190976
      191036
      191072
      191164
      191190
      191201
      191254
      191319
      191323
      191350
      191382
      191401
      191433
      191457
      191513
      191574
      191639
      191703
      191738
      191762
      191780
      191782
      191848
      191901
      191936
      192015
      192109
      192129
      192198
      192203
      192273
      192322
      192329
      192364
      192389
      192460
      192506
      192590
      192617
      192674
      192766
      192840
      192937
      192976
      193002
      193058
      193109
      193149
      193154
      193182
      193266
      193304
      193314
      193408
      193468
      193514
      193552
      193571
      193575
      193580
      193671
      193746
      193751
      193847
      193872
      193883
      193982
      194079
      194156
      194190
      194227
      194240
      194329
      194379
      194475
      194547
      194573
      194658
      194712
      194716
      194784
      194796
      194802
      194861
      194872
      194875
      194973
      194982
      194988
      195030
      195105
      195192
      195283
      195338
      195419
      195458
      195534
      195615
      195661
      195744
      195749
      195799
      195814
      195862
      195909
      195933
      196017
      196071
      196075
      196129
      196221
      196228
      196327
      196405
      196482
      196574
      196616
      196652
      196676
      196723
      196768
      196859
      196877
      196927
      196949
      197041
      197041
      197067
      197093
      197157
      197164
      197238
      197290
      197315
      197396
      197399
      197449
      197465
      197492
      197524
      197570
      197582
      197660
      197752
      197846
      197912
      197961
      198017
      198082
      198173
      198238
      198312
      198394
      198400
      198452
      198464
      198466
      198507
      198527
      198528
      198537
      198631
      198706
      198780
      198836
      198910
      198933
      198934
      198956
      198962
      198980
      199046
      199071
      199154
      199221
      199273
      199280
      199284
      199318
      199368
      199414
      199423
      199478
      199532
      199546
      199564
      199635
      199714
      199756
      199758
      199781
      199875
      199966
      199981
      200042
      200050
      200070
      200144
      200179
      200244
      200310
      200382
      200392
      200444
      200513
      200538
      200611
      200646
      200720
      200765
      200824
      200897
      200907
      200960
      200969
      200992
      200996
      201093
      201122
      201147
      201222
      201276
      201306
      201352
      201414
      201414
      201431
      201481
      201564
      201656
      201710
      201749
      201798
      201828
      201923
      201968
      202014
      202015
      202102
      202143
      202214
      202235
      202248
      202344
      202439
      202530
      202626
      202628
      202719
      202736
      202764
      202815
      202839
      202925
      203008
      203010
      203037
      203056
      203093
      203178
      203217
      203292
      203302
      203365
      203389
      203446
      203463
      203530
      203594
      203656
      203691
      203761
      203823
      203835
      203868
      203911
      204002
      204079
      204155
      204232
      204301
      204350
      204426
      204469
      204527
      204595
      204621
      204641
      204695
      204715
      204750
      204806
      204848
      204945
      205033
      205090
      205140
      205147
      205230
      205235
      205289
      205336
      205361
      205438
      205447
      205496
      205578
      205592
      205636
      205637
      205727
      205746
      205795
      205871
      205921
      205945
      206035
      206110
      206206
      206294
      206381
      206457
      206509
      206592
      206648
      206696
      206696
      206767
      206825
      206917
      206920
      207003
      207017
      207091
      207175
      207220
      207303
      207384
      207407
      207436
      207525
      207554
      207580
      207673
      207714
      207765
      207810
      207884
      207943
      207952
      207991
      208047
      208117
      208121
      208178
      208187
      208237
      208321
      208330
      208372
      208441
      208486
      208530
      208612
      208649
      208665
      208764
      208780
      208836
      208925
      208951
      209020
      209067
      209149
      209180
      209246
      209270
      209362
      209443
      209471
      209566
      209566
      209568
      209616
      209694
      209720
      209740
      209761
      209761
      209815
      209896
      209934
      209976
      209986
      210001
      210066
      210080
      210164
      210183
      210222
      210297
      210320
      210388
      210408
      210471
      210499
      210563
      210639
      210709
      210754
      210824
      210911
      210938
      210952
      211046
      211127
      211187
      211229
      211229
      211308
      211343
      211399
      211464
      211559
      211630
      211632
      211641
      211739
      211784
      211874
      211884
      211958
      211958
      211992
      211993
      212092
      212116
      212192
      212234
      212265
      212311
      212335
      212394
      212420
      212443
      212493
      212556
      212590
      212601
      212670
      212716
      212803
      212902
      212928
      212978
      212979
      212979
      212985
      213076
      213145
      213184
      213243
      213248
      213284
      213312
      213372
      213422
      213472
      213488
      213563
      213596
      213694
      213716
      213719
      213778
      213871
      213900
      213960
      214052
      214060
      214086
      214144
      214160
      214193
      214227
      214247
      214288
      214325
      214365
      214452
      214512
      214596
      214619
      214655
      214752
      214838
      214928
      214983
      215059
      215140
      215211
      215249
      215318
      215399
      215460
      215467
      215494
      215516
      215558
      215573
      215600
      215635
      215688
      215699
      215718
      215737
      215820
      215910
      215949
      216024
      216050
      216105
      216151
      216213
      216285
      216294
      216298
      216351
      216417
      216505
      216571
      216633
      216698
      216710
      216733
      216762
      216799
      216869
      216924
      216952
      217042
      217086
      217171
      217183
      217264
      217299
      217323
      217376
      217411
      217435
      217463
      217467
      217514
      217595
      217618
      217643
      217714
      217785
      217833
      217897
      217952
      217992
      218024
      218116
      218152
      218223
      218298
      218307
      218331
      218381
      218401
      218483
      218578
      218657
      218732
      218762
      218845
      218898
      218940
      218970
      218975
      219043
      219124
      219217
      219303
      219399
      219403
      219443
      219541
      219541
      219600
      219607
      219612
      219642
      219660
      219688
      219700
      219729
      219755
      219773
      219832
      219908
      219939
      219944
      219996
      220064
      220086
      220137
      220160
      220209
      220217
      220265
      220315
      220362
      220379
      220447
      220517
      220586
      220586
      220637
      220725
      220788
      220806
      220877
      220895
      220933
      221002
      221042
      221135
      221153
      221251
      221329
      221397
      221416
      221456
      221521
      221532
      221626
      221627
      221720
      221786
      221861
      221866
      221952
      222000
      222031
      222096
      222142
      222171
      222214
      222254
      222289
      222318
      222385
      222419
      222451
      222497
      222573
      222659
      222711
      222766
      222825
      222901
      222935
      222965
      222978
      223074
      223137
      223159
      223210
      223223
      223320
      223413
      223423
      223504
      223577
      223578
      223626
      223638
      223726
      223781
      223804
      223872
      223957
      223996
      224024
      224040
      224097
      224147
      224211
      224226
      224285
      224296
      224357
      224392
      224436
      224496
      224565
      224578
      224604
      224614
      224673
      224708
      224802
      224822
      224838
      224899
      224958
      225000
      225097
      225146
      225157
      225218
      225246
      225265
      225332
      225423
      225455
      225498
      225578
      225677
      225725
      225756
      225833
      225863
      225912
      225919
      225989
      226059
      226127
      226223
      226260
      226278
      226306
      226357
      226414
      226414
      226483
      226576
      226675
      226745
      226839
      226893
      226899
      226993
      227022
      227109
      227154
      227191
      227287
      227320
      227391
      227435
      227483
      227551
      227560
      227594
      227687
      227743
      227769
      227829
      227925
      227974
      228047
      228091
      228091
      228181
      228279
      228338
      228434
      228495
      228529
      228578
      228675
      228695
      228723
      228744
      228840
      228895
      228957
      228963
      228973
      229068
      229074
      229160
      229200
      229242
      229280
      229307
      229400
      229423
      229467
      229492
      229511
      229513
      229553
      229618
      229709
      229735
      229806
      229889
      229910
      230009
      230099
      230132
      230175
      230250
      230345
      230435
      230527
      230594
      230596
      230695
      230794
      230858
      230858
      230867
      230884
      230962
      231052
      231146
      231229
      231271
      231308
      231323
      231368
      231377
      231386
      231483
      231538
      231563
      231578
      231601
      231619
      231712
      231752
      231761
      231777
      231790
      231835
      231872
      231957
      232025
      232121
      232126
      232142
      232208
      232291
      232303
      232374
      232472
      232557
      232565
      232643
      232706
      232728
      232740
      232780
      232877
      232961
      232977
      233062
      233160
      233183
      233191
      233257
      233273
      233279
      233370
      233375
      233469
      233545
      233595
      233653
      233729
      233787
      233826
      233900
      233900
      233954
      234011
      234043
      234101
      234133
      234148
      234211
      234256
      234258
      234291
      234357
      234369
      234385
      234452
      234476
      234497
      234532
      234610
      234645
      234695
      234726
      234784
      234797
      234812
      234905
      234994
      235058
      235140
      235215
      235267
      235322
      235332
      235364
      235454
      235544
      235603
      235694
      235694
      235780
      235853
      235854
      235938
      235974
      236048
      236119
      236120
      236176
      236273
      236335
      236366
      236390
      236397
      236412
      236511
      236554
      236582
      236605
      236648
      236657
      236732
      236759
      236830
      236913
      236973
      237019
      237037
      237106
      237169
      237175
      237249
      237263
      237319
      237365
      237448
      237474
      237530
      237580
      237622
      237648
      237694
      237777
      237827
      237895
      237895
      237913
      237923
      237946
      238016
      238060
      238107
      238166
      238215
      238224
      238319
      238331
      238406
      238447
      238464
      238516
      238568
      238575
      238644
      238661
      238676
      238749
      238772
      238812
      238819
      238888
      238975
      239002
      239035
      239047
      239090
      239153
      239214
      239287
      239340
      239426
      239433
      239525
      239525
      239596
      239628
      239648
      239657
      239660
      239728
      239803
      239867
      239937
      240027
      240076
      240112
      240206
      240221
      240289
      240344
      240351
      240403
      240418
      240445
      240543
      240626
      240703
      240800
      240829
      240852
      240852
      240909
      240935
      241033
      241111
      241208
      241275
      241297
      241297
      241301
      241392
      241486
      241539
      241615
      241617
      241648
      241667
      241719
      241747
      241803
      241850
      241913
      241920
      241949
      242031
      242105
      242189
      242206
      242207
      242276
      242367
      242435
      242476
      242536
      242582
      242606
      242626
      242665
      242708
      242755
      242790
      242811
      242854
      242894
      242901
      242957
      243053
      243135
      243142
      243235
      243318
      243325
      243411
      243416
      243469
      243554
      243602
      243695
      243759
      243762
      243774
      243836
      243839
      243874
      243887
      243956
      244031
      244093
      244152
      244249
      244311
      244352
      244432
      244499
      244537
      244579
      244664
      244717
      244810
      244889
      244959
      244992
      245077
      245149
      245160
      245253
      245258
      245279
      245305
      245354
      245430
      245472
      245503
      245568
      245656
      245656
      245675
      245748
      245767
      245791
      245869
      245883
      245975
      246022
      246120
      246184
      246209
      246228
      246318
      246325
      246417
      246438
      246475
      246517
      246536
      246552
      246592
      246624
      246723
      246804
      246899
      246905
      246985
      247017
      247064
      247132
      247177
      247199
      247200
      247255
      247287
      247367
      247439
      247492
      247524
      247608
      247630
      247675
      247774
      247869
      247941
      248013
      248086
      248142
      248188
      248220
      248295
      248384
      248419
      248516
      248576
      248600
      248632
      248679
      248774
      248865
      248887
      248969
      248986
      249008
      249030
      249044
      249057
      249140
      249186
      249186
      249236
      249319
      249369
      249380
      249472
      249566
      249644
      249737
      249802
      249819
      249866
      249931
      250008
      250051
      250101
      250198
      250253
      250319
      250362
      250363
      250384
      250464
      250536
      250611
      250623
      250652
      250680
      250693
      250772
      250790
      250831
      250919
      250968
      251005
      251081
      251085
      251131
      251202
      251202
      251214
      251259
      251260
      251330
      251351
      251395
      251437
      251531
      251607
      251661
      251694
      251722
      251734
      251763
      251858
      251942
      251975
      251985
      252023
      252070
      252161
      252226
      252287
      252303
      252379
      252448
      252469
      252523
      252617
      252686
      252702
      252739
      252783
      252849
      252892
      252923
      253012
      253087
      253089
      253121
      253165
      253259
      253356
      253386
      253447
      253472
      253493
      253565
      253658
      253733
      253747
      253763
      253772
      253848
      253897
      253938
      254007
      254020
      254081
      254161
      254188
      254287
      254318
      254355
      254426
      254498
      254505
      254548
      254566
      254648
      254652
      254691
      254789
      254792
      254863
      254935
      254981
      255042
      255042
      255125
      255212
      255229
      255322
      255400
      255446
      255446
      255528
      255602
      255677
      255686
      255730
      255770
      255798
      255861
      255915
      255918
      256014
      256016
      256051
      256145
      256238
      256261
      256303
      256350
      256367
      256415
      256441
      256523
      256559
      256604
      256691
      256693
      256774
      256839
      256910
      256962
      256976
      257069
      257115
      257169
      257207
      257294
      257306
      257389
      257403
      257479
      257578
      257623
      257676
      257685
      257752
      257849
      257930
      257991
      258035
      258124
      258165
      258189
      258250
      258300
      258301
      258352
      258382
      258389
      258446
      258494
      258577
      258607
      258666
      258746
      258768
      258861
      258878
      258896
      258913
      258977
      259051
      259099
      259135
      259146
      259179
      259275
      259358
      259410
      259479
      259561
      259623
      259648
      259665
      259682
      259761
      259835
      259844
      259925
      260014
      260056
      260151
      260242
      260324
      260399
      260418
      260510
      260535
      260567
      260626
      260725
      260763
      260780
      260873
      260933
      261016
      261099
      261195
      261201
      261228
      261236
      261290
      261370
      261433
      261464
      261501
      261597
      261649
      261686
      261734
      261814
      261891
      261937
      262020
      262035
      262079
      262166
      262171
      262268
      262359
      262386
      262441
      262508
