           7
          50
          95
         142
         142
         158
         207
         254
         273
         348
         355
         369
         428
         476
         503
         539
         563
         662
         751
         778
         807
         891
         960
        1041
        1138
        1187
        1249
        1298
        1336
        1434
        1478
        1575
        1643
        1676
        1767
        1842
        1938
        1968
        1974
        2043
        2085
        2166
        2205
        2279
        2308
        2369
        2451
        2511
        2518
        2585
        2603
        2642
        2680
        2715
        2756
        2791
        2855
        2861
        2867
        2896
        2995
        3053
        3089
        3188
        3200
        3218
        3235
        3329
        3416
        3441
        3471
        3562
        3586
        3632
        3727
        3817
        3844
        3844
        3865
        3912
        3965
        4059
        4119
        4192
        4251
        4337
        4394
        4427
        4519
        4589
        4636
        4677
        4752
        4755
        4810
        4898
        4995
        5078
        5177
        5195
        5229
        5244
        5302
        5345
        5429
        5509
        5599
        5668
        5722
        5723
        5809
        5875
        5887
        5960
        6039
        6057
        6070
        6106
        6152
        6233
        6324
        6403
        6449
        6547
        6559
        6604
        6610
        6671
        6770
        6860
        6883
        6909
        6950
        7033
        7062
        7071
        7127
        7211
        7241
        7267
        7362
        7427
        7496
        7548
        7577
        7598
        7695
        7761
        7806
        7833
        7863
        7904
        7914
        7994
        8019
        8058
        8102
        8145
        8243
        8272
        8296
        8333
        8414
        8469
        8562
        8581
        8648
        8723
        8744
        8791
        8821
        8827
        8838
        8889
        8896
        8924
        8969
        8974
        9009
        9033
        9066
        9137
        9208
        9232
        9307
        9391
        9422
        9427
        9462
        9468
        9516
        9574
        9599
        9664
        9671
        9720
        9732
        9741
        9774
        9827
        9859
        9920
        9928
        9939
       10017
       10068
       10077
       10097
       10179
       10192
       10242
       10250
       10300
       10348
       10355
       10413
       10453
       10493
       10519
       10529
       10624
       10681
       10778
       10816
       10899
       10904
       10973
       11025
       11069
       11151
       11213
       11299
       11376
       11446
       11510
       11582
       11643
       11736
       11741
       11835
       11929
       11941
       11996
       12052
       12112
       12149
       12217
       12247
       12326
       12345
       12377
       12456
       12490
       12525
       12617
       12677
       12759
       12788
       12842
       12886
       12952
       12955
       12976
       12989
       13047
       13052
       13124
       13169
       13266
       13322
       13412
       13478
       13516
       13581
       13581
       13594
       13648
       13734
       13824
       13920
       13921
       13962
       14031
       14034
       14067
       14128
       14142
       14238
       14336
       14347
       14358
       14401
       14405
       14408
       14497
       14517
       14554
       14593
       14616
       14714
       14759
       14851
       14853
       14871
       14920
       14970
       15032
       15087
       15152
       15194
       15232
       15262
       15312
       15386
       15423
       15484
       15524
       15528
       15583
       15663
       15762
       15819
       15885
       15894
       15980
       16054
       16073
       16126
       16131
       16229
       16260
       16330
       16342
       16416
       16501
       16567
       16618
       16690
       16710
       16757
       16810
       16861
       16927
       16970
       16978
       17041
       17069
       17073
       17148
       17155
       17233
       17322
       17402
       17419
       17479
       17488
       17582
       17628
       17634
       17714
       17717
       17809
       17887
       17943
       17945
       17995
       18078
       18081
       18151
       18196
       18238
       18269
       18368
       18376
       18398
       18479
       18564
       18579
       18646
       18669
       18726
       18751
       18819
       18868
       18962
       19014
       19088
       19138
       19230
       19244
       19272
       19353
       19381
       19402
       19437
       19505
       19530
       19627
       19676
       19686
       19708
       19806
       19810
       19866
       19959
       20021
       20085
       20123
       20180
       20276
       20316
       20348
       20356
       20433
       20504
       20584
       20668
       20758
       20829
       20911
       20966
       20966
       20967
       21043
       21077
       21111
       21125
       21174
       21212
       21286
       21296
       21316
       21373
       21400
       21434
       21445
       21475
       21532
       21618
       21648
       21682
       21746
       21802
       21832
       21929
       21972
       21998
       22032
       22077
       22120
       22167
       22225
       22311
       22324
       22349
       22373
       22410
       22421
       22518
       22538
       22593
       22688
       22741
       22821
       22834
       22865
       22865
       22962
       23037
       23066
       23135
       23170
       23172
       23228
       23305
       23330
       23359
       23391
       23463
       23497
       23574
       23658
       23701
       23800
       23806
       23843
       23934
       24018
       24052
       24069
       24120
       24199
       24219
       24296
       24308
       24347
       24421
       24460
       24549
       24596
       24660
       24684
       24695
       24789
       24829
       24896
       24941
       25002
       25071
       25154
       25251
       25321
       25378
       25421
       25483
       25520
       25553
       25559
       25577
       25592
       25651
       25680
       25772
       25831
       25854
       25884
       25947
       26034
       26076
       26147
       26190
       26239
       26292
       26358
       26367
       26381
       26447
       26508
       26546
       26606
       26658
       26692
       26719
       26754
       26788
       26817
       26864
       26929
       26940
       27018
       27097
       27182
       27210
       27241
       27314
       27348
       27444
       27464
       27519
       27523
       27544
       27563
       27572
       27666
       27711
       27727
       27752
       27761
       27833
       27901
       27986
       28035
       28098
       28114
       28133
       28215
       28264
       28352
       28408
       28427
       28485
       28491
       28533
       28566
       28665
       28710
       28797
       28836
       28885
       28908
       29007
       29093
       29178
       29276
       29348
       29411
       29481
       29493
       29510
       29582
       29582
       29609
       29668
       29683
       29699
       29724
       29803
       29842
       29895
       29960
       30039
       30127
       30204
       30276
       30346
       30402
       30490
       30526
       30591
       30603
       30667
       30722
       30754
       30783
       30851
       30877
       30895
       30982
       31027
       31057
       31133
       31191
       31229
       31286
       31309
       31314
       31410
       31479
       31535
       31578
       31623
       31708
       31772
       31792
       31836
       31878
       31933
       31946
       31991
       32003
       32038
       32074
       32105
       32131
       32182
       32270
       32335
       32350
       32422
       32494
       32551
       32600
       32662
       32718
       32795
       32839
       32843
       32917
       33004
       33013
       33039
       33099
       33125
       33168
       33181
       33216
       33277
       33354
       33394
       33466
       33552
       33610
       33615
       33654
       33668
       33725
       33755
       33821
       33823
       33889
       33897
       33921
       33937
       34009
       34044
       34092
       34121
       34144
       34213
       34303
       34354
       34425
       34466
       34473
       34524
       34579
       34630
       34639
       34663
       34732
       34776
       34798
       34856
       34866
       34904
       34915
       34925
       34972
       35017
       35077
       35175
       35202
       35271
       35319
       35386
       35428
       35512
       35531
       35626
       35683
       35756
       35777
       35850
       35941
       35980
       36049
       36058
       36148
       36150
       36237
       36275
       36314
       36342
       36408
       36487
       36541
       36614
       36642
       36701
       36741
       36823
       36915
       36944
       36970
       37051
       37097
       37167
       37255
       37289
       37380
       37394
       37405
       37461
       37539
       37592
       37612
       37645
       37706
       37706
       37802
       37805
       37831
       37837
       37905
       37909
       38001
       38043
       38053
       38111
       38198
       38215
       38291
       38380
       38410
       38492
       38573
       38634
       38683
       38754
       38772
       38790
       38791
       38840
       38856
       38901
       38977
       39051
       39128
       39128
       39184
       39256
       39295
       39375
       39465
       39531
       39539
       39571
       39603
       39655
       39670
       39676
       39760
       39830
       39892
       39977
       40016
       40093
       40176
       40179
       40230
       40250
       40267
       40282
       40320
       40410
       40486
       40509
       40560
       40599
       40686
       40718
       40780
       40795
       40859
       40879
       40907
       40923
       40944
       40999
       41021
       41098
       41180
       41252
       41305
       41348
       41403
       41429
       41463
       41560
       41599
       41680
       41775
       41846
       41913
       41959
       41999
       42010
       42102
       42200
       42233
       42233
       42252
       42346
       42385
       42398
       42473
       42563
       42656
       42744
       42817
       42842
       42875
       42932
       42950
       42951
       42975
       43001
       43088
       43126
       43209
       43266
       43323
       43328
       43350
       43402
       43484
       43507
       43557
       43599
       43698
       43729
       43767
       43861
       43883
       43956
       43987
       43994
       44059
       44087
       44111
       44125
       44180
       44247
       44299
       44357
       44442
       44488
       44564
       44607
       44656
       44661
       44715
       44811
       44815
       44907
       44914
       45004
       45087
       45092
       45124
       45193
       45206
       45300
       45385
       45416
       45456
       45523
       45557
       45563
       45643
       45718
       45745
       45748
       45831
       45851
       45898
       45934
       45978
       46062
       46107
       46203
       46232
       46262
       46354
       46380
       46460
       46487
       46546
       46598
       46599
       46631
       46643
       46665
       46676
       46678
       46771
       46794
       46803
       46892
       46991
       46999
       47045
       47074
       47130
       47138
       47214
       47272
       47326
       47424
       47461
       47512
       47524
       47616
       47654
       47749
       47758
       47804
       47878
       47956
       48018
       48103
       48177
       48225
       48245
       48268
       48316
       48320
       48322
       48337
       48424
       48503
       48538
       48587
       48652
       48695
       48784
       48875
       48893
       48985
       49005
       49032
       49095
       49122
       49198
       49259
       49280
       49356
       49425
       49484
       49514
       49594
       49678
       49734
       49826
       49894
       49975
       50001
       50017
       50061
       50147
       50223
       50268
       50292
       50314
       50337
       50402
       50464
       50464
       50541
       50552
       50590
       50626
       50671
       50746
       50784
       50818
       50864
       50946
       50995
       51044
       51082
       51174
       51185
       51233
       51326
       51348
       51412
       51462
       51471
       51551
       51626
       51658
       51726
       51802
       51832
       51916
       52012
       52020
       52040
       52097
       52129
       52151
       52193
       52230
       52312
       52343
       52434
       52528
       52574
       52650
       52653
       52696
       52784
       52843
       52850
       52898
       52903
       52973
       53004
       53040
       53127
       53147
       53199
       53282
       53342
       53348
       53440
       53500
       53508
       53550
       53636
       53711
       53723
       53817
       53844
       53920
       53933
       53941
       53971
       53974
       54055
       54120
       54148
       54160
       54228
       54316
       54380
       54450
       54490
       54588
       54677
       54732
       54749
       54834
       54877
       54889
       54920
       54984
       54992
       55073
       55131
       55132
       55180
       55199
       55293
       55373
       55445
       55464
       55552
       55597
       55603
       55608
       55638
       55709
       55711
       55732
       55803
       55899
       55996
       56075
       56103
       56131
       56135
       56136
       56230
       56278
       56296
       56297
       56324
       56396
       56431
       56526
       56551
       56632
       56729
       56821
       56847
       56853
       56895
       56971
       57055
       57105
       57153
       57176
       57242
       57312
       57395
       57414
       57471
       57489
       57501
       57515
       57562
       57639
       57681
       57681
       57749
       57818
       57827
       57858
       57876
       57961
       57987
       58056
       58057
       58102
       58130
       58209
       58297
       58337
       58338
       58375
       58442
       58531
       58536
       58561
       58569
       58661
       58683
       58746
       58791
       58874
       58879
       58885
       58902
       58991
       59013
       59020
       59093
       59190
       59201
       59218
       59231
       59322
       59369
       59451
       59503
       59571
       59652
       59711
       59771
       59864
       59914
       59940
       60032
       60033
       60072
       60094
       60133
       60172
       60229
       60327
       60360
       60397
       60466
       60559
       60611
       60647
       60742
       60796
       60880
       60933
       60973
       60985
       61044
       61119
       61163
       61163
       61248
       61298
       61370
       61382
       61391
       61484
       61578
       61626
       61671
       61680
       61728
       61778
       61872
       61878
       61898
       61990
       62002
       62054
       62105
       62184
       62196
       62267
       62352
       62357
       62374
       62389
       62468
       62517
       62530
       62589
       62632
       62655
       62732
       62778
       62824
       62918
       62984
       62995
       63066
       63068
       63144
       63159
       63213
       63259
       63297
       63309
       63324
       63423
       63454
       63467
       63534
       63622
       63681
       63734
       63749
       63770
       63780
       63858
       63892
       63975
       63979
       64022
       64040
       64051
       64098
       64172
       64226
       64277
       64366
       64371
       64416
       64488
       64573
       64621
       64633
       64655
       64676
       64768
       64849
       64940
       64946
       65007
       65029
       65094
       65193
       65195
       65205
       65267
       65296
       65383
       65435
       65493
       65528
       65535
       65560
       65601
       65627
       65628
       65725
       65729
       65786
       65798
       65811
       65837
       65884
       65887
       65935
       65977
       66052
       66080
       66168
       66191
       66211
       66218
       66270
       66321
       66403
       66444
       66525
       66596
       66664
       66709
       66731
       66817
       66826
       66897
       66934
       67008
       67072
       67122
       67181
       67273
       67303
       67353
       67353
       67428
       67438
       67499
       67543
       67634
       67720
       67726
       67786
       67831
       67879
       67939
       68031
       68074
       68123
       68164
       68207
       68255
       68332
       68410
       68440
       68447
       68484
       68557
       68573
       68666
       68696
       68768
       68806
       68902
       68921
       68958
       69034
       69133
       69169
       69201
       69286
       69288
       69377
       69431
       69465
       69481
       69482
       69556
       69631
       69674
       69715
       69803
       69892
       69949
       70043
       70103
       70200
       70294
       70311
       70367
       70454
       70455
       70527
       70564
       70618
       70632
       70666
       70718
       70809
       70813
       70875
       70968
       70980
       70990
       71034
       71071
       71146
       71167
       71263
       71323
       71338
       71430
       71522
       71539
       71589
       71596
       71638
       71688
       71703
       71743
       71777
       71845
       71924
       71974
       72050
       72123
       72133
       72188
       72224
       72285
       72315
       72366
       72460
       72483
       72563
       72654
       72708
       72795
       72827
       72836
       72920
       72926
       72974
       73055
       73112
       73196
       73209
       73257
       73316
       73366
       73392
       73448
       73495
       73577
       73645
       73740
       73833
       73899
       73974
       74028
       74064
       74077
       74104
       74144
       74237
       74310
       74348
       74404
       74447
       74545
       74605
       74673
       74713
       74715
       74731
       74813
       74903
       74979
       74981
       75052
       75061
       75107
       75113
       75126
       75222
       75311
       75386
       75473
       75568
       75579
       75642
       75664
       75701
       75795
       75878
       75931
       75935
       75938
       76037
       76041
       76062
       76087
       76158
       76230
       76293
       76357
       76404
       76424
       76468
       76551
       76591
       76654
       76752
       76799
       76831
       76912
       76951
       76972
       76993
       77001
       77060
       77139
       77203
       77268
       77327
       77352
       77401
       77427
       77485
       77570
       77592
       77679
       77738
       77762
       77788
       77867
       77912
       77987
       78041
       78135
       78229
       78281
       78297
       78393
       78458
       78526
       78531
       78580
       78593
       78642
       78712
       78783
       78857
       78943
       78982
       79020
       79080
       79132
       79197
       79235
       79264
       79288
       79381
       79462
       79507
       79579
       79646
       79685
       79784
       79846
       79856
       79906
       79934
       79992
       80049
       80099
       80146
       80196
       80213
       80276
       80356
       80380
       80471
       80514
       80576
       80649
       80711
       80806
       80852
       80872
       80940
       80976
       81069
       81075
       81145
       81235
       81243
       81273
       81334
       81341
       81366
       81380
       81458
       81520
       81615
       81668
       81677
       81755
       81847
       81906
       81916
       81996
       82086
       82092
       82156
       82227
       82318
       82404
       82468
       82520
       82529
       82563
       82644
       82648
       82707
       82717
       82758
       82840
       82870
       82911
       82976
       83075
       83121
       83191
       83259
       83295
       83340
       83415
       83511
       83515
       83605
       83627
       83690
       83714
       83801
       83808
       83882
       83938
       84036
       84042
       84054
       84133
       84223
       84299
       84388
       84481
       84524
       84556
       84618
       84635
       84637
       84731
       84732
       84768
       84818
       84824
       84897
       84986
       84996
       85066
       85116
       85133
       85151
       85155
       85169
       85207
       85229
       85317
       85339
       85406
       85499
       85503
       85585
       85609
       85694
       85733
       85775
       85803
       85823
       85890
       85946
       85966
       85982
       86033
       86131
       86206
       86254
       86270
       86359
       86363
       86366
       86460
       86498
       86568
       86595
       86613
       86624
       86702
       86745
       86771
       86856
       86883
       86916
       86953
       87025
       87068
       87088
       87100
       87195
       87198
       87270
       87357
       87445
       87451
       87523
       87612
       87631
       87719
       87766
       87775
       87838
       87928
       88016
       88054
       88091
       88095
       88186
       88276
       88358
       88404
       88407
       88428
       88508
       88548
       88619
       88626
       88645
       88701
       88744
       88746
       88817
       88883
       88949
       89029
       89042
       89123
       89137
       89162
       89177
       89223
       89243
       89337
       89377
       89454
       89454
       89502
       89542
       89563
       89652
       89750
       89818
       89908
       89944
       89990
       90020
       90039
       90078
       90156
       90188
       90224
       90225
       90294
       90298
       90385
       90408
       90457
       90474
       90516
       90580
       90584
       90669
       90762
       90783
       90797
       90823
       90880
       90941
       91034
       91087
       91106
       91203
       91259
       91302
       91376
       91465
       91521
       91613
       91666
       91732
       91741
       91811
       91865
       91880
       91912
       91995
       92082
       92102
       92120
       92190
       92270
       92365
       92391
       92436
       92451
       92474
       92569
       92582
       92677
       92767
       92789
       92888
       92928
       92957
       93050
       93051
       93092
       93149
       93149
       93191
       93240
       93312
       93390
       93439
       93477
       93505
       93596
       93660
       93736
       93762
       93784
       93825
       93886
       93981
       94060
       94110
       94150
       94197
       94254
       94341
       94400
       94401
       94435
       94510
       94541
       94583
       94592
       94616
       94668
       94766
       94781
       94804
       94887
       94925
       94942
       95019
       95041
       95094
       95189
       95271
       95340
       95369
       95435
       95460
       95495
       95564
       95586
       95634
       95704
       95791
       95793
       95886
       95951
       95980
       96004
       96084
       96135
       96145
       96162
       96165
       96228
       96236
       96286
       96338
       96424
       96437
       96466
       96548
       96638
       96699
       96773
       96775
       96866
       96958
       97004
       97005
       97087
       97092
       97139
       97208
       97272
       97287
       97330
       97418
       97505
       97591
       97681
       97723
       97788
       97858
       97917
       97975
       97978
       98041
       98078
       98089
       98126
       98195
       98222
       98318
       98372
       98438
       98480
       98511
       98588
       98682
       98718
       98767
       98834
       98918
       98963
       99043
       99134
       99213
       99293
       99370
       99431
       99442
       99442
       99484
       99516
       99543
       99595
       99686
       99758
       99762
       99822
       99865
       99916
      100000
      100023
      100066
      100078
      100101
      100145
      100174
      100235
      100254
      100324
      100354
      100431
      100518
      100578
      100651
      100721
      100737
      100812
      100815
      100884
      100937
      101008
      101097
      101181
      101275
      101374
      101433
      101473
      101508
      101588
      101638
      101647
      101705
      101769
      101780
      101783
      101844
      101854
      101870
      101934
      101983
      102026
      102111
      102208
      102294
      102325
      102345
      102411
      102452
      102455
      102547
      102600
      102675
      102680
      102745
      102771
      102806
      102823
      102868
      102963
      103033
      103053
      103098
      103136
      103209
      103269
      103348
      103388
      103414
      103462
      103518
      103617
      103670
      103703
      103722
      103735
      103776
      103838
      103870
      103947
      104028
      104063
      104122
      104200
      104214
      104301
      104360
      104398
      104465
      104553
      104611
      104620
      104705
      104771
      104798
      104849
      104895
      104970
      105037
      105073
      105090
      105118
      105163
      105229
      105259
      105348
      105355
      105383
      105409
      105436
      105504
      105540
      105600
      105637
      105731
      105828
      105916
      105996
      106082
      106106
      106113
      106209
      106248
      106260
      106279
      106320
      106355
      106431
      106494
      106561
      106631
      106667
      106689
      106705
      106728
      106827
      106918
      106991
      107044
      107095
      107187
      107199
      107270
      107306
      107340
      107424
      107440
      107490
      107557
      107653
      107745
      107801
      107832
      107899
      107954
      108016
      108081
      108087
      108155
      108188
      108229
      108281
      108287
      108356
      108444
      108463
      108533
      108554
      108616
      108617
      108642
      108675
      108719
      108724
      108774
      108783
      108840
      108889
      108902
      108913
      108938
      109003
      109036
      109058
      109137
      109200
      109291
      109343
      109430
      109496
      109577
      109654
      109751
      109850
      109948
      109951
      110041
      110073
      110126
      110143
      110174
      110196
      110198
      110220
      110312
      110361
      110381
      110417
      110500
      110560
      110648
      110677
      110744
      110781
      110790
      110839
      110881
      110903
      110996
      111044
      111060
      111100
      111159
      111219
      111264
      111347
      111356
      111440
      111477
      111555
      111651
      111735
      111822
      111899
      111903
      111959
      112014
      112082
      112109
      112173
      112269
      112301
      112335
      112402
      112501
      112523
      112599
      112666
      112687
      112760
      112832
      112833
      112929
      113024
      113081
      113148
      113203
      113278
      113351
      113372
      113433
      113473
      113516
      113538
      113621
      113670
      113767
      113866
      113948
      113964
      113979
      114064
      114112
      114147
      114179
      114262
      114300
      114366
      114391
      114403
      114428
      114488
      114529
      114563
      114576
      114647
      114729
      114772
      114863
      114873
      114890
      114930
      115027
      115085
      115134
      115161
      115189
      115272
      115332
      115407
      115455
      115465
      115470
      115493
      115545
      115611
      115649
      115726
      115805
      115862
      115954
      115977
      116012
      116049
      116137
      116155
      116227
      116277
      116325
      116328
      116378
      116459
      116477
      116494
      116525
      116551
      116572
      116640
      116688
      116744
      116762
      116807
      116889
      116922
      117002
      117007
      117058
      117089
      117159
      117222
      117266
      117279
      117279
      117287
      117351
      117359
      117398
      117472
      117533
      117628
      117665
      117759
      117828
      117851
      117856
      117900
      117933
      117989
      118064
      118085
      118146
      118170
      118256
      118273
      118327
      118339
      118370
      118455
      118481
      118550
      118556
      118562
      118576
      118665
      118668
      118675
      118752
      118779
      118815
      118866
      118949
      118966
      119026
      119124
      119146
      119187
      119263
      119304
      119333
      119337
      119373
      119380
      119387
      119411
      119475
      119552
      119575
      119617
      119634
      119672
      119770
      119777
      119814
      119845
      119873
      119917
      119956
      120041
      120054
      120121
      120150
      120206
      120228
      120287
      120332
      120367
      120379
      120405
      120488
      120569
      120615
      120631
      120663
      120679
      120767
      120834
      120875
      120901
      120968
      120993
      121089
      121113
      121209
      121299
      121383
      121432
      121504
      121588
      121667
      121749
      121795
      121863
      121925
      121927
      122024
      122108
      122143
      122207
      122215
      122255
      122320
      122347
      122403
      122417
      122474
      122475
      122489
      122553
      122620
      122621
      122662
      122740
      122821
      122837
      122849
      122927
      123014
      123063
      123132
      123137
      123147
      123188
      123192
      123201
      123261
      123315
      123413
      123501
      123580
      123600
      123648
      123715
      123763
      123804
      123868
      123927
      124004
      124037
      124048
      124132
      124189
      124242
      124333
      124425
      124494
      124518
      124535
      124536
      124566
      124588
      124676
      124774
      124849
      124911
      124969
      125064
      125108
      125135
      125231
      125270
      125308
      125308
      125359
      125424
      125474
      125507
      125592
      125688
      125758
      125835
      125847
      125856
      125948
      125989
      126072
      126140
      126212
      126278
      126355
      126390
      126479
      126488
      126580
      126580
      126605
      126625
      126628
      126643
      126689
      126727
      126730
      126746
      126794
      126859
      126889
      126934
      126972
      127009
      127011
      127061
      127125
      127128
      127139
      127164
      127233
      127308
      127310
      127376
      127429
      127517
      127541
      127569
      127619
      127625
      127651
      127741
      127836
      127846
      127938
      128021
      128026
      128044
      128110
      128139
      128173
      128197
      128223
      128310
      128398
      128438
      128470
      128494
      128526
      128573
      128608
      128608
      128639
      128701
      128796
      128860
      128915
      128942
      128942
      128961
      128988
      128996
      129027
      129055
      129067
      129113
      129127
      129157
      129168
      129256
      129301
      129386
      129484
      129495
      129562
      129647
      129651
      129712
      129733
      129787
      129813
      129850
      129949
      129996
      130053
      130152
      130188
      130276
      130336
      130404
      130404
      130492
      130503
      130559
      130647
      130724
      130804
      130818
      130857
      130868
      130950
      131004
      131045
      131115
      131162
      131224
      131298
      131323
      131355
      131370
      131459
      131482
      131487
      131512
      131539
      131636
      131706
      131754
      131755
      131814
      131849
      131907
      132006
      132093
      132117
      132199
      132282
      132335
      132399
      132445
      132538
      132614
      132615
      132700
      132747
      132829
      132866
      132866
      132899
      132993
      133018
      133058
      133082
      133150
      133210
      133275
      133312
      133323
      133394
      133468
      133503
      133508
      133595
      133598
      133669
      133698
      133715
      133812
      133840
      133932
      133936
      133938
      134023
      134104
      134113
      134134
      134143
      134232
      134305
      134379
      134405
      134423
      134489
      134571
      134668
      134722
      134816
      134866
      134874
      134939
      134946
      135008
      135106
      135179
      135267
      135346
      135394
      135444
      135510
      135526
      135624
      135630
      135674
      135744
      135810
      135872
      135890
      135960
      135995
      136051
      136058
      136101
      136115
      136192
      136267
      136343
      136368
      136377
      136399
      136447
      136462
      136561
      136652
      136739
      136804
      136825
      136844
      136892
      136965
      136992
      137032
      137068
      137105
      137137
      137152
      137181
      137274
      137283
      137335
      137393
      137452
      137539
      137623
      137664
      137713
      137798
      137881
      137946
      138014
      138014
      138023
      138087
      138156
      138157
      138167
      138231
      138236
      138242
      138261
      138359
      138436
      138511
      138560
      138619
      138686
      138692
      138754
      138785
      138818
      138881
      138913
      138931
      138999
      139043
      139051
      139051
      139055
      139081
      139170
      139212
      139287
      139367
      139426
      139493
      139575
      139659
      139684
      139707
      139708
      139761
      139803
      139859
      139869
      139928
      139932
      139933
      139956
      139998
      140064
      140077
      140103
      140110
      140147
      140197
      140198
      140198
      140215
      140220
      140230
      140254
      140275
      140278
      140332
      140351
      140390
      140442
      140533
      140597
      140657
      140736
      140805
      140879
      140965
      141039
      141136
      141144
      141186
      141285
      141294
      141325
      141400
      141434
      141474
      141486
      141558
      141646
      141686
      141715
      141769
      141842
      141858
      141909
      141912
      142002
      142082
      142141
      142154
      142209
      142284
      142375
      142430
      142491
      142531
      142613
      142642
      142713
      142741
      142791
      142878
      142936
      143018
      143108
      143135
      143150
      143186
      143220
      143309
      143318
      143402
      143426
      143456
      143540
      143555
      143650
      143745
      143758
      143833
      143920
      143984
      144022
      144117
      144202
      144272
      144362
      144365
      144459
      144461
      144495
      144592
      144628
      144726
      144785
      144831
      144925
      144948
      145001
      145005
      145008
      145018
      145110
      145126
      145220
      145237
      145336
      145402
      145450
      145511
      145540
      145568
      145575
      145630
      145692
      145710
      145808
      145849
      145868
      145934
      146011
      146076
      146135
      146233
      146252
      146309
      146407
      146457
      146504
      146571
      146649
      146674
      146711
      146809
      146896
      146938
      147011
      147108
      147207
      147219
      147291
      147342
      147385
      147392
      147439
      147451
      147497
      147525
      147573
      147583
      147622
      147720
      147783
      147840
      147890
      147912
      147980
      148050
      148127
      148198
      148282
      148338
      148415
      148422
      148455
      148542
      148578
      148601
      148676
      148766
      148814
      148888
      148955
      148999
      149030
      149049
      149081
      149129
      149205
      149295
      149371
      149404
      149474
      149483
      149543
      149558
      149612
      149628
      149711
      149743
      149795
      149801
      149892
      149906
      149987
      150065
      150136
      150181
      150192
      150208
      150211
      150301
      150312
      150367
      150443
      150495
      150547
      150601
      150659
      150715
      150715
      150767
      150813
      150894
      150984
      151074
      151163
      151187
      151266
      151358
      151397
      151425
      151460
      151471
      151558
      151612
      151660
      151733
      151760
      151828
      151858
      151869
      151896
      151931
      152012
      152065
      152131
      152162
      152164
      152206
      152261
      152311
      152357
      152401
      152407
      152436
      152522
      152608
      152700
      152792
      152797
      152875
      152957
      153020
      153117
      153191
      153236
      153317
      153350
      153377
      153459
      153462
      153490
      153569
      153662
      153746
      153791
      153818
      153840
      153938
      154019
      154082
      154110
      154196
      154275
      154282
      154329
      154422
      154464
      154533
      154587
      154600
      154687
      154753
      154813
      154859
      154952
      155006
      155032
      155082
      155103
      155123
      155159
      155167
      155170
      155188
      155263
      155291
      155317
      155387
      155460
      155493
      155496
      155531
      155611
      155611
      155681
      155731
      155778
      155858
      155926
      155967
      155989
      156009
      156055
      156082
      156144
      156158
      156257
      156259
      156304
      156382
      156382
      156472
      156520
      156561
      156604
      156619
      156707
      156756
      156763
      156827
      156873
      156894
      156939
      156970
      156980
      157037
      157073
      157172
      157256
      157299
      157304
      157346
      157352
      157418
      157469
      157500
      157554
      157636
      157676
      157738
      157756
      157824
      157844
      157853
      157931
      157987
      157990
      157990
      158004
      158076
      158108
      158151
      158157
      158196
      158270
      158354
      158437
      158492
      158543
      158557
      158616
      158637
      158706
      158782
      158783
      158850
      158941
      158993
      159074
      159141
      159225
      159292
      159301
      159385
      159473
      159570
      159589
      159605
      159683
      159704
      159801
      159826
      159843
      159926
      160022
      160105
      160121
      160197
      160230
      160230
      160275
      160330
      160390
      160488
      160528
      160589
      160601
      160633
      160690
      160773
      160775
      160806
      160847
      160866
      160932
      160995
      161049
      161059
      161107
      161182
      161189
      161225
      161261
      161330
      161352
      161413
      161491
      161589
      161684
      161730
      161770
      161828
      161896
      161956
      161959
      162024
      162098
      162136
      162194
      162253
      162296
      162363
      162410
      162429
      162514
      162571
      162650
      162692
      162734
      162830
      162862
      162872
      162939
      162973
      162987
      163025
      163096
      163105
      163190
      163219
      163288
      163326
      163367
      163381
      163451
      163457
      163458
      163515
      163614
      163681
      163689
      163709
      163796
      163805
      163836
      163842
      163878
      163888
      163980
      163983
      164013
      164077
      164165
      164250
      164255
      164325
      164398
      164414
      164456
      164460
      164506
      164538
      164561
      164599
      164615
      164706
      164796
      164801
      164834
      164882
      164976
      164995
      165074
      165113
      165197
      165270
      165329
      165374
      165375
      165450
      165463
      165553
      165556
      165570
      165583
      165668
      165724
      165749
      165756
      165820
      165851
      165937
      165937
      166026
      166070
      166142
      166177
      166265
      166312
      166400
      166415
      166484
      166582
      166600
      166666
      166715
      166742
      166805
      166867
      166924
      166964
      167000
      167002
      167099
      167194
      167274
      167289
      167361
      167364
      167447
      167538
      167546
      167565
      167616
      167623
      167648
      167652
      167691
      167726
      167738
      167743
      167827
      167838
      167884
      167917
      167967
      167968
      168056
      168142
      168165
      168258
      168330
      168361
      168376
      168376
      168463
      168498
      168557
      168584
      168642
      168723
      168806
      168884
      168889
      168901
      168964
      169001
      169079
      169149
      169207
      169265
      169279
      169321
      169394
      169463
      169543
      169613
      169677
      169764
      169846
      169870
      169950
      170045
      170110
      170206
      170238
      170283
      170312
      170356
      170360
      170411
      170503
      170532
      170620
      170700
      170789
      170804
      170847
      170894
      170939
      170971
      171055
      171088
      171089
      171140
      171155
      171183
      171281
      171287
      171359
      171400
      171453
      171496
      171521
      171544
      171574
      171576
      171659
      171715
      171774
      171816
      171882
      171959
      171962
      172020
      172028
      172124
      172161
      172236
      172295
      172371
      172447
      172495
      172534
      172612
      172696
      172733
      172817
      172877
      172889
      172957
      172979
      172995
      173052
      173068
      173131
      173207
      173281
      173288
      173349
      173444
      173505
      173505
      173549
      173599
      173629
      173657
      173689
      173697
      173742
      173742
      173814
      173911
      173939
      173957
      174028
      174052
      174098
      174183
      174234
      174279
      174372
      174460
      174505
      174572
      174598
      174694
      174727
      174820
      174903
      174948
      175044
      175119
      175200
      175269
      175299
      175313
      175336
      175343
      175415
      175421
      175458
      175480
      175522
      175567
      175656
      175694
      175781
      175877
      175907
      175943
      176021
      176050
      176062
      176111
      176179
      176273
      176283
      176331
      176346
      176416
      176493
      176508
      176542
      176552
      176651
      176693
      176712
      176745
      176757
      176799
      176861
      176893
      176911
      176969
      176973
      177036
      177074
      177120
      177207
      177213
      177214
      177288
      177349
      177414
      177487
      177551
      177596
      177652
      177681
      177684
      177750
      177805
      177815
      177903
      177934
      177959
      177987
      178059
      178066
      178163
      178180
      178254
      178280
      178301
      178398
      178419
      178466
      178559
      178635
      178721
      178779
      178837
      178898
      178913
      179002
      179044
      179045
      179140
      179236
      179267
      179315
      179383
      179431
      179523
      179545
      179592
      179625
      179665
      179669
      179746
      179843
      179912
      179966
      180004
      180069
      180073
      180146
      180243
      180254
      180260
      180313
      180381
      180426
      180429
      180505
      180510
      180510
      180517
      180539
      180634
      180639
      180644
      180723
      180743
      180814
      180836
      180890
      180946
      181027
      181032
      181121
      181145
      181145
      181223
      181269
      181300
      181347
      181369
      181438
      181474
      181553
      181553
      181642
      181661
      181680
      181695
      181791
      181882
      181954
      181967
      181968
      181987
      182014
      182021
      182068
      182086
      182185
      182245
      182293
      182295
      182333
      182352
      182358
      182370
      182405
      182498
      182566
      182591
      182602
      182603
      182620
      182715
      182723
      182822
      182883
      182943
      182955
      182987
      183067
      183087
      183090
      183120
      183184
      183205
      183207
      183286
      183348
      183394
      183470
      183566
      183585
      183620
      183696
      183771
      183823
      183886
      183920
      184009
      184028
      184036
      184103
      184172
      184265
      184353
      184360
      184454
      184515
      184609
      184651
      184694
      184787
      184866
      184870
      184873
      184945
      184983
      185079
      185090
      185099
      185185
      185241
      185291
      185361
      185363
      185426
      185460
      185494
      185556
      185560
      185643
      185726
      185813
      185910
      185986
      186037
      186075
      186167
      186182
      186239
      186326
      186336
      186353
      186424
      186447
      186490
      186560
      186576
      186671
      186678
      186719
      186770
      186800
      186841
      186928
      187024
      187051
      187118
      187152
      187227
      187242
      187334
      187383
      187421
      187458
      187527
      187597
      187629
      187696
      187712
      187782
      187857
      187864
      187905
      187947
      188000
      188045
      188133
      188203
      188223
      188228
      188322
      188386
      188428
      188489
      188559
      188637
      188717
      188777
      188778
      188865
      188878
      188950
      188978
      188990
      189073
      189167
      189168
      189259
      189302
      189362
      189371
      189376
      189445
      189466
      189481
      189562
      189648
      189675
      189757
      189802
      189819
      189876
      189928
      190023
      190102
      190182
      190243
      190332
      190359
      190360
      190430
      190469
      190565
      190604
      190621
      190703
      190751
      190776
      190801
      190818
      190857
      190871
      190884
      190968
      190974
      191071
      191092
      191098
      191179
      191206
      191276
      191281
      191325
      191362
      191426
      191438
      191458
      191510
      191535
      191596
      191687
      191786
      191802
      191879
      191887
      191914
      191948
      192007
      192071
      192166
      192234
      192277
      192321
      192382
      192384
      192424
      192457
      192502
      192569
      192638
      192705
      192795
      192850
      192876
      192958
      192992
      193052
      193098
      193109
      193203
      193282
      193307
      193308
      193392
      193459
      193527
      193574
      193653
      193692
      193742
      193754
      193830
      193836
      193890
      193912
      193914
      193922
      193979
      193987
      194034
      194132
      194230
      194267
      194335
      194409
      194409
      194423
      194507
      194510
      194600
      194620
      194683
      194737
      194803
      194879
      194885
      194900
      194978
      195051
      195139
      195216
      195290
      195318
      195345
      195382
      195390
      195390
      195471
      195496
      195554
      195639
      195723
      195761
      195774
      195775
      195821
      195855
      195903
      195938
      195977
      196031
      196101
      196113
      196159
      196196
      196242
      196315
      196368
      196388
      196447
      196537
      196593
      196598
      196648
      196697
      196721
      196765
      196824
      196871
      196905
      196948
      197035
      197040
      197074
      197079
      197128
      197217
      197284
      197378
      197463
      197470
      197474
      197485
      197505
      197576
      197646
      197731
      197796
      197841
      197887
      197927
      198007
      198019
      198089
      198160
      198230
      198245
      198342
      198374
      198439
      198491
      198549
      198585
      198615
      198653
      198683
      198715
      198743
      198756
      198838
      198893
      198950
      198953
      198993
      199079
      199135
      199137
      199157
      199229
      199301
      199373
      199396
      199401
      199489
      199587
      199636
      199679
      199738
      199788
      199875
      199968
      199978
      200005
      200084
      200089
      200128
      200162
      200208
      200211
      200224
      200227
      200274
      200319
      200358
      200358
      200414
      200447
      200464
      200505
      200588
      200655
      200747
      200765
      200765
      200811
      200908
      200990
      201085
      201096
      201167
      201248
      201324
      201339
      201395
      201414
      201459
      201478
      201564
      201585
      201620
      201668
      201708
      201790
      201829
      201868
      201955
      201996
      202086
      202125
      202137
      202160
      202186
      202204
      202268
      202305
      202404
      202406
      202479
      202515
      202558
      202619
      202654
      202689
      202760
      202841
      202865
      202867
      202952
      202972
      203029
      203036
      203096
      203161
      203209
      203247
      203289
      203367
      203408
      203446
      203486
      203542
      203620
      203643
      203705
      203719
      203744
      203756
      203846
      203943
      204030
      204047
      204140
      204185
      204283
      204313
      204364
      204389
      204458
      204554
      204651
      204723
      204742
      204762
      204827
      204913
      204983
      205042
      205112
      205176
      205239
      205322
      205421
      205439
      205459
      205512
      205573
      205627
      205698
      205790
      205810
      205907
      205909
      205994
      206061
      206158
      206205
      206271
      206317
      206398
      206439
      206475
      206514
      206543
      206581
      206677
      206741
      206820
      206843
      206903
      206916
      206992
      207035
      207103
      207129
      207198
      207285
      207359
      207416
      207430
      207461
      207473
      207528
      207565
      207631
      207715
      207805
      207850
      207875
      207966
      207987
      208023
      208104
      208173
      208249
      208275
      208324
      208411
      208509
      208523
      208621
      208661
      208739
      208797
      208811
      208824
      208885
      208920
      208988
      208994
      209042
      209106
      209185
      209208
      209209
      209270
      209306
      209384
      209463
      209500
      209510
      209533
      209537
      209619
      209717
      209725
      209816
      209909
      209970
      210069
      210122
      210170
      210176
      210252
      210323
      210325
      210382
      210410
      210489
      210515
      210541
      210587
      210619
      210666
      210735
      210761
      210808
      210865
      210940
      211020
      211096
      211131
      211173
      211272
      211331
      211426
      211474
      211533
      211580
      211588
      211670
      211711
      211772
      211805
      211812
      211862
      211879
      211883
      211914
      211970
      212047
      212106
      212106
      212154
      212251
      212317
      212350
      212369
      212440
      212444
      212518
      212605
      212703
      212727
      212825
      212848
      212902
      212903
      212907
      212991
      213062
      213118
      213213
      213304
      213363
      213439
      213528
      213561
      213564
      213625
      213630
      213693
      213721
      213814
      213838
      213905
      213907
      213969
      214034
      214118
      214121
      214198
      214246
      214268
      214313
      214368
      214451
      214517
      214531
      214580
      214632
      214661
      214665
      214720
      214790
      214854
      214950
      215036
      215106
      215197
      215239
      215242
      215255
      215320
      215357
      215363
      215391
      215399
      215400
      215479
      215480
      215533
      215614
      215642
      215680
      215721
      215769
      215779
      215836
      215857
      215879
