          78
         140
         170
         215
         217
         243
         275
         308
         320
         349
         413
         511
         523
         523
         581
         637
         668
         729
         764
         772
         865
         898
         918
         929
         997
        1027
        1033
        1085
        1120
        1158
        1224
        1231
        1264
        1278
        1351
        1413
        1418
        1478
        1503
        1572
        1643
        1708
        1771
        1821
        1918
        1953
        2027
        2116
        2125
        2172
        2240
        2278
        2351
        2385
        2467
        2524
        2533
        2611
        2640
        2688
        2763
        2824
        2853
        2934
        3009
        3090
        3131
        3165
        3244
        3338
        3429
        3443
        3503
        3571
        3655
        3723
        3768
        3844
        3852
        3929
        3988
        4086
        4131
        4132
        4222
        4258
        4260
        4268
        4303
        4331
        4377
        4388
        4473
        4544
        4573
        4576
        4630
        4682
        4712
        4794
        4822
        4856
        4884
        4918
        4984
        5054
        5084
        5086
        5131
        5172
        5218
        5244
        5301
        5308
        5383
        5478
        5551
        5610
        5670
        5693
        5781
        5873
        5895
        5970
        6017
        6106
        6149
        6242
        6260
        6348
        6360
        6408
        6506
        6580
        6677
        6765
        6847
        6917
        6997
        7071
        7168
        7263
        7295
        7337
        7393
        7470
        7476
        7495
        7512
        7515
        7612
        7645
        7728
        7776
        7848
        7930
        7981
        8044
        8137
        8206
        8296
        8347
        8411
        8474
        8532
        8631
        8711
        8767
        8772
        8863
        8906
        8916
        8962
        9055
        9064
        9087
        9089
        9154
        9242
        9311
        9344
        9428
        9475
        9569
        9574
        9634
        9634
        9645
        9654
        9688
        9735
        9832
        9873
        9959
       10037
       10073
       10151
       10160
       10207
       10222
       10319
       10320
       10404
       10475
       10481
       10540
       10562
       10629
       10685
       10768
       10784
       10823
       10918
       11014
       11109
       11206
       11263
       11314
       11378
       11467
       11525
       11574
       11650
       11676
       11685
       11770
       11804
       11844
       11934
       11993
       12085
       12161
       12195
       12237
       12279
       12354
       12371
       12432
       12474
       12490
       12505
       12576
       12639
       12703
       12734
       12783
       12878
       12913
       12959
       12993
       13056
       13060
       13110
       13110
       13162
       13172
       13223
       13312
       13328
       13418
       13503
       13557
       13585
       13652
       13665
       13691
       13721
       13747
       13816
       13853
       13903
       13992
       14039
       14109
       14146
       14212
       14221
       14221
       14246
       14334
       14392
       14466
       14473
       14483
       14576
       14611
       14621
       14691
       14725
       14816
       14889
       14960
       15038
       15075
       15120
       15148
       15191
       15218
       15307
       15402
       15402
       15493
       15528
       15624
       15651
       15728
       15788
       15858
       15949
       16029
       16105
       16114
       16204
       16257
       16322
       16378
       16455
       16479
       16534
       16587
       16655
       16745
       16799
       16891
       16988
       17034
       17130
       17186
       17272
       17282
       17352
       17400
       17430
       17430
       17463
       17543
       17543
       17613
       17681
       17734
       17788
       17882
       17915
       17980
       18059
       18082
       18085
       18098
       18193
       18249
       18298
       18318
       18394
       18434
       18436
       18503
       18571
       18636
       18669
       18750
       18844
       18904
       18992
       19030
       19079
       19165
       19210
       19226
       19233
       19292
       19358
       19442
       19458
       19464
       19540
       19542
       19556
       19599
       19645
       19652
       19748
       19808
       19885
       19952
       19985
       20022
       20094
       20175
       20261
       20326
       20386
       20445
       20540
       20556
       20562
       20596
       20637
       20709
       20778
       20781
       20820
       20866
       20931
       20952
       21000
       21066
       21125
       21198
       21269
       21283
       21351
       21438
       21470
       21511
       21570
       21586
       21668
       21740
       21823
       21834
       21873
       21874
       21964
       22015
       22041
       22127
       22206
       22245
       22327
       22368
       22436
       22511
       22598
       22656
       22729
       22766
       22809
       22854
       22890
       22943
       22952
       22967
       23043
       23060
       23110
       23150
       23211
       23274
       23328
       23361
       23368
       23436
       23463
       23529
       23603
       23617
       23663
       23712
       23803
       23848
       23851
       23899
       23919
       23928
       23995
       24029
       24041
       24047
       24099
       24148
       24190
       24214
       24282
       24322
       24353
       24383
       24433
       24483
       24507
       24593
       24688
       24769
       24830
       24860
       24860
       24950
       24999
       25033
       25109
       25151
       25235
       25293
       25360
       25445
       25483
       25578
       25587
       25680
       25710
       25748
       25836
       25868
       25911
       25916
       25947
       25959
       25985
       26033
       26071
       26114
       26154
       26165
       26220
       26264
       26309
       26382
       26406
       26469
       26535
       26613
       26668
       26706
       26782
       26821
       26892
       26955
       26988
       27047
       27124
       27182
       27248
       27266
       27302
       27319
       27394
       27464
       27467
       27537
       27594
       27619
       27700
       27770
       27843
       27920
       27983
       28062
       28116
       28193
       28243
       28320
       28347
       28378
       28432
       28514
       28553
       28581
       28649
       28649
       28701
       28706
       28759
       28796
       28816
       28905
       29000
       29056
       29108
       29152
       29155
       29248
       29285
       29376
       29436
       29502
       29570
       29633
       29711
       29724
       29762
       29828
       29885
       29966
       29987
       30079
       30103
       30145
       30167
       30189
       30234
       30299
       30340
       30365
       30391
       30415
       30445
       30493
       30589
       30656
       30690
       30745
       30786
       30849
       30935
       30970
       30971
       31018
       31020
       31065
       31147
       31167
       31172
       31216
       31271
       31328
       31369
       31411
       31482
       31542
       31565
       31614
       31693
       31729
       31787
       31851
       31853
       31857
       31924
       31957
       32050
       32140
       32159
       32248
       32337
       32422
       32436
       32527
       32527
       32527
       32544
       32560
       32578
       32637
       32641
       32736
       32821
       32911
       32984
       33075
       33136
       33180
       33220
       33317
       33337
       33360
       33362
       33430
       33497
       33516
       33567
       33648
       33735
       33750
       33779
       33804
       33807
       33863
       33905
       33984
       34013
       34110
       34167
       34191
       34237
       34253
       34276
       34295
       34350
       34408
       34410
       34486
       34535
       34561
       34596
       34663
       34759
       34794
       34838
       34912
       34954
       35023
       35091
       35095
       35152
       35218
       35222
       35321
       35383
       35455
       35499
       35589
       35679
       35687
       35776
       35784
       35827
       35843
       35869
       35877
       35877
       35955
       36007
       36095
       36115
       36120
       36155
       36175
       36243
       36312
       36362
       36369
       36378
       36474
       36572
       36629
       36686
       36688
       36712
       36786
       36816
       36863
       36959
       37030
       37047
       37133
       37195
       37229
       37255
       37305
       37387
       37432
       37517
       37540
       37618
       37637
       37669
       37696
       37748
       37819
       37882
       37931
       37960
       37977
       38029
       38034
       38045
       38124
       38128
       38136
       38141
       38221
       38240
       38274
       38308
       38385
       38451
       38533
       38602
       38631
       38689
       38706
       38753
       38833
       38932
       38955
       39052
       39121
       39167
       39169
       39174
       39227
       39260
       39273
       39355
       39361
       39418
       39506
       39592
       39659
       39669
       39669
       39698
       39705
       39756
       39799
       39846
       39905
       39924
       39968
       39987
       40070
       40168
       40240
       40246
       40288
       40294
       40380
       40436
       40526
       40570
       40661
       40671
       40765
       40854
       40923
       40964
       40991
       41002
       41016
       41063
       41125
       41199
       41263
       41315
       41370
       41372
       41434
       41447
       41464
       41490
       41492
       41560
       41637
       41736
       41825
       41877
       41917
       41999
       42030
       42107
       42142
       42191
       42231
       42330
       42406
       42455
       42534
       42597
       42676
       42712
       42763
       42847
       42910
       43007
       43043
       43120
       43122
       43165
       43251
       43260
       43275
       43295
       43298
       43305
       43381
       43471
       43533
       43557
       43598
       43692
       43763
       43808
       43861
       43881
       43924
       43978
       44031
       44127
       44199
       44231
       44315
       44343
       44407
       44469
       44524
       44563
       44644
       44734
       44794
       44868
       44926
       44933
       44970
       44993
       45006
       45088
       45114
       45147
       45176
       45226
       45289
       45334
       45359
       45385
       45404
       45490
       45556
       45563
       45584
       45591
       45630
       45676
       45733
       45808
       45874
       45874
       45965
       45974
       45974
       46019
       46064
       46090
       46117
       46118
       46154
       46206
       46219
       46260
       46303
       46334
       46407
       46474
       46520
       46608
       46640
       46689
       46780
       46795
       46826
       46833
       46863
       46910
       46998
       47040
       47138
       47202
       47276
       47284
       47321
       47371
       47383
       47434
       47447
       47513
       47514
       47611
       47632
       47730
       47809
       47901
       47971
       48004
       48087
       48093
       48137
       48217
       48218
       48245
       48274
       48337
       48395
       48422
       48444
       48459
       48507
       48572
       48611
       48625
       48681
       48761
       48822
       48865
       48915
       48929
       48979
       49043
       49133
       49198
       49292
       49353
       49403
       49403
       49459
       49538
       49602
       49672
       49755
       49843
       49937
       49986
       50080
       50113
       50200
       50236
       50238
       50253
       50341
       50424
       50446
       50493
       50542
       50630
       50639
       50714
       50774
       50825
       50836
       50892
       50909
       50986
       51000
       51062
       51091
       51186
       51235
       51244
       51257
       51282
       51282
       51327
       51337
       51355
       51382
       51461
       51551
       51606
       51658
       51659
       51691
       51756
       51812
       51862
       51866
       51873
       51968
       51980
       52036
       52045
       52062
       52118
       52137
       52142
       52206
       52249
       52300
       52376
       52433
       52531
       52540
       52560
       52608
       52691
       52783
       52846
       52896
       52995
       53033
       53111
       53141
       53179
       53250
       53307
       53313
       53361
       53435
       53497
       53563
       53619
       53646
       53728
       53814
       53870
       53943
       54006
       54054
       54091
       54098
       54146
       54240
       54271
       54299
       54361
       54370
       54456
       54517
       54573
       54577
       54612
       54615
       54707
       54801
       54849
       54881
       54894
       54989
       55007
       55100
       55173
       55210
       55249
       55274
       55347
       55380
       55449
       55468
       55561
       55607
       55655
       55670
       55728
       55818
       55823
       55912
       55980
       55990
       56027
       56102
       56200
       56265
       56327
       56403
       56492
       56565
       56589
       56622
       56686
       56695
       56722
       56734
       56781
       56852
       56920
       56925
       57004
       57037
       57038
       57076
       57086
       57164
       57185
       57257
       57345
       57418
       57432
       57436
       57474
       57475
       57569
       57649
       57671
       57757
       57831
       57858
       57914
       57956
       58051
       58087
       58162
       58165
       58244
       58291
       58349
       58437
       58502
       58571
       58615
       58708
       58717
       58750
       58754
       58830
       58913
       58919
       58967
       58987
       58995
       59082
       59173
       59226
       59263
       59326
       59355
       59401
       59476
       59533
       59599
       59622
       59624
       59624
       59678
       59734
       59775
       59844
       59908
       59977
       60069
       60144
       60207
       60261
       60351
       60357
       60364
       60395
       60490
       60536
       60598
       60695
       60696
       60789
       60820
       60877
       60954
       61052
       61136
       61164
       61209
       61294
       61323
       61386
       61456
       61514
       61606
       61682
       61688
       61743
       61760
       61819
       61902
       61965
       61993
       62013
       62112
       62169
       62240
       62304
       62335
       62424
       62449
       62522
       62550
       62573
       62611
       62655
       62702
       62801
       62832
       62844
       62941
       62991
       63012
       63064
       63110
       63143
       63202
       63242
       63323
       63333
       63354
       63444
       63520
       63542
       63596
       63689
       63706
       63775
       63812
       63888
       63979
       64007
       64012
       64108
       64125
       64160
       64232
       64330
       64424
       64472
       64530
       64587
       64588
       64652
       64678
       64771
       64834
       64886
       64886
       64893
       64949
       65003
       65005
       65063
       65084
       65094
       65102
       65173
       65203
       65218
       65294
       65326
       65400
       65407
       65491
       65522
       65553
       65590
       65659
       65748
       65818
       65830
       65924
       65999
       65999
       66022
       66114
       66147
       66213
       66240
       66315
       66333
       66403
       66487
       66538
       66627
       66706
       66738
       66793
       66812
       66849
       66913
       66940
       66996
       67090
       67153
       67160
       67164
       67234
       67234
       67333
       67385
       67431
       67524
       67608
       67683
       67781
       67854
       67867
       67956
       67996
       68019
       68031
       68060
       68099
       68197
       68268
       68358
       68419
       68448
       68520
       68533
       68626
       68653
       68710
       68806
       68813
       68856
       68871
       68940
       69017
       69079
       69133
       69158
       69164
       69221
       69253
       69291
       69349
       69397
       69468
       69493
       69580
       69658
       69705
       69764
       69798
       69886
       69928
       70025
       70104
       70140
       70174
       70243
       70316
       70361
       70414
       70466
       70533
       70535
       70555
       70587
       70629
       70694
       70772
       70862
       70942
       71012
       71041
       71139
       71156
       71226
       71258
       71292
       71338
       71409
       71501
       71547
       71582
       71594
       71634
       71672
       71748
       71815
       71845
       71863
       71952
       71995
       72067
       72083
       72148
       72211
       72290
       72359
       72445
       72526
       72541
       72568
       72637
       72681
       72720
       72814
       72874
       72889
       72938
       73030
       73071
       73072
       73159
       73243
       73274
       73354
       73385
       73398
       73487
       73509
       73607
       73660
       73697
       73716
       73790
       73827
       73860
       73934
       73940
       73976
       73990
       74074
       74142
       74191
       74277
       74294
       74324
       74340
       74355
       74436
       74511
       74575
       74604
       74609
       74638
       74685
       74749
       74810
       74849
       74888
       74930
       74986
       75000
       75092
       75180
       75258
       75330
       75392
       75399
       75471
       75497
       75500
       75527
       75612
       75613
       75682
       75690
       75737
       75820
       75899
       75913
       75963
       75981
       76029
       76050
       76081
       76118
       76203
       76254
       76301
       76310
       76395
       76420
       76475
       76567
       76664
       76745
       76757
       76811
       76888
       76913
       76999
       77096
       77099
       77140
       77179
       77202
       77213
       77254
       77308
       77364
       77438
       77469
       77472
       77530
       77602
       77611
       77660
       77754
       77787
       77859
       77949
       77976
       78040
       78127
       78187
       78191
       78288
       78358
       78394
       78426
       78457
       78521
       78567
       78658
       78720
       78754
       78850
       78882
       78923
       78990
       79072
       79087
       79113
       79201
       79221
       79226
       79314
       79369
       79393
       79414
       79512
       79588
       79618
       79672
       79739
       79751
       79839
       79877
       79902
       79965
       80008
       80026
       80094
       80188
       80213
       80259
       80296
       80385
       80437
       80470
       80515
       80595
       80641
       80652
       80693
       80743
       80840
       80898
       80902
       80993
       80995
       81074
       81169
       81205
       81299
       81337
       81405
       81446
       81513
       81576
       81605
       81640
       81651
       81718
       81795
       81802
       81858
       81877
       81975
       82027
       82099
       82144
       82228
       82306
       82309
       82353
       82409
       82424
       82442
       82521
       82569
       82655
       82750
       82842
       82877
       82926
       82980
       83040
       83044
       83085
       83163
       83191
       83269
       83301
       83308
       83373
       83420
       83480
       83546
       83556
       83631
       83652
       83675
       83679
       83742
       83818
       83827
       83844
       83901
       83967
       84029
       84029
       84065
       84101
       84127
       84184
       84213
       84222
       84272
       84336
       84357
       84443
       84520
       84599
       84629
       84637
       84667
       84716
       84754
       84814
       84888
       84899
       84977
       84995
       85087
       85145
       85187
       85235
       85301
       85368
       85444
       85534
       85582
       85614
       85691
       85788
       85868
       85917
       85945
       85999
       86081
       86171
       86186
       86232
       86260
       86339
       86361
       86418
       86510
       86520
       86619
       86681
       86732
       86786
       86860
       86918
       86994
       87027
       87056
       87095
       87164
       87228
       87272
       87320
       87376
       87428
       87453
       87530
       87553
       87588
       87686
       87784
       87805
       87822
       87858
       87887
       87900
       87956
       88037
       88112
       88136
       88211
       88252
       88340
       88365
       88392
       88452
       88511
       88607
       88692
       88763
       88852
       88894
       88897
       88944
       89017
       89053
       89113
       89125
       89137
       89175
       89247
       89286
       89376
       89388
       89412
       89419
       89451
       89460
       89522
       89575
       89627
       89647
       89698
       89738
       89836
       89894
       89927
       89984
       89992
       90068
       90119
       90188
       90284
       90285
       90362
       90362
       90362
       90445
       90524
       90559
       90562
       90619
       90671
       90725
       90822
       90907
       90989
       91048
       91063
       91136
       91154
       91186
       91267
       91307
       91380
       91437
       91497
       91509
       91548
       91605
       91611
       91627
       91642
       91692
       91774
       91801
       91897
       91954
       92002
       92062
       92136
       92190
       92235
       92285
       92341
       92437
       92517
       92554
       92622
       92691
       92754
       92827
       92905
       92923
       92985
       93050
       93126
       93148
       93193
       93203
       93266
       93280
       93374
       93440
       93510
       93519
       93562
       93598
       93649
       93695
       93742
       93793
       93834
       93844
       93896
       93922
       93999
       94037
       94095
       94176
       94209
       94234
       94279
       94378
       94414
       94499
       94515
       94595
       94606
       94622
       94663
       94689
       94700
       94783
       94878
       94911
       94943
       95028
       95061
       95101
       95141
       95186
       95253
       95282
       95369
       95380
       95382
       95481
       95494
       95564
       95594
       95668
       95750
       95822
       95879
       95891
       95956
       95998
       96005
       96064
       96085
       96096
       96158
       96238
       96275
       96276
       96280
       96326
       96339
       96421
       96462
       96519
       96567
       96604
       96667
       96749
       96843
       96874
       96964
       97003
       97095
       97188
       97197
       97253
       97311
       97347
       97376
       97458
       97474
       97545
       97630
       97631
       97643
       97698
       97701
       97782
       97785
       97855
       97889
       97958
       98025
       98085
       98142
       98240
       98311
       98312
       98394
       98396
       98453
       98480
       98553
       98617
       98626
       98704
       98794
       98822
       98865
       98894
       98935
       98961
       99036
       99099
       99105
       99133
       99206
       99242
       99310
       99345
       99373
       99386
       99477
       99573
       99644
       99647
       99687
       99718
       99728
       99826
       99881
       99898
       99986
      100012
      100056
      100155
      100234
      100288
      100375
      100430
      100453
      100468
      100525
      100588
      100653
      100659
      100669
      100703
      100768
      100848
      100859
      100945
      100980
      101056
      101096
      101164
      101176
      101270
      101285
      101341
      101361
      101443
      101515
      101600
      101614
      101616
      101664
      101716
      101763
      101802
      101897
      101915
      101953
      101985
      102001
      102057
      102130
      102133
      102146
      102212
      102215
      102258
      102340
      102394
      102472
      102521
      102575
      102591
      102607
      102672
      102672
      102738
      102796
      102808
      102897
      102938
      102966
      103005
      103012
      103033
      103070
      103152
      103173
      103182
      103247
      103285
      103375
      103465
      103465
      103522
      103590
      103650
      103698
      103732
      103744
      103761
      103845
      103911
      104004
      104071
      104169
      104236
      104278
      104309
      104339
      104432
      104515
      104568
      104666
      104675
      104737
      104816
      104864
      104935
      105004
      105070
      105142
      105153
      105160
      105239
      105247
      105311
      105349
      105427
      105469
      105485
      105520
      105556
      105604
      105655
      105734
      105790
      105851
      105878
      105919
      105974
      106008
      106056
      106130
      106169
      106209
      106244
      106323
      106394
      106431
      106506
      106548
      106638
      106737
      106793
      106806
      106905
      106916
      106948
      106952
      106960
      107051
      107138
      107159
      107252
      107270
      107318
      107338
      107380
      107387
      107406
      107413
      107495
      107520
      107591
      107673
      107682
      107779
      107830
      107885
      107929
      108011
      108020
      108070
      108072
      108090
      108093
      108192
      108242
      108323
      108336
      108336
      108409
      108503
      108509
      108581
      108584
      108591
      108680
      108726
      108737
      108816
      108816
      108909
      108983
      109039
      109074
      109082
      109109
      109129
      109150
      109153
      109182
      109199
      109213
      109246
      109327
      109391
      109398
      109438
      109528
      109537
      109568
      109655
      109671
      109700
      109738
      109804
      109857
      109941
      110039
      110101
      110121
      110207
      110242
      110295
      110304
      110365
      110369
      110385
      110390
      110414
      110506
      110579
      110678
      110713
      110713
      110794
      110820
      110843
      110886
      110887
      110919
      110957
      111014
      111051
      111122
      111152
      111224
      111297
      111379
      111402
      111480
      111532
      111543
      111627
      111701
      111745
      111770
      111848
      111885
      111972
      112055
      112057
      112121
      112176
      112192
      112267
      112344
      112406
      112494
      112563
      112635
      112708
      112751
      112833
      112918
      112965
      112967
      112980
      113013
      113070
      113126
      113184
      113227
      113263
      113308
      113388
      113394
      113415
      113482
      113575
      113642
      113672
      113700
      113732
      113734
      113826
      113836
      113933
      113977
      113978
      114014
      114110
      114135
      114234
      114266
      114352
      114380
      114478
      114564
      114589
      114656
      114723
      114817
      114853
      114949
      115027
      115076
      115108
      115192
      115266
      115296
      115323
      115397
      115441
      115458
      115521
      115571
      115624
      115670
      115688
      115762
      115810
      115817
      115880
      115969
      115974
      116024
      116103
      116112
      116206
      116210
      116214
      116278
      116306
      116343
      116400
      116445
      116506
      116596
      116682
      116756
      116798
      116873
      116901
      116908
      116998
      117086
      117157
      117199
      117234
      117310
      117409
      117458
      117462
      117465
      117553
      117558
      117566
      117632
      117705
      117763
      117775
      117843
      117914
      117955
      118038
      118050
      118082
      118122
      118136
      118145
      118242
      118321
      118332
      118430
      118503
      118570
      118639
      118734
      118779
      118859
      118900
      118922
      118967
      119045
      119126
      119192
      119260
      119276
      119276
      119347
      119397
      119407
      119421
      119490
      119569
      119601
      119608
      119642
      119719
      119757
      119834
      119905
      119971
      120024
      120097
      120170
      120239
      120252
      120312
      120319
      120399
      120489
      120497
      120554
      120571
      120608
      120608
      120681
      120768
      120826
      120912
      121005
      121072
      121101
      121112
      121121
      121185
      121263
      121309
      121310
      121398
      121496
      121530
      121610
      121670
      121692
      121734
      121745
      121844
      121932
      121990
      122057
      122064
      122144
      122152
      122233
      122300
      122336
      122342
      122343
      122431
      122494
      122592
      122679
      122735
      122775
      122852
      122860
      122917
      123005
      123053
      123101
      123148
      123233
      123289
      123324
      123346
      123383
      123467
      123546
      123590
      123615
      123702
      123766
      123802
      123866
      123896
      123917
      123931
      123986
      124038
      124070
      124131
      124175
      124193
      124245
      124271
      124331
      124410
      124473
      124548
      124607
      124693
      124701
      124773
      124872
      124910
      125006
      125071
      125105
      125138
      125142
      125181
      125252
      125327
      125372
      125442
      125500
      125560
      125566
      125643
      125699
      125780
      125856
      125904
      125939
      125970
      126033
      126036
      126121
      126166
      126251
      126316
      126381
      126448
      126538
      126628
      126698
      126777
      126851
      126914
      127004
      127074
      127118
      127140
      127189
      127262
      127333
      127338
      127435
      127517
      127542
      127618
      127710
      127771
      127800
      127804
      127871
      127967
      128001
      128056
      128072
      128093
      128108
      128180
      128239
      128244
      128327
      128372
      128455
      128491
      128554
      128643
      128742
      128829
      128889
      128905
      128945
      128983
      129037
      129113
      129140
      129165
      129180
      129204
      129261
      129313
      129400
      129487
      129570
      129592
      129671
      129699
      129714
      129772
      129831
      129844
      129936
      129953
      129987
      130073
      130114
      130146
      130210
      130300
      130343
      130355
      130448
      130487
      130576
      130590
      130679
      130695
      130722
      130806
      130840
      130852
      130951
      130974
      130998
      131076
      131126
      131197
      131245
      131270
      131274
      131345
      131412
      131478
      131556
      131651
      131651
      131742
      131815
      131900
      131944
      132003
      132056
      132131
      132158
      132228
      132289
      132342
      132394
      132407
      132488
      132556
      132595
      132660
      132701
      132745
      132807
      132881
      132925
      133007
      133061
      133113
      133137
      133137
      133221
      133239
      133244
      133305
      133335
      133392
      133399
      133430
      133493
      133546
      133564
      133621
      133640
      133654
      133752
      133792
      133878
      133901
      133949
      133973
      134015
      134064
      134122
      134153
      134224
      134301
      134342
      134432
      134451
      134469
      134539
      134563
      134637
      134716
      134718
      134739
      134802
      134858
      134873
      134917
      134929
      135001
      135029
      135102
      135185
      135197
      135244
      135265
      135354
      135447
      135505
      135597
      135651
      135749
      135783
      135859
      135880
      135952
      135985
      136016
      136088
      136131
      136216
      136312
      136346
      136352
      136392
      136434
      136518
      136572
      136595
      136666
      136742
      136833
      136852
      136917
      136990
      137022
      137112
      137134
      137152
      137199
      137236
      137245
      137313
      137364
      137448
      137546
      137638
      137703
      137793
      137857
      137953
      138019
      138111
      138131
      138168
      138208
      138304
      138319
      138381
      138403
      138457
      138459
      138534
      138565
      138631
      138637
      138701
      138734
      138759
      138821
      138885
      138891
      138928
      138950
      139023
      139043
      139057
      139121
      139129
      139154
      139177
      139180
      139250
      139261
      139316
      139332
      139371
      139456
      139495
      139590
      139604
      139689
      139690
      139714
      139790
      139821
      139824
      139842
      139860
      139883
      139928
      139991
      140025
      140052
      140068
      140160
      140175
      140234
      140297
      140318
      140361
      140412
      140427
      140521
      140537
      140587
      140636
      140667
      140690
      140749
      140791
      140843
      140923
      140974
      141062
      141085
      141183
      141276
      141301
      141379
      141448
      141490
      141498
      141586
      141683
      141692
      141697
      141706
      141730
      141800
      141899
      141978
      142001
      142080
      142123
      142186
      142272
      142344
      142407
      142500
      142592
      142670
      142743
      142817
      142866
      142952
      142956
      143038
      143108
      143167
      143224
      143276
      143353
      143419
      143497
      143587
      143592
      143635
      143733
      143812
      143813
      143832
      143837
      143905
      143928
      144000
      144032
      144042
      144101
      144128
      144215
      144297
      144338
      144350
      144425
      144481
      144509
      144528
      144605
      144655
      144656
      144676
      144709
      144762
      144765
      144820
      144916
      144951
      145020
      145028
      145039
      145094
      145145
      145183
      145231
      145279
      145321
      145417
      145434
      145517
      145522
      145610
      145664
      145689
      145781
      145825
      145898
      145929
      145967
      146062
      146068
      146098
      146184
      146221
      146279
      146345
      146435
      146494
      146564
      146622
      146707
      146762
      146833
      146897
      146900
      146988
      147070
      147099
      147132
      147175
      147232
      147276
      147337
      147406
      147453
      147468
      147513
      147597
      147656
      147709
      147785
      147845
      147933
      147999
      148011
      148051
      148051
      148113
      148206
      148249
      148298
      148387
      148454
      148492
      148590
      148616
      148684
      148758
      148780
      148861
      148934
      148954
      149001
      149098
      149139
      149180
      149250
      149270
      149337
      149355
      149434
      149468
      149524
      149600
      149653
      149661
      149695
      149775
      149776
      149828
      149905
      149949
      150003
      150045
      150050
      150103
      150122
      150135
      150192
      150211
      150285
      150289
      150382
      150408
      150439
      150475
      150554
      150621
      150632
      150701
      150758
      150855
      150905
      150976
      151039
      151115
      151159
      151175
      151240
      151259
      151313
      151388
      151442
      151452
      151545
      151640
      151656
      151697
      151765
      151798
      151881
      151936
      152033
      152066
      152117
      152170
      152268
      152321
      152344
      152367
      152465
      152523
      152531
      152536
      152629
      152650
      152680
      152747
      152788
      152869
      152963
      153052
      153124
      153221
      153257
      153286
      153376
      153445
      153453
      153520
      153590
      153644
      153735
      153812
      153877
      153917
      153925
      153953
      154027
      154095
      154194
      154281
      154365
      154462
      154470
      154560
      154560
      154567
      154568
      154620
      154714
      154729
      154826
      154870
      154923
      155017
      155068
      155107
      155178
      155202
      155273
      155352
      155354
      155424
      155426
      155451
      155478
      155494
      155527
      155560
      155659
      155663
      155702
      155800
      155851
      155877
      155937
      155978
      156003
      156053
      156093
      156111
      156124
      156136
      156187
      156225
      156252
      156322
      156400
      156466
      156555
      156651
      156735
      156815
      156913
      156972
      156972
      156975
      157020
      157106
      157127
      157130
      157221
      157281
      157296
      157336
      157362
      157382
      157417
      157516
      157563
      157645
      157673
      157686
      157735
      157782
      157786
      157840
      157851
      157878
      157923
      158018
      158071
      158084
      158151
      158211
      158286
      158292
      158350
      158428
      158452
      158540
      158557
      158652
      158687
      158733
      158763
      158843
      158931
      159026
      159031
      159117
      159202
      159286
      159292
      159358
      159422
      159456
      159552
      159564
      159616
      159633
      159644
      159716
      159730
      159736
      159783
      159867
      159868
      159871
      159934
      159981
      160009
      160052
      160062
      160139
      160198
      160274
      160356
      160370
      160427
      160475
      160497
      160577
      160645
      160649
      160666
      160694
      160778
      160788
      160800
      160843
      160880
      160954
      160973
      161006
      161064
      161105
      161166
      161252
      161289
      161358
      161387
      161410
      161424
      161448
      161454
      161455
      161486
      161508
      161603
      161631
      161709
      161763
      161782
      161793
      161805
      161810
      161898
      161959
      161985
      162054
      162085
      162096
      162165
      162223
      162271
      162289
      162354
      162423
      162475
      162482
      162554
      162627
      162697
      162747
      162750
      162785
      162785
      162826
      162830
      162871
      162871
      162907
      162963
      162985
      163034
      163082
      163095
      163185
      163188
      163237
      163318
      163403
      163483
      163499
      163509
      163572
      163591
      163647
      163694
      163765
      163858
      163878
      163964
      164048
      164124
      164200
      164249
      164322
      164372
      164385
      164396
      164478
      164539
      164575
      164639
      164693
      164708
      164728
      164741
      164824
      164905
      164998
      165082
      165143
      165172
      165229
      165314
      165387
      165439
      165452
      165475
      165549
      165582
      165648
      165658
      165721
      165746
      165773
      165796
      165796
      165852
      165933
      166010
      166077
      166110
      166158
      166254
      166337
      166403
      166418
      166425
      166498
      166596
      166641
      166644
      166730
      166781
      166818
      166907
      166973
      166973
      167042
      167132
      167202
      167245
      167332
      167421
      167501
      167577
      167578
      167582
      167672
      167682
      167728
      167812
      167812
      167908
      167974
      167977
      167978
      168040
      168111
      168164
      168189
      168225
      168245
      168273
      168301
      168387
      168439
      168440
      168447
      168449
      168525
      168602
      168621
      168643
      168645
      168734
      168809
      168865
      168879
      168917
      168979
      168985
      169056
      169094
      169121
      169130
      169203
      169250
      169289
      169353
      169361
      169373
      169400
      169431
      169432
      169478
      169528
      169538
      169546
      169635
      169712
      169765
      169785
      169841
      169933
      169935
      170030
      170041
      170133
      170202
      170228
      170247
      170269
      170290
      170367
      170389
      170464
      170551
      170574
      170584
      170642
      170645
      170702
      170799
      170810
      170901
      170913
      170950
      170950
      171016
      171071
      171169
      171237
      171314
      171370
      171377
      171444
      171464
      171493
      171509
      171587
      171686
      171729
      171746
      171772
      171833
      171882
      171960
      171960
      171991
      172004
      172034
      172059
      172110
      172164
      172252
      172255
      172265
      172364
      172394
      172490
      172525
      172579
      172641
      172730
      172781
      172781
      172844
      172925
      173014
      173105
      173137
      173177
      173189
      173288
      173325
      173352
      173356
      173415
      173434
      173461
      173497
      173505
      173567
      173577
      173668
      173685
      173732
      173768
      173824
      173883
      173903
      173946
      173961
      173972
      174059
      174082
      174157
      174245
      174272
      174296
      174348
      174445
      174484
      174559
      174563
      174578
      174583
      174657
      174670
      174756
      174816
      174901
      174942
      175002
      175057
      175065
      175123
      175126
      175145
      175214
      175280
      175355
      175388
      175445
      175488
      175556
      175646
      175730
      175790
      175818
      175849
      175936
      176016
      176058
      176155
      176236
      176266
      176359
      176403
      176485
      176535
      176567
      176664
      176711
      176777
      176804
      176813
      176900
      176915
      176916
      176992
      177045
      177046
      177138
      177230
      177271
      177352
      177374
      177381
      177466
      177551
      177626
      177717
      177772
      177778
      177792
      177814
      177852
      177925
      178012
      178091
      178137
      178199
      178212
      178265
      178344
      178350
      178358
      178389
      178392
      178491
      178532
      178564
      178613
      178690
      178732
      178758
      178822
      178834
      178874
      178916
      178946
      179005
      179063
      179107
      179142
      179207
      179267
      179360
      179387
      179401
      179448
      179473
      179526
      179612
      179614
      179634
      179729
      179733
      179771
      179784
      179810
      179830
      179912
      179999
      180021
      180092
      180116
      180210
      180239
      180335
      180344
      180387
      180448
      180512
      180556
      180612
      180659
      180741
      180741
      180817
      180897
      180951
      180993
      181024
      181046
      181142
      181151
      181211
      181289
      181376
      181387
      181464
      181513
      181536
      181620
      181654
      181667
      181744
      181771
      181801
      181898
      181963
      181987
      181992
      182030
      182113
      182128
      182132
      182159
      182225
      182264
      182328
      182373
      182465
      182560
      182590
      182685
      182721
      182750
      182840
      182894
      182951
      183040
      183114
      183149
      183230
      183314
      183330
      183360
      183404
      183495
      183531
      183568
      183632
      183633
      183650
      183732
      183736
      183751
      183799
      183813
      183905
      183910
      183930
      184004
      184045
      184126
      184172
      184266
      184310
      184354
      184369
      184468
      184489
      184535
      184592
      184686
      184756
      184834
      184864
      184913
      184960
      184967
      185024
      185035
      185071
      185167
      185186
      185281
      185319
      185391
      185412
      185466
      185553
      185608
      185656
      185679
      185746
      185843
      185858
      185867
      185897
      185967
      186033
      186043
      186141
      186192
      186272
      186360
      186385
      186481
      186536
      186561
      186619
      186685
      186723
      186758
      186833
      186892
      186906
      186997
      187025
      187079
      187098
      187100
      187173
      187219
      187250
      187308
      187325
      187348
      187417
      187449
      187470
      187527
      187617
      187700
      187717
      187733
      187736
      187759
      187805
      187885
      187931
      188011
      188058
      188101
      188172
      188185
      188206
      188232
      188282
      188376
      188451
      188491
      188580
      188644
      188660
      188742
      188771
      188855
      188936
      188957
      188960
      189025
      189079
      189174
      189213
      189299
      189322
      189388
      189458
      189526
      189567
      189644
      189655
      189753
      189788
      189800
      189802
      189884
      189903
      189956
      190054
      190067
      190082
      190102
      190116
      190134
      190227
      190271
      190299
      190383
      190422
      190511
      190566
      190653
      190656
      190743
      190772
      190853
      190935
      190991
      191009
      191093
      191159
      191203
      191212
      191238
      191267
      191327
      191418
      191433
      191493
      191501
      191508
      191586
      191589
      191645
      191706
      191801
      191844
      191918
      191932
      191963
      191994
      192091
      192140
      192206
      192211
      192236
      192253
      192287
      192363
      192370
      192410
      192481
      192528
      192599
      192601
      192618
      192620
      192692
      192706
      192751
      192844
      192872
      192914
      192983
      193042
      193139
      193198
      193293
      193389
      193396
      193459
      193555
      193642
      193695
      193789
      193848
      193936
      194003
      194075
      194102
      194189
      194283
      194378
      194444
      194486
      194560
      194585
      194678
      194765
      194765
      194820
      194874
      194931
      194979
      195049
      195099
      195165
      195212
      195213
      195238
      195280
      195334
      195384
      195455
      195485
      195490
      195511
      195565
      195576
      195586
      195685
      195716
      195775
      195860
      195916
      195976
      196050
      196088
      196170
      196194
      196291
      196369
      196433
      196497
      196555
      196637
      196701
      196795
      196817
      196853
      196927
      197013
      197099
      197198
      197252
      197258
      197347
      197364
      197408
      197417
      197474
      197548
      197608
      197698
      197757
      197841
      197845
      197852
      197858
      197900
      197903
      197945
      197956
      198045
      198099
      198179
      198267
      198286
      198291
      198339
      198349
      198373
      198409
      198459
      198483
      198563
      198625
      198647
      198712
      198786
      198873
      198971
      199070
      199115
      199200
      199204
      199218
      199293
      199335
      199337
      199435
      199443
      199498
      199521
      199528
      199600
      199667
      199671
      199744
      199833
      199928
      199965
      200000
      200049
      200141
      200176
      200209
      200215
      200292
      200322
      200411
      200507
      200568
      200571
      200605
      200616
      200645
      200694
      200737
      200784
      200869
      200925
      200959
      201006
      201043
      201109
      201191
      201220
      201227
      201269
      201322
      201354
      201387
      201454
      201528
      201625
      201637
      201643
      201707
      201717
      201757
      201796
      201844
      201928
      201945
      202003
      202063
      202084
      202087
      202121
      202142
      202145
      202194
      202260
      202345
      202362
      202436
      202520
      202531
      202578
      202654
      202742
      202813
      202867
      202945
      202973
      203072
      203080
      203160
      203250
      203322
      203411
      203436
      203493
      203590
      203626
      203651
      203687
      203749
      203761
      203781
      203788
      203870
      203940
      203978
      204071
      204134
      204134
      204187
      204235
      204312
      204360
      204375
      204431
      204472
      204553
      204647
      204705
      204724
      204816
      204864
      204942
      204963
      204965
      205028
      205079
      205139
      205153
      205217
      205243
      205332
      205364
      205380
      205476
      205494
      205523
      205574
      205639
      205671
      205716
      205721
      205773
      205870
      205883
      205894
      205924
      205939
      205968
      206002
      206083
      206144
      206224
      206276
      206338
      206368
      206427
      206446
      206454
      206505
      206517
      206522
      206548
      206641
      206682
      206684
      206754
      206812
      206884
      206947
      206992
      207039
      207074
      207138
      207196
      207289
      207311
      207379
      207449
      207455
      207469
      207564
      207653
      207739
      207787
      207837
      207918
      207936
      207994
      208030
      208074
      208131
      208210
      208251
      208256
      208355
      208391
      208412
      208478
      208570
      208618
      208717
      208786
      208831
      208909
      208922
      208936
      208964
      208974
      209002
      209013
      209085
      209153
      209176
      209217
      209299
      209352
      209400
      209463
      209524
      209557
      209633
      209666
      209677
      209773
      209851
      209902
      209946
      210013
      210089
      210180
      210202
      210244
      210283
      210285
      210308
      210317
      210334
      210428
      210486
      210558
      210640
      210725
      210730
      210799
      210846
      210847
      210903
      210984
      211022
      211045
      211054
      211118
      211199
      211211
      211231
      211276
      211299
      211313
      211320
      211340
      211387
      211430
      211433
      211480
      211522
      211522
      211572
      211617
      211658
      211752
      211848
      211893
      211913
      211987
      211993
      212029
      212079
      212144
      212200
      212218
      212278
      212341
      212430
      212505
      212521
      212602
      212654
      212683
      212718
      212728
      212795
      212882
      212959
      213043
      213087
      213094
      213174
      213273
      213353
      213408
      213472
      213537
      213577
      213634
      213721
      213769
      213868
      213933
      213971
      214001
      214002
      214055
      214112
      214142
      214181
      214195
      214270
      214283
      214354
      214444
      214501
      214524
      214561
      214570
      214669
      214715
      214773
      214859
      214919
      214964
      215006
      215091
      215178
      215274
      215332
      215379
      215440
      215533
      215599
      215625
      215630
      215723
      215732
      215778
      215824
      215885
      215936
      215965
      216030
      216093
      216126
      216222
      216270
      216292
      216367
      216438
      216491
      216503
      216534
      216632
      216718
      216731
      216736
      216761
      216841
      216939
      216987
      217071
      217128
      217142
      217189
      217235
      217269
      217286
      217309
      217340
      217430
      217435
      217488
      217564
      217583
      217603
      217665
      217753
      217793
      217856
      217871
      217874
      217927
      217986
      218054
      218094
      218114
      218201
      218219
      218247
      218341
      218352
      218403
      218483
      218563
      218612
      218627
      218704
      218757
      218791
      218827
      218832
      218836
      218898
      218905
      218905
      218943
      218986
      219048
      219136
      219220
      219264
      219313
      219345
      219441
      219527
      219567
      219567
      219661
      219753
      219766
      219819
      219825
      219844
      219882
      219889
      219916
      219935
      219938
      220025
      220073
      220135
      220215
      220283
      220365
      220445
      220472
      220504
      220572
      220641
      220700
      220773
      220845
      220912
      220959
      220965
      221009
      221031
      221100
      221159
      221249
      221313
      221402
      221422
      221429
      221458
      221477
      221479
      221521
      221579
      221636
      221668
      221708
      221780
      221879
      221953
      222021
      222062
      222081
      222085
      222151
      222206
      222275
      222278
      222294
      222382
      222386
      222446
      222457
      222525
      222564
      222570
      222641
      222730
      222770
      222836
      222925
      222950
      223045
      223065
      223102
      223177
      223220
      223279
      223366
      223439
      223494
      223495
      223556
      223644
      223697
      223713
      223781
      223782
      223789
      223886
      223946
      223983
      224036
      224041
      224066
      224109
      224160
      224235
      224314
      224380
      224382
      224469
      224556
      224606
      224641
      224678
      224701
      224745
      224764
      224859
      224911
      224984
      225033
      225129
      225199
      225232
      225298
      225376
      225417
      225496
      225578
      225663
      225747
      225784
      225810
      225817
      225889
      225955
      226013
      226025
      226055
      226109
      226204
      226288
      226294
      226358
      226437
      226506
      226596
      226658
      226693
      226786
      226788
      226856
      226856
      226898
      226942
      226947
      227004
      227045
      227085
      227119
      227191
      227278
      227364
      227364
      227367
      227452
      227516
      227537
      227548
      227638
      227662
      227758
      227840
      227902
      227997
      228008
      228067
      228127
      228218
      228231
      228306
      228376
      228459
      228481
      228523
      228620
      228622
      228720
      228723
      228762
      228776
      228796
      228857
      228911
      228956
      229012
      229045
      229135
      229150
      229172
      229245
      229324
      229404
      229434
      229492
      229590
      229614
      229676
      229700
      229742
      229798
      229841
      229885
      229885
      229936
      229963
      230043
      230056
      230106
      230180
      230209
      230244
      230300
      230300
      230365
      230419
      230487
      230581
      230591
      230600
      230632
      230676
      230745
      230791
      230796
      230851
      230948
      231030
      231083
      231104
      231175
      231213
      231302
      231332
      231337
      231361
      231392
      231485
      231583
      231666
      231763
      231763
      231828
      231828
      231850
      231880
      231950
      231963
      231976
      232052
      232088
      232142
      232176
      232244
      232246
      232316
      232385
      232425
      232475
      232571
      232643
      232706
      232785
      232790
      232863
      232933
      233023
      233041
      233096
      233138
      233148
      233187
      233279
      233295
      233387
      233445
      233447
      233527
      233552
      233611
      233651
      233739
      233777
      233827
      233901
      233913
      233986
      234060
      234139
      234194
      234286
      234378
      234388
      234411
      234476
      234528
      234607
      234674
      234714
      234791
      234856
      234909
      234924
      234977
      235002
      235058
      235097
      235136
      235194
      235196
      235268
      235329
      235413
      235421
      235511
      235582
      235650
      235712
      235733
      235811
      235823
      235833
      235836
      235885
      235908
      235962
      235994
      236086
      236164
      236245
      236268
      236308
      236404
      236443
      236443
      236492
      236528
      236570
      236610
      236686
      236697
      236738
      236821
      236910
      236919
      236954
      237047
      237067
      237148
      237216
      237271
      237359
      237455
      237545
      237634
      237667
      237691
      237789
      237884
      237887
      237926
      237962
      238016
      238026
      238035
      238088
      238125
      238182
      238211
      238218
      238233
      238292
      238339
      238349
      238396
      238422
      238518
      238604
      238677
      238771
      238812
      238826
      238888
      238921
      239003
      239054
      239054
      239055
      239107
      239136
      239197
      239270
      239315
      239407
      239431
      239511
      239524
      239602
      239606
      239625
      239719
      239787
      239884
      239886
      239953
      240042
      240085
      240120
      240135
      240156
      240209
      240263
      240265
      240328
      240375
      240440
      240470
      240565
      240653
      240672
      240700
      240752
      240802
      240850
      240903
      240930
      240994
      241061
      241148
      241227
      241251
      241275
      241280
      241280
      241311
      241361
      241426
      241434
      241449
      241454
      241454
      241543
      241625
      241654
      241680
      241743
      241774
      241845
      241902
      241947
      241982
      242069
      242122
      242210
      242290
      242303
      242348
      242368
      242370
      242418
      242425
      242491
      242509
      242556
      242587
      242657
      242711
      242717
      242801
      242811
      242882
      242941
      243028
      243089
      243112
      243170
      243237
      243275
      243288
      243343
      243410
      243487
      243541
      243633
      243654
      243753
      243769
      243846
      243943
      244000
      244021
      244099
      244194
      244209
      244224
      244229
      244304
      244381
      244445
      244484
      244565
      244626
      244689
      244744
      244779
      244807
      244814
      244865
      244954
      244971
      245035
      245065
      245145
      245201
      245229
      245229
      245322
      245364
      245383
      245433
      245480
      245505
      245588
      245657
      245688
      245770
      245819
      245865
      245915
      246002
      246061
      246143
      246237
      246290
      246389
      246484
      246544
      246566
      246663
      246755
      246796
      246882
      246899
      246906
      246924
      246970
      247047
      247115
      247146
      247173
      247214
      247234
      247292
      247380
      247398
      247488
      247558
      247654
      247749
      247750
      247772
      247776
      247783
      247869
      247903
      247961
      248025
      248030
      248074
      248159
      248235
      248325
      248399
      248434
      248478
      248543
      248552
      248640
      248716
      248803
      248877
      248879
      248891
      248981
      249062
      249132
      249140
      249204
      249301
      249315
      249362
      249455
      249489
      249522
      249588
      249648
      249654
      249709
      249717
      249734
      249777
      249810
      249864
      249874
      249889
      249985
      250062
      250140
      250204
      250266
      250336
      250366
      250382
      250452
      250537
      250613
      250686
      250710
      250764
      250821
      250875
      250966
      251038
      251131
      251138
      251138
      251183
      251201
      251213
      251301
      251396
      251482
      251511
      251556
      251622
      251721
      251723
      251790
      251823
      251844
      251893
      251909
      251986
      252023
      252058
      252103
      252175
      252246
      252337
      252337
      252344
      252403
      252461
      252503
      252593
      252674
      252679
      252757
      252802
      252900
      252901
      252924
      252926
      252935
      252957
      253021
      253102
      253183
      253246
      253281
      253319
      253355
      253366
      253447
      253541
      253592
      253673
      253712
      253716
      253752
      253839
      253900
      253997
      253997
      254059
      254151
      254235
      254259
      254293
      254340
      254431
      254455
      254459
      254461
      254519
      254545
      254565
      254606
      254671
      254728
      254734
      254799
      254851
      254920
      255003
      255017
      255067
      255074
      255133
      255144
      255147
      255210
      255304
      255398
      255453
      255533
      255596
      255630
      255652
      255705
      255709
      255737
      255832
      255845
      255857
      255935
      256016
      256110
      256138
      256173
      256250
      256310
      256380
      256406
      256439
      256464
      256478
      256503
      256542
      256604
      256644
      256737
      256767
      256819
      256873
      256916
      256961
      256990
      257066
      257081
      257092
      257102
      257108
      257144
      257231
      257299
      257379
      257432
      257505
      257570
      257583
      257680
      257738
      257802
      257848
      257866
      257938
      257997
      258017
      258023
      258058
      258144
      258163
      258173
      258245
      258305
      258379
      258395
      258490
      258492
      258581
      258593
      258673
      258757
      258816
      258856
      258913
      258978
      259039
      259077
      259120
      259195
      259262
      259349
      259410
      259464
      259477
      259545
      259624
      259649
      259668
      259697
      259758
      259779
      259823
      259869
      259915
      259955
      260043
      260131
      260174
      260255
      260345
      260391
      260418
      260475
      260570
      260614
      260622
      260717
      260781
      260810
      260903
      260992
      260994
      261077
      261113
      261152
      261196
      261269
      261337
      261385
      261440
      261454
      261455
      261475
      261498
      261563
      261648
      261716
      261738
      261771
      261855
      261897
      261898
      261994
      262007
      262041
      262113
      262141
      262147
      262159
      262190
      262279
      262309
      262351
      262367
      262428
      262468
      262555
