          58
          62
          71
         121
         168
         250
         264
         292
         294
         334
         360
         369
         385
         475
         478
         562
         584
         610
         647
         654
         703
         705
         752
         766
         836
         844
         911
         949
         972
        1006
        1031
        1103
        1198
        1214
        1261
        1313
        1388
        1396
        1451
        1518
        1554
        1647
        1727
        1776
        1811
        1887
        1931
        2023
        2082
        2140
        2192
        2265
        2349
        2375
        2383
        2390
        2413
        2483
        2549
        2554
        2609
        2708
        2721
        2748
        2786
        2876
        2943
        3002
        3027
        3035
        3132
        3148
        3180
        3238
        3277
        3296
        3307
        3339
        3355
        3434
        3445
        3455
        3514
        3526
        3603
        3641
        3728
        3784
        3862
        3899
        3963
        4060
        4153
        4223
        4296
        4368
        4463
        4516
        4571
        4599
        4651
        4711
        4802
        4857
        4907
        5006
        5023
        5042
        5087
        5141
        5169
        5261
        5273
        5300
        5306
        5370
        5380
        5405
        5448
        5509
        5572
        5633
        5677
        5712
        5767
        5779
        5851
        5918
        5946
        6009
        6013
        6093
        6115
        6178
        6271
        6296
        6354
        6383
        6467
        6531
        6555
        6648
        6741
        6797
        6818
        6831
        6918
        6953
        6982
        7000
        7016
        7026
        7064
        7078
        7085
        7128
        7222
        7260
        7357
        7430
        7497
        7565
        7615
        7709
        7806
        7813
        7849
        7871
        7968
        8044
        8132
        8182
        8215
        8308
        8355
        8399
        8469
        8538
        8557
        8652
        8678
        8692
        8789
        8883
        8920
        9010
        9046
        9087
        9103
        9179
        9250
        9255
        9324
        9394
        9476
        9568
        9621
        9651
        9734
        9739
        9751
        9768
        9852
        9942
        9981
       10046
       10098
       10166
       10199
       10283
       10359
       10362
       10428
       10437
       10522
       10569
       10609
       10613
       10619
       10644
       10689
       10776
       10794
       10835
       10849
       10879
       10942
       10994
       10995
       11026
       11045
       11055
       11109
       11171
       11217
       11224
       11236
       11318
       11347
       11374
       11391
       11481
       11549
       11617
       11716
       11774
       11856
       11949
       12041
       12134
       12153
       12197
       12273
       12286
       12303
       12322
       12325
       12406
       12493
       12521
       12587
       12686
       12733
       12812
       12895
       12969
       12999
       13021
       13066
       13092
       13166
       13257
       13272
       13298
       13336
       13361
       13368
       13426
       13482
       13492
       13515
       13525
       13618
       13626
       13691
       13743
       13773
       13835
       13892
       13945
       14011
       14087
       14105
       14131
       14208
       14282
       14373
       14386
       14481
       14510
       14546
       14554
       14629
       14649
       14660
       14729
       14753
       14816
       14867
       14885
       14898
       14957
       14990
       15016
       15035
       15076
       15159
       15166
       15226
       15269
       15292
       15297
       15316
       15367
       15438
       15501
       15508
       15535
       15606
       15651
       15716
       15758
       15765
       15819
       15895
       15913
       16008
       16084
       16101
       16197
       16285
       16370
       16398
       16446
       16485
       16562
       16660
       16693
       16756
       16773
       16800
       16877
       16877
       16960
       16995
       17051
       17122
       17152
       17201
       17246
       17250
       17301
       17349
       17428
       17429
       17520
       17545
       17547
       17600
       17693
       17771
       17778
       17792
       17879
       17915
       17960
       18037
       18048
       18063
       18073
       18148
       18149
       18202
       18235
       18289
       18291
       18347
       18386
       18403
       18439
       18451
       18477
       18546
       18593
       18671
       18692
       18761
       18776
       18839
       18936
       18984
       19075
       19099
       19179
       19182
       19281
       19281
       19295
       19314
       19396
       19487
       19489
       19557
       19615
       19714
       19768
       19810
       19876
       19911
       19934
       19972
       19989
       20056
       20113
       20205
       20255
       20344
       20392
       20411
       20505
       20550
       20591
       20594
       20612
       20708
       20758
       20794
       20820
       20856
       20873
       20886
       20919
       20994
       21056
       21128
       21139
       21237
       21244
       21293
       21358
       21417
       21448
       21479
       21533
       21551
       21554
       21560
       21571
       21597
       21622
       21671
       21736
       21814
       21864
       21920
       21977
       22041
       22137
       22145
       22193
       22218
       22286
       22349
       22362
       22374
       22433
       22488
       22571
       22638
       22731
       22810
       22885
       22944
       23033
       23057
       23084
       23156
       23205
       23205
       23245
       23337
       23345
       23424
       23503
       23568
       23644
       23715
       23806
       23905
       23982
       24002
       24025
       24124
       24168
       24231
       24323
       24345
       24353
       24417
       24468
       24564
       24584
       24662
       24759
       24808
       24850
       24888
       24899
       24973
       25035
       25040
       25050
       25059
       25153
       25169
       25188
       25241
       25243
       25341
       25387
       25410
       25441
       25442
       25497
       25520
       25521
       25590
       25602
       25612
       25643
       25704
       25705
       25794
       25848
       25858
       25919
       25967
       25971
       26017
       26101
       26169
       26205
       26273
       26340
       26422
       26443
       26510
       26572
       26622
       26677
       26683
       26689
       26760
       26859
       26880
       26881
       26961
       27009
       27094
       27141
       27230
       27328
       27371
       27393
       27473
       27527
       27533
       27545
       27636
       27724
       27774
       27838
       27893
       27953
       27967
       28021
       28058
       28092
       28118
       28147
       28227
       28299
       28332
       28419
       28507
       28546
       28598
       28654
       28711
       28798
       28877
       28954
       28982
       29064
       29158
       29159
       29167
       29224
       29244
       29314
       29408
       29415
       29462
       29508
       29570
       29620
       29711
       29724
       29804
       29815
       29903
       29988
       30032
       30069
       30104
       30200
       30293
       30368
       30436
       30494
       30589
       30683
       30737
       30832
       30880
       30919
       31008
       31094
       31115
       31204
       31280
       31316
       31405
       31429
       31463
       31542
       31586
       31600
       31625
       31677
       31761
       31825
       31906
       32004
       32088
       32135
       32140
       32205
       32299
       32338
       32410
       32509
       32591
       32662
       32696
       32769
       32782
       32852
       32890
       32987
       33018
       33079
       33094
       33186
       33242
       33321
       33401
       33430
       33481
       33501
       33562
       33642
       33725
       33813
       33889
       33927
       33934
       34016
       34085
       34088
       34160
       34173
       34268
       34309
       34391
       34410
       34455
       34477
       34529
       34536
       34593
       34665
       34688
       34728
       34821
       34911
       34980
       35059
       35091
       35133
       35162
       35207
       35221
       35243
       35336
       35424
       35456
       35499
       35596
       35609
       35627
       35683
       35778
       35867
       35958
       36052
       36120
       36120
       36126
       36222
       36318
       36403
       36405
       36503
       36524
       36574
       36643
       36711
       36728
       36774
       36842
       36871
       36896
       36912
       36988
       37027
       37105
       37183
       37245
       37256
       37270
       37326
       37337
       37410
       37422
       37506
       37511
       37582
       37620
       37639
       37666
       37699
       37782
       37876
       37920
       37993
       38052
       38052
       38071
       38078
       38116
       38133
       38136
       38179
       38246
       38249
       38252
       38317
       38375
       38434
       38487
       38507
       38595
       38605
       38667
       38697
       38713
       38726
       38741
       38791
       38801
       38878
       38899
       38971
       39062
       39083
       39102
       39178
       39273
       39332
       39367
       39456
       39547
       39608
       39612
       39636
       39679
       39712
       39786
       39850
       39888
       39956
       39962
       40014
       40080
       40177
       40268
       40280
       40319
       40333
       40406
       40440
       40485
       40578
       40607
       40628
       40650
       40663
       40734
       40781
       40808
       40878
       40894
       40950
       40991
       41070
       41132
       41216
       41283
       41300
       41311
       41377
       41434
       41495
       41574
       41617
       41631
       41723
       41819
       41839
       41920
       41982
       42045
       42118
       42186
       42240
       42247
       42325
       42376
       42376
       42475
       42500
       42501
       42581
       42657
       42739
       42773
       42852
       42899
       42993
       43070
       43151
       43190
       43190
       43210
       43256
       43303
       43400
       43461
       43463
       43503
       43517
       43520
       43574
       43606
       43654
       43654
       43665
       43709
       43734
       43823
       43908
       44001
       44068
       44094
       44141
       44187
       44262
       44306
       44342
       44404
       44462
       44479
       44565
       44588
       44654
       44690
       44699
       44710
       44758
       44835
       44845
       44890
       44897
       44926
       44933
       45026
       45090
       45118
       45189
       45239
       45304
       45382
       45456
       45521
       45530
       45537
       45546
       45568
       45576
       45656
       45730
       45745
       45771
       45780
       45865
       45900
       45984
       45993
       46034
       46072
       46169
       46267
       46281
       46357
       46378
       46386
       46430
       46438
       46492
       46531
       46599
       46697
       46739
       46812
       46893
       46965
       47051
       47120
       47149
       47166
       47261
       47310
       47374
       47415
       47489
       47580
       47587
       47676
       47700
       47746
       47825
       47906
       47976
       48008
       48101
       48123
       48167
       48213
       48309
       48383
       48390
       48419
       48508
       48578
       48582
       48624
       48645
       48696
       48704
       48799
       48862
       48937
       49032
       49113
       49142
       49205
       49263
       49351
       49444
       49460
       49559
       49643
       49686
       49719
       49784
       49788
       49883
       49945
       50010
       50046
       50078
       50106
       50119
       50166
       50242
       50242
       50250
       50251
       50321
       50323
       50405
       50451
       50479
       50542
       50548
       50564
       50574
       50629
       50685
       50697
       50700
       50760
       50764
       50857
       50883
       50905
       50997
       51081
       51105
       51170
       51170
       51257
       51317
       51380
       51455
       51463
       51545
       51564
       51582
       51617
       51709
       51783
       51833
       51918
       51971
       51978
       52034
       52042
       52111
       52126
       52220
       52226
       52234
       52291
       52325
       52424
       52516
       52576
       52622
       52686
       52772
       52816
       52847
       52932
       53015
       53064
       53128
       53192
       53244
       53287
       53348
       53419
       53499
       53534
       53578
       53595
       53636
       53675
       53739
       53788
       53803
       53822
       53871
       53952
       53989
       54019
       54047
       54108
       54112
       54210
       54269
       54278
       54291
       54295
       54316
       54320
       54376
       54399
       54446
       54475
       54501
       54559
       54622
       54699
       54788
       54790
       54861
       54902
       54984
       55054
       55150
       55224
       55235
       55244
       55294
       55311
       55385
       55385
       55405
       55475
       55568
       55570
       55584
       55615
       55688
       55727
       55797
       55829
       55857
       55899
       55960
       56036
       56104
       56135
       56201
       56211
       56253
       56310
       56396
       56447
       56497
       56596
       56616
       56700
       56759
       56833
       56892
       56952
       56957
       57055
       57123
       57168
       57255
       57318
       57406
       57412
       57495
       57566
       57621
       57658
       57673
       57718
       57817
       57900
       57964
       58027
       58072
       58157
       58253
       58321
       58333
       58385
       58450
       58533
       58584
       58642
       58662
       58680
       58722
       58764
       58834
       58932
       58976
       59011
       59039
       59133
       59207
       59306
       59340
       59372
       59404
       59405
       59496
       59588
       59600
       59694
       59765
       59779
       59830
       59898
       59953
       60034
       60042
       60114
       60132
       60228
       60294
       60371
       60444
       60513
       60589
       60685
       60782
       60799
       60898
       60936
       60969
       60980
       61038
       61116
       61174
       61180
       61270
       61318
       61367
       61376
       61395
       61463
       61481
       61576
       61632
       61659
       61723
       61757
       61757
       61775
       61820
       61826
       61875
       61937
       61986
       62018
       62084
       62101
       62133
       62213
       62229
       62267
       62334
       62421
       62491
       62495
       62581
       62664
       62682
       62768
       62795
       62795
       62815
       62890
       62904
       62994
       63000
       63077
       63132
       63184
       63274
       63312
       63376
       63413
       63474
       63517
       63545
       63612
       63613
       63693
       63752
       63760
       63773
       63844
       63924
       63939
       64035
       64121
       64178
       64238
       64300
       64370
       64370
       64440
       64531
       64595
       64684
       64697
       64739
       64821
       64905
       64961
       65056
       65080
       65172
       65188
       65209
       65301
       65317
       65365
       65374
       65420
       65454
       65552
       65566
       65573
       65618
       65675
       65766
       65767
       65803
       65884
       65893
       65950
       66048
       66102
       66166
       66166
       66190
       66273
       66289
       66308
       66390
       66406
       66495
       66557
       66597
       66693
       66746
       66766
       66769
       66788
       66884
       66970
       67034
       67049
       67062
       67111
       67115
       67197
       67268
       67318
       67396
       67430
       67514
       67555
       67583
       67585
       67639
       67641
       67728
       67783
       67861
       67888
       67945
       68018
       68104
       68130
       68222
       68225
       68290
       68382
       68424
       68458
       68520
       68572
       68595
       68600
       68648
       68672
       68710
       68736
       68780
       68859
       68950
       69049
       69072
       69155
       69215
       69217
       69310
       69389
       69441
       69441
       69450
       69489
       69507
       69518
       69612
       69682
       69722
       69733
       69823
       69914
       69916
       69931
       69962
       69974
       69986
       70066
       70104
       70109
       70130
       70209
       70289
       70374
       70436
       70496
       70528
       70549
       70619
       70652
       70738
       70811
       70843
       70915
       70977
       71069
       71124
       71187
       71210
       71262
       71355
       71393
       71400
       71414
       71509
       71548
       71588
       71616
       71697
       71728
       71740
       71781
       71833
       71888
       71976
       72056
       72149
       72196
       72260
       72265
       72309
       72329
       72385
       72419
       72438
       72449
       72486
       72490
       72558
       72578
       72656
       72667
       72711
       72734
       72790
       72878
       72958
       73009
       73094
       73120
       73126
       73144
       73235
       73238
       73246
       73311
       73380
       73410
       73419
       73483
       73525
       73530
       73590
       73620
       73678
       73684
       73685
       73706
       73745
       73747
       73834
       73875
       73904
       73927
       73928
       74013
       74100
       74179
       74192
       74255
       74332
       74366
       74438
       74517
       74610
       74666
       74738
       74800
       74800
       74820
       74887
       74948
       75047
       75105
       75156
       75193
       75280
       75296
       75381
       75427
       75451
       75504
       75589
       75589
       75605
       75625
       75708
       75803
       75816
       75881
       75969
       75982
       76022
       76099
       76136
       76207
       76271
       76366
       76449
       76459
       76521
       76592
       76595
       76645
       76738
       76795
       76852
       76912
       76935
       76956
       77021
       77037
       77118
       77122
       77130
       77144
       77178
       77201
       77203
       77269
       77278
       77303
       77379
       77430
       77459
       77534
       77562
       77638
       77691
       77735
       77783
       77795
       77799
       77882
       77943
       77973
       78053
       78117
       78183
       78218
       78249
       78276
       78311
       78409
       78483
       78578
       78603
       78663
       78687
       78708
       78747
       78756
       78764
       78801
       78891
       78911
       78972
       79016
       79103
       79134
       79134
       79171
       79176
       79183
       79190
       79289
       79373
       79433
       79526
       79538
       79569
       79605
       79613
       79707
       79802
       79870
       79911
       79977
       80044
       80087
       80103
       80181
       80240
       80295
       80379
       80456
       80486
       80494
       80587
       80647
       80694
       80772
       80867
       80913
       81012
       81108
       81195
       81244
       81252
       81312
       81353
       81371
       81454
       81534
       81583
       81645
       81730
       81740
       81808
       81879
       81884
       81977
       82029
       82055
       82138
       82167
       82213
       82270
       82302
       82372
       82398
       82469
       82486
       82580
       82642
       82689
       82767
       82803
       82836
       82890
       82908
       82971
       82990
       83086
       83149
       83232
       83276
       83333
       83378
       83408
       83497
       83511
       83549
       83558
       83567
       83665
       83686
       83758
       83848
       83877
       83890
       83974
       84012
       84051
       84146
       84158
       84242
       84280
       84369
       84445
       84540
       84544
       84573
       84588
       84637
       84645
       84668
       84679
       84750
       84771
       84813
       84893
       84908
       84998
       85074
       85084
       85118
       85119
       85205
       85263
       85330
       85429
       85526
       85592
       85603
       85650
       85681
       85716
       85814
       85849
       85850
       85933
       85962
       86028
       86106
       86160
       86251
       86319
       86385
       86410
       86418
       86472
       86527
       86620
       86641
       86684
       86751
       86849
       86910
       86958
       87041
       87102
       87137
       87223
       87248
       87299
       87353
       87447
       87492
       87498
       87559
       87654
       87739
       87784
       87830
       87844
       87878
       87936
       87974
       88004
       88057
       88074
       88104
       88119
       88135
       88175
       88244
       88261
       88278
       88295
       88334
       88425
       88445
       88463
       88559
       88606
       88684
       88696
       88722
       88762
       88826
       88905
       88990
       89077
       89149
       89224
       89251
       89280
       89367
       89447
       89507
       89508
       89563
       89633
       89701
       89787
       89872
       89961
       90023
       90110
       90200
       90217
       90242
       90319
       90398
       90398
       90402
       90474
       90561
       90642
       90681
       90734
       90813
       90872
       90959
       90966
       90977
       91065
       91106
       91204
       91262
       91327
       91329
       91404
       91427
       91478
       91575
       91627
       91662
       91669
       91685
       91713
       91774
       91783
       91785
       91842
       91872
       91949
       91954
       92051
       92066
       92066
       92107
       92180
       92220
       92310
       92354
       92446
       92500
       92525
       92618
       92691
       92724
       92817
       92828
       92915
       93009
       93063
       93124
       93222
       93244
       93291
       93331
       93408
       93476
       93538
       93601
       93609
       93649
       93667
       93753
       93808
       93808
       93888
       93917
       94015
       94068
       94111
       94160
       94242
       94299
       94350
       94430
       94517
       94543
       94575
       94655
       94708
       94799
       94898
       94926
       94972
       95037
       95110
       95121
       95178
       95232
       95253
       95348
       95371
       95387
       95393
       95452
       95525
       95580
       95669
       95706
       95769
       95868
       95941
       96023
       96095
       96156
       96217
       96274
       96357
       96358
       96382
       96383
       96458
       96512
       96555
       96619
       96623
       96684
       96693
       96760
       96787
       96878
       96969
       97036
       97095
       97174
       97273
       97332
       97404
       97455
       97463
       97543
       97583
       97592
       97618
       97697
       97732
       97816
       97873
       97877
       97913
       97920
       97960
       97983
       97995
       98044
       98072
       98171
       98172
       98219
       98268
       98301
       98395
       98407
       98424
       98431
       98464
       98557
       98601
       98670
       98726
       98785
       98827
       98858
       98938
       98960
       98972
       99026
       99061
       99115
       99126
       99212
       99295
       99307
       99341
       99387
       99456
       99504
       99568
       99666
       99667
       99731
       99815
       99820
       99832
       99903
       99911
       99943
       99962
       99994
      100022
      100116
      100209
      100263
      100302
      100307
      100363
      100424
      100457
      100490
      100490
      100496
      100579
      100615
      100678
      100758
      100839
      100879
      100958
      100974
      100993
      101056
      101102
      101160
      101171
      101267
      101292
      101307
      101364
      101367
      101400
      101492
      101510
      101552
      101555
      101590
      101610
      101709
      101749
      101846
      101866
      101910
      101979
      101983
      102052
      102136
      102164
      102232
      102271
      102319
      102358
      102395
      102396
      102434
      102502
      102503
      102565
      102572
      102579
      102664
      102700
      102786
      102842
      102883
      102946
      102955
      102993
      103068
      103135
      103147
      103211
      103233
      103302
      103319
      103348
      103394
      103420
      103420
      103445
      103462
      103479
      103554
      103609
      103628
      103668
      103688
      103778
      103812
      103816
      103847
      103875
      103876
      103906
      103984
      104018
      104032
      104035
      104117
      104173
      104229
      104259
      104311
      104390
      104443
      104459
      104515
      104589
      104591
      104651
      104656
      104657
      104701
      104738
      104787
      104834
      104856
      104915
      104954
      105003
      105078
      105106
      105199
      105239
      105318
      105349
      105365
      105402
      105495
      105543
      105625
      105661
      105741
      105747
      105798
      105836
      105911
      105936
      106008
      106086
      106146
      106201
      106250
      106291
      106321
      106369
      106443
      106529
      106599
      106693
      106772
      106869
      106872
      106936
      106970
      107004
      107061
      107135
      107140
      107175
      107191
      107284
      107306
      107385
      107385
      107461
      107519
      107565
      107575
      107615
      107696
      107703
      107729
      107747
      107845
      107858
      107903
      107970
      108069
      108150
      108226
      108282
      108365
      108442
      108506
      108538
      108590
      108676
      108741
      108764
      108828
      108869
      108943
      108972
      108990
      109034
      109092
      109127
      109142
      109239
      109264
      109287
      109383
      109389
      109482
      109547
      109620
      109662
      109702
      109709
      109808
      109850
      109868
      109956
      109988
      110002
      110043
      110126
      110146
      110177
      110237
      110333
      110380
      110398
      110443
      110492
      110524
      110574
      110626
      110665
      110752
      110784
      110830
      110894
      110949
      111042
      111044
      111057
      111143
      111220
      111281
      111353
      111424
      111489
      111557
      111589
      111644
      111740
      111773
      111850
      111942
      112019
      112107
      112155
      112245
      112309
      112309
      112356
      112359
      112427
      112493
      112518
      112595
      112648
      112716
      112792
      112874
      112933
      112966
      112966
      113039
      113108
      113150
      113164
      113192
      113239
      113307
      113355
      113449
      113455
      113488
      113580
      113660
      113744
      113817
      113868
      113886
      113958
      114050
      114111
      114197
      114239
      114264
      114343
      114366
      114384
      114435
      114523
      114546
      114566
      114571
      114643
      114663
      114709
      114784
      114784
      114812
      114827
      114850
      114921
      114988
      115025
      115026
      115027
      115106
      115182
      115226
      115259
      115324
      115396
      115474
      115522
      115562
      115656
      115674
      115734
      115746
      115801
      115807
      115810
      115901
      115998
      116057
      116066
      116095
      116181
      116193
      116205
      116263
      116296
      116330
      116335
      116415
      116496
      116520
      116555
      116617
      116648
      116716
      116757
      116791
      116837
      116892
      116926
      116947
      117029
      117097
      117125
      117144
      117158
      117238
      117238
      117312
      117353
      117367
      117404
      117406
      117502
      117539
      117602
      117619
      117630
      117635
      117727
      117767
      117775
      117788
      117813
      117846
      117906
      117945
      118029
      118063
      118085
      118151
      118180
      118192
      118275
      118302
      118302
      118314
      118395
      118416
      118429
      118448
      118541
      118628
      118725
      118780
      118844
      118883
      118968
      119023
      119064
      119093
      119101
      119111
      119182
      119270
      119366
      119447
      119497
      119520
      119617
      119698
      119719
      119721
      119803
      119872
      119876
      119922
      119958
      119968
      120001
      120010
      120081
      120133
      120186
      120215
      120284
      120363
      120398
      120471
      120476
      120478
      120498
      120509
      120530
      120629
      120712
      120791
      120849
      120929
      120965
      120970
      120970
      121026
      121055
      121108
      121135
      121154
      121193
      121220
      121274
      121315
      121336
      121402
      121463
      121511
      121519
      121558
      121634
      121675
      121748
      121750
      121788
      121793
      121861
      121945
      121947
      122003
      122054
      122056
      122138
      122177
      122247
      122301
      122380
      122388
      122468
      122484
      122505
      122596
      122688
      122743
      122838
      122838
      122859
      122904
      122922
      122922
      122950
      123019
      123075
      123092
      123096
      123174
      123224
      123241
      123278
      123375
      123428
      123499
      123512
      123525
      123608
      123662
      123692
      123747
      123769
      123769
      123771
      123870
      123904
      123977
      124034
      124114
      124118
      124132
      124156
      124211
      124240
      124294
      124317
      124322
      124383
      124448
      124533
      124620
      124715
      124784
      124808
      124896
      124936
      124940
      124942
      124955
      124963
      124966
      125009
      125013
      125072
      125086
      125166
      125170
      125180
      125209
      125275
      125318
      125352
      125449
      125509
      125560
      125648
      125672
      125673
      125698
      125738
      125764
      125771
      125828
      125923
      125979
      126075
      126137
      126207
      126228
      126247
      126291
      126384
      126390
      126407
      126440
      126458
      126555
      126581
      126612
      126695
      126738
      126799
      126869
      126887
      126898
      126963
      127013
      127073
      127111
      127187
      127251
      127310
      127375
      127439
      127529
      127590
      127601
      127647
      127676
      127683
      127763
      127830
      127874
      127896
      127950
      128043
      128087
      128146
      128209
      128304
      128306
      128339
      128403
      128412
      128444
      128538
      128611
      128619
      128624
      128633
      128646
      128678
      128700
      128732
      128811
      128870
      128876
      128919
      128924
      129011
      129027
      129118
      129147
      129179
      129202
      129275
      129338
      129395
      129446
      129488
      129539
      129610
      129643
      129696
      129740
      129767
      129805
      129856
      129890
      129925
      130004
      130039
      130088
      130128
      130182
      130221
      130255
      130336
      130358
      130410
      130486
      130489
      130573
      130657
      130665
      130687
      130741
      130747
      130800
      130800
      130808
      130825
      130902
      130903
      130914
      131000
      131048
      131054
      131070
      131082
      131087
      131181
      131259
      131322
      131406
      131505
      131579
      131622
      131688
      131770
      131853
      131911
      132003
      132078
      132164
      132211
      132260
      132309
      132397
      132439
      132479
      132561
      132597
      132624
      132711
      132788
      132879
      132879
      132885
      132914
      132917
      132961
      133050
      133140
      133197
      133231
      133245
      133324
      133396
      133462
      133508
      133585
      133601
      133653
      133750
      133844
      133845
      133899
      133965
      134031
      134105
      134190
      134210
      134295
      134362
      134369
      134449
      134535
      134583
      134672
      134754
      134808
      134857
      134939
      134974
      135057
      135080
      135160
      135213
      135289
      135312
      135316
      135337
      135409
      135451
      135500
      135547
      135572
      135595
      135657
      135755
      135777
      135868
      135873
      135965
      135967
      135975
      135994
      136044
      136090
      136165
      136174
      136239
      136267
      136294
      136345
      136442
      136529
      136575
      136633
      136662
      136756
      136816
      136870
      136886
      136917
      136917
      137006
      137039
      137128
      137182
      137221
      137284
      137315
      137329
      137364
      137438
      137467
      137511
      137580
      137638
      137651
      137746
      137748
      137770
      137861
      137885
      137937
      137939
      137988
      138044
      138049
      138122
      138180
      138254
      138269
      138285
      138297
      138396
      138491
      138587
      138684
      138750
      138775
      138817
      138900
      138983
      138998
      139041
      139050
      139132
      139229
      139269
      139325
      139417
      139448
      139521
      139560
      139627
      139695
      139718
      139725
      139790
      139880
      139951
      140011
      140067
      140111
      140111
      140173
      140203
      140266
      140268
      140283
      140287
      140360
      140379
      140430
      140488
      140567
      140614
      140689
      140710
      140751
      140791
      140829
      140886
      140908
      140990
      141073
      141126
      141170
      141265
      141350
      141438
      141527
      141617
      141714
      141728
      141763
      141765
      141852
      141916
      141944
      141994
      142089
      142113
      142143
      142165
      142232
      142297
      142369
      142417
      142422
      142465
      142478
      142556
      142634
      142649
      142692
      142758
      142773
      142813
      142887
      142965
      142983
      142993
      143067
      143077
      143082
      143088
      143103
      143142
      143159
      143239
      143311
      143405
      143433
      143504
      143526
      143599
      143650
      143743
      143836
      143935
      144031
      144048
      144107
      144156
      144214
      144271
      144358
      144429
      144516
      144591
      144615
      144626
      144713
      144757
      144794
      144813
      144841
      144928
      145018
      145099
      145137
      145202
      145220
      145304
      145341
      145439
      145525
      145598
      145673
      145743
      145827
      145913
      145942
      145994
      146012
      146057
      146094
      146153
      146188
      146192
      146204
      146209
      146300
      146326
      146402
      146421
      146436
      146479
      146536
      146551
      146593
      146648
      146730
      146734
      146773
      146777
      146869
      146942
      146985
      147063
      147096
      147182
      147186
      147276
      147308
      147395
      147419
      147462
      147471
      147528
      147564
      147643
      147655
      147740
      147803
      147851
      147892
      147987
      148015
      148094
      148113
      148183
      148244
      148254
      148341
      148341
      148405
      148409
      148503
      148562
      148631
      148641
      148735
      148796
      148854
      148912
      148952
      149027
      149051
      149062
      149122
      149133
      149225
      149228
      149293
      149326
      149331
      149342
      149411
      149506
      149521
      149552
      149581
      149599
      149622
      149686
      149704
      149795
      149853
      149908
      149984
      150068
      150148
      150168
      150242
      150246
      150308
      150353
      150399
      150420
      150432
      150482
      150561
      150601
      150669
      150732
      150748
      150836
      150904
      150954
      151037
      151119
      151198
      151244
      151274
      151310
      151317
      151372
      151456
      151474
      151490
      151544
      151563
      151629
      151656
      151672
      151710
      151792
      151842
      151931
      151949
      151989
      152083
      152127
      152214
      152272
      152307
      152366
      152420
      152493
      152501
      152507
      152520
      152549
      152559
      152656
      152734
      152786
      152841
      152912
      152966
      153009
      153082
      153084
      153176
      153216
      153305
      153348
      153361
      153453
      153473
      153526
      153541
      153596
      153602
      153631
      153718
      153734
      153815
      153879
      153900
      153990
      154038
      154042
      154054
      154149
      154245
      154339
      154403
      154500
      154532
      154616
      154696
      154770
      154794
      154859
      154916
      154999
      155049
      155106
      155162
      155249
      155278
      155367
      155407
      155439
      155469
      155549
      155622
      155713
      155810
      155853
      155923
      155962
      156015
      156064
      156083
      156150
      156238
      156337
      156356
      156408
      156465
      156558
      156644
      156740
      156826
      156891
      156938
      156959
      156985
      157057
      157057
      157079
      157162
      157244
      157265
      157315
      157373
      157388
      157421
      157490
      157562
      157601
      157615
      157670
      157727
      157765
      157846
      157883
      157897
      157898
      157926
      157979
      158043
      158055
      158057
      158063
      158147
      158213
      158255
      158288
      158298
      158301
      158353
      158376
      158445
      158450
      158476
      158539
      158626
      158682
      158729
      158806
      158865
      158942
      158990
      159068
      159076
      159128
      159195
      159254
      159348
      159375
      159429
      159505
      159532
      159616
      159645
      159664
      159754
      159810
      159901
      159981
      160040
      160068
      160152
      160235
      160297
      160391
      160466
      160539
      160539
      160542
      160561
      160644
      160743
      160752
      160848
      160872
      160884
      160929
      161003
      161080
      161083
      161125
      161211
      161249
      161321
      161345
      161440
      161489
      161506
      161524
      161591
      161667
      161694
      161744
      161808
      161829
      161861
      161886
      161959
      162002
      162045
      162096
      162155
      162204
      162223
      162226
      162248
      162278
      162299
      162305
      162330
      162386
      162444
      162482
      162549
      162626
      162712
      162744
      162746
      162798
      162885
      162930
      162959
      162965
      162993
      162996
      163073
      163153
      163155
      163254
      163262
      163273
      163339
      163373
      163392
      163450
      163515
      163583
      163607
      163671
      163707
      163795
      163834
      163883
      163978
      164016
      164082
      164116
      164210
      164292
      164322
      164377
      164445
      164523
      164607
      164654
      164730
      164776
      164807
      164906
      164979
      165017
      165062
      165132
      165221
      165314
      165326
      165390
      165415
      165507
      165573
      165655
      165675
      165711
      165774
      165817
      165858
      165932
      165971
      166032
      166112
      166184
      166263
      166300
      166360
      166423
      166465
      166554
      166643
      166654
      166728
      166797
      166837
      166864
      166872
      166877
      166956
      166966
      166978
      167013
      167112
      167155
      167173
      167211
      167274
      167372
      167422
      167426
      167452
      167509
      167595
      167659
      167715
      167756
      167766
      167858
      167874
      167898
      167932
      167990
      168017
      168028
      168117
      168156
      168164
      168230
      168244
      168275
      168323
      168355
      168377
      168407
      168469
      168536
      168550
      168629
      168653
      168751
      168781
      168795
      168876
      168890
      168963
      169032
      169068
      169126
      169180
      169275
      169367
      169367
      169404
      169423
      169452
      169517
      169604
      169630
      169701
      169737
      169806
      169821
      169906
      169952
      170035
      170092
      170172
      170240
      170327
      170337
      170398
      170434
      170519
      170595
      170620
      170657
      170713
      170741
      170759
      170797
      170816
      170849
      170849
      170896
      170984
      171059
      171134
      171178
      171205
      171283
      171376
      171471
      171488
      171554
      171607
      171666
      171709
      171768
      171818
      171860
      171897
      171966
      172033
      172124
      172132
      172137
      172203
      172280
      172353
      172425
      172474
      172563
      172613
      172650
      172662
      172677
      172704
      172794
      172880
      172966
      172976
      173035
      173036
      173049
      173070
      173155
      173208
      173263
      173268
      173322
      173386
      173423
      173433
      173517
      173551
      173644
      173662
      173743
      173750
      173762
      173785
      173847
      173871
      173928
      174008
      174067
      174139
      174232
      174248
      174250
      174294
      174372
      174402
      174437
      174528
      174605
      174607
      174680
      174725
      174820
      174842
      174913
      174918
      175005
      175077
      175156
      175171
      175186
      175258
      175287
      175344
      175436
      175493
      175551
      175623
      175663
      175747
      175810
      175811
      175877
      175915
      175970
      176021
      176093
      176093
      176160
      176233
      176291
      176386
      176460
      176478
      176511
      176513
      176610
      176685
      176740
      176793
      176815
      176872
      176916
      176946
      177014
      177081
      177101
      177193
      177207
      177303
      177389
      177447
      177493
      177526
      177558
      177653
      177690
      177718
      177783
      177798
      177827
      177911
      177978
      178077
      178092
      178097
      178161
      178198
      178226
      178285
      178307
      178389
      178404
      178460
      178539
      178610
      178686
      178700
      178799
      178815
      178829
      178916
      178999
      179041
      179085
      179175
      179262
      179327
      179399
      179462
      179517
      179598
      179598
      179656
      179719
      179818
      179822
      179882
      179920
      180017
      180098
      180152
      180170
      180179
      180198
      180262
      180298
      180343
      180364
      180398
      180417
      180440
      180498
      180523
      180545
      180590
      180688
      180771
      180863
      180923
      181019
      181057
      181135
      181159
      181170
      181193
      181212
      181230
      181293
      181353
      181393
      181445
      181455
      181522
      181571
      181611
      181663
      181698
      181766
      181823
      181828
      181879
      181895
      181922
      181963
      182029
      182061
      182073
      182128
      182141
      182214
      182275
      182353
      182410
      182481
      182557
      182640
      182686
      182757
      182854
      182896
      182939
      182975
      183041
      183093
      183164
      183201
      183290
      183321
      183345
      183360
      183425
      183468
      183566
      183600
      183611
      183705
      183734
      183741
      183802
      183851
      183941
      184031
      184099
      184112
      184209
      184266
      184310
      184352
      184352
      184437
      184445
      184492
      184536
      184590
      184607
      184662
      184666
      184718
      184789
      184845
      184915
      184982
      185044
      185087
      185178
      185204
      185291
      185328
      185367
      185405
      185408
      185411
      185480
      185522
      185543
      185613
      185700
      185745
      185789
      185812
      185840
      185862
      185882
      185935
      185976
      186004
      186049
      186081
      186170
      186192
      186213
      186298
      186312
      186389
      186429
      186481
      186572
      186602
      186692
      186710
      186772
      186862
      186876
      186968
      186974
      186984
      187045
      187119
      187144
      187179
      187201
      187281
      187360
      187386
      187415
      187415
      187501
      187509
      187598
      187671
      187745
      187843
      187938
      187983
      188007
      188079
      188173
      188259
      188346
      188398
      188465
      188543
      188618
      188634
      188707
      188802
      188835
      188921
      188930
      188991
      189036
      189098
      189145
      189218
      189288
      189316
      189337
      189400
      189428
      189449
      189479
      189487
      189495
      189555
      189572
      189606
      189652
      189691
      189709
      189779
      189819
      189902
      189957
      189973
      190058
      190093
      190105
      190109
      190128
      190151
      190208
      190268
      190283
      190296
      190300
      190364
      190462
      190498
      190535
      190612
      190702
      190709
      190805
      190894
      190933
      191020
      191043
      191046
      191092
      191103
      191172
      191217
      191239
      191255
      191347
      191381
      191409
      191474
      191504
      191504
      191594
      191689
      191778
      191795
      191845
      191869
      191871
      191963
      192002
      192074
      192103
      192146
      192195
      192230
      192264
      192270
      192274
      192320
      192396
      192457
      192484
      192506
      192601
      192695
      192698
      192792
      192835
      192842
      192932
      192979
      193044
      193092
      193122
      193147
      193157
      193177
      193204
      193229
      193254
      193326
      193401
      193433
      193517
      193537
      193564
      193611
      193644
      193708
      193762
      193838
      193845
      193865
      193925
      193969
      194005
      194027
      194054
      194142
      194167
      194172
      194222
      194232
      194280
      194299
      194398
      194461
      194474
      194514
      194578
      194632
      194654
      194728
      194805
      194811
      194888
      194956
      194993
      195006
      195022
      195088
      195119
      195198
      195268
      195276
      195327
      195343
      195391
      195485
      195519
      195586
      195661
      195756
      195847
      195916
      195953
      195974
      195999
      196096
      196177
      196187
      196252
      196289
      196308
      196318
      196358
      196377
      196392
      196465
      196506
      196510
      196522
      196528
      196545
      196553
      196640
      196662
      196702
      196757
      196776
      196836
      196899
      196982
      197065
      197092
      197096
      197106
      197163
      197229
      197290
      197372
      197452
      197477
      197477
      197521
      197552
      197592
      197603
      197688
      197727
      197802
      197857
      197942
      198034
      198038
      198080
      198133
      198200
      198251
      198313
      198332
      198354
      198420
      198496
      198541
      198637
      198660
      198714
      198730
      198803
      198868
      198921
      198927
      198943
      198950
      198972
      199060
      199155
      199189
      199197
      199227
      199241
      199247
      199267
      199331
      199351
      199394
      199404
      199435
      199486
      199503
      199541
      199630
      199724
      199765
      199805
      199891
      199947
      200033
      200122
      200140
      200225
      200283
      200307
      200386
      200431
      200458
      200492
      200536
      200579
      200662
      200722
      200755
      200823
      200873
      200896
      200947
      200959
      200977
      201047
      201048
      201099
      201174
      201239
      201303
      201340
      201382
      201408
      201495
      201532
      201555
      201565
      201599
      201613
      201702
      201715
      201773
      201787
      201850
      201934
      201956
      201972
      202059
      202084
      202147
      202190
      202203
      202285
      202384
      202479
      202504
      202510
      202544
      202632
      202725
      202732
      202789
      202793
      202858
      202926
      202954
      203020
      203072
      203164
      203170
      203255
      203338
      203432
      203439
      203481
      203573
      203603
      203631
      203675
      203743
      203806
      203898
      203973
      203978
      204015
      204061
      204149
      204165
      204240
      204320
      204383
      204459
      204487
      204491
      204503
      204529
      204569
      204573
      204657
      204738
      204762
      204840
      204859
      204901
      204923
      204984
      205033
      205107
      205201
      205253
      205263
      205287
      205362
      205405
      205420
      205455
      205472
      205555
      205585
      205682
      205707
      205725
      205793
      205885
      205885
      205967
      206003
      206090
      206140
      206194
      206284
      206341
      206377
      206449
      206465
      206546
      206561
      206564
      206636
      206719
      206766
      206815
      206911
      206991
      207033
      207127
      207156
      207248
      207285
      207320
      207415
      207424
      207442
      207518
      207580
      207617
      207672
      207687
      207766
      207814
      207836
      207844
      207890
      207928
      207946
      208010
      208035
      208091
      208174
      208238
      208290
      208362
      208393
      208409
      208498
      208546
      208623
      208628
      208687
      208725
      208794
      208812
      208857
      208900
      208999
      209043
      209111
      209180
      209197
      209288
      209350
      209357
      209357
      209368
      209423
      209441
      209471
      209521
      209619
      209679
      209711
      209756
      209825
      209900
      209903
      209955
      209967
      210065
      210158
      210244
      210337
      210419
      210506
      210591
      210653
      210695
      210794
      210874
      210908
      210961
      210984
      211025
      211035
      211066
      211081
      211174
      211237
      211292
      211344
      211426
      211512
      211555
      211614
      211617
      211617
      211698
      211740
      211753
      211820
      211880
      211934
      211983
      212053
      212136
      212153
      212154
      212190
      212195
      212255
      212285
      212310
      212354
      212365
      212399
      212479
      212538
      212615
      212650
      212667
      212694
      212714
      212729
      212827
      212916
      212983
      213074
      213123
      213204
      213265
      213307
      213310
      213360
      213454
      213515
      213578
      213605
      213659
      213735
      213780
      213811
      213814
      213879
      213923
      213937
      213991
      214090
      214125
      214156
      214167
      214212
      214263
      214303
      214314
      214403
      214411
      214494
      214497
      214571
      214666
      214740
      214818
      214882
      214969
      215038
      215060
      215087
      215117
      215179
      215193
      215280
      215331
      215378
      215458
      215508
      215576
      215669
      215723
      215786
      215880
      215942
      215975
      216045
      216085
      216123
      216135
      216205
      216289
      216290
      216296
      216373
      216373
      216415
      216479
      216574
      216642
      216643
      216714
      216797
      216809
      216825
      216909
      216984
      217078
      217088
      217186
      217229
      217266
      217343
      217399
      217420
      217461
      217526
      217541
      217613
      217646
      217718
      217762
      217806
      217828
      217885
      217917
      217927
      218001
      218078
      218091
      218168
      218251
      218331
      218354
      218403
      218491
      218509
      218522
      218535
      218561
      218654
      218665
      218707
      218757
      218775
      218796
      218883
      218972
      219038
      219105
      219198
      219218
      219234
      219327
      219329
      219344
      219359
      219457
      219499
      219561
      219654
      219691
      219712
      219735
      219832
      219835
      219871
      219970
      220018
      220039
      220111
      220205
      220217
      220253
      220327
      220399
      220468
      220537
      220598
      220610
      220663
      220674
      220760
      220782
      220787
      220867
      220954
      221010
      221022
      221035
      221085
      221150
      221174
      221235
      221266
      221355
      221452
      221507
      221543
      221575
      221615
      221686
      221784
      221814
      221912
      221915
      221955
      222054
      222062
      222111
      222137
      222224
      222268
      222356
      222391
      222438
      222489
      222568
      222650
      222670
      222674
      222720
      222786
      222860
      222865
      222906
      222939
      223018
      223044
      223082
      223166
      223264
      223291
      223341
      223368
      223456
      223472
      223491
      223554
      223566
      223585
      223590
      223612
      223689
      223788
      223788
      223799
      223898
      223902
      223979
      224054
      224070
      224098
      224137
      224192
      224209
      224296
      224306
      224366
      224430
      224502
      224548
      224639
      224647
      224688
      224706
      224755
      224778
      224858
      224898
      224959
      224991
      225024
      225050
      225140
      225221
      225292
      225300
      225357
      225410
      225446
      225484
      225500
      225540
      225611
      225657
      225712
      225775
      225846
      225861
      225942
      226037
      226088
      226158
      226228
      226306
      226396
      226463
      226540
      226548
      226589
      226592
      226617
      226652
      226685
      226704
      226770
      226786
      226852
      226874
      226890
      226896
      226919
      226952
      227016
      227025
      227053
      227092
      227144
      227190
      227195
      227202
      227254
      227288
      227370
      227466
      227485
      227506
      227565
      227647
      227673
      227711
      227796
      227804
      227805
      227831
      227873
      227909
      227930
      227937
      228008
      228056
      228095
      228152
      228161
      228260
      228294
      228330
      228384
      228452
      228515
      228563
      228602
      228670
      228754
      228759
      228840
      228873
      228966
      228980
      228986
      229035
      229130
      229172
      229224
      229303
      229343
      229344
      229408
      229483
      229569
      229639
      229679
      229699
      229705
      229796
      229831
      229868
      229962
      229963
      230019
      230027
      230063
      230072
      230086
      230183
      230199
      230283
      230331
      230426
      230505
      230579
      230625
      230694
      230714
      230791
      230860
      230901
      230995
      231001
      231067
      231067
      231068
      231118
      231135
      231212
      231225
      231252
      231332
      231427
      231441
      231491
      231569
      231654
      231730
      231731
      231766
      231814
      231893
      231958
      231975
      232019
      232025
      232063
      232121
      232168
      232211
      232281
      232319
      232337
      232408
      232410
      232475
      232518
      232518
      232523
      232612
      232691
      232761
      232849
      232878
      232936
      232964
      233039
      233089
      233147
      233211
      233268
      233284
      233357
      233450
      233534
      233560
      233644
      233685
      233720
      233798
      233853
      233905
      233961
      234015
      234071
      234097
      234119
      234133
      234209
      234273
      234273
      234326
      234416
      234491
      234512
      234576
      234602
      234670
      234738
      234761
      234796
      234882
      234949
      234968
      235019
      235089
      235150
      235234
      235292
      235368
      235370
      235460
      235537
      235593
      235671
      235722
      235803
      235866
      235954
      235997
      236080
      236158
      236185
      236204
      236280
      236296
      236358
      236364
      236401
      236456
      236544
      236641
      236692
      236702
      236767
      236772
      236858
      236953
      236953
      236978
      237065
      237151
      237239
      237250
      237318
      237318
      237371
      237418
      237510
      237541
      237546
      237570
      237586
      237621
      237642
      237647
      237695
      237751
      237775
      237849
      237896
      237926
      238018
      238107
      238135
      238167
      238242
      238309
      238331
      238416
      238496
      238499
      238572
      238602
      238648
      238705
      238733
      238750
      238820
      238822
      238880
      238898
      238934
      238981
      238988
      239020
      239029
      239082
      239177
      239206
      239232
      239293
      239301
      239356
      239433
      239446
      239509
      239598
      239631
      239721
      239777
      239850
      239927
      239999
      240089
      240149
      240158
      240159
      240242
      240255
      240271
      240362
      240407
      240462
      240549
      240609
      240693
      240759
      240766
      240788
      240870
      240931
      240932
      240964
      240997
      241040
      241121
      241128
      241191
      241194
      241229
      241291
      241378
      241460
      241503
      241530
      241586
      241588
      241661
      241725
      241780
      241872
      241949
      242013
      242042
      242134
      242233
      242233
      242270
      242366
      242437
      242512
      242578
      242594
      242692
      242729
      242754
      242770
      242851
      242939
      243011
      243026
      243074
      243159
      243229
      243307
      243363
      243423
      243455
      243542
      243627
      243714
      243779
      243827
      243858
      243865
      243897
      243907
      243965
      243982
      243988
      244072
      244115
      244161
      244228
      244232
      244323
      244411
      244470
      244556
      244575
      244589
      244664
      244676
      244773
      244870
      244931
      244987
      244994
      245003
      245102
      245132
      245132
      245170
      245244
      245301
      245378
      245472
      245523
      245553
      245632
      245727
      245756
      245756
      245838
      245913
      245999
      246017
      246053
      246098
      246153
      246219
      246241
      246269
      246305
      246388
      246454
      246479
      246500
      246541
      246577
      246650
      246732
      246755
      246795
      246850
      246922
      247010
      247107
      247148
      247210
      247253
      247287
      247382
      247407
      247505
      247580
      247670
      247691
      247740
      247831
      247909
      248000
      248055
      248068
      248076
      248084
      248168
      248189
      248210
      248269
      248313
      248315
      248398
      248443
      248472
      248476
      248565
      248575
      248597
      248678
      248695
      248734
      248772
      248823
      248845
      248893
      248909
      248946
      249035
      249118
      249212
      249217
      249231
      249318
      249318
      249359
      249375
      249429
      249462
      249511
      249561
      249619
      249677
      249717
      249753
      249801
      249833
      249875
      249877
      249896
      249981
      250034
      250057
