          22
          92
         122
         218
         228
         233
         308
         373
         395
         460
         535
         620
         692
         785
         850
         910
         919
         992
        1085
        1156
        1210
        1305
        1369
        1466
        1548
        1562
        1576
        1648
        1662
        1758
        1810
        1901
        1954
        1998
        2086
        2167
        2207
        2274
        2281
        2369
        2405
        2421
        2483
        2527
        2549
        2579
        2671
        2741
        2788
        2799
        2800
        2809
        2902
        2921
        2978
        3019
        3061
        3130
        3183
        3215
        3256
        3283
        3310
        3403
        3484
        3541
        3601
        3608
        3636
        3705
        3737
        3794
        3826
        3848
        3868
        3961
        3976
        4055
        4135
        4221
        4265
        4318
        4373
        4463
        4510
        4511
        4531
        4551
        4557
        4561
        4606
        4698
        4714
        4809
        4905
        4963
        5019
        5118
        5137
        5158
        5164
        5225
        5263
        5270
        5367
        5418
        5484
        5548
        5566
        5633
        5706
        5780
        5791
        5814
        5880
        5965
        5973
        5979
        5991
        5995
        6088
        6167
        6238
        6276
        6345
        6357
        6398
        6463
        6519
        6578
        6677
        6739
        6831
        6914
        6970
        6983
        6999
        7064
        7156
        7217
        7244
        7252
        7313
        7332
        7387
        7435
        7478
        7493
        7509
        7594
        7651
        7737
        7753
        7783
        7869
        7956
        8025
        8026
        8096
        8193
        8228
        8290
        8381
        8468
        8525
        8611
        8611
        8709
        8723
        8761
        8829
        8916
        8950
        9046
        9073
        9146
        9159
        9211
        9228
        9261
        9325
        9378
        9474
        9479
        9480
        9481
        9558
        9627
        9666
        9703
        9794
        9799
        9886
        9924
        9927
        9927
        9954
        9998
       10078
       10084
       10108
       10191
       10194
       10223
       10294
       10356
       10446
       10500
       10509
       10579
       10666
       10745
       10807
       10840
       10897
       10958
       10999
       11049
       11141
       11180
       11201
       11225
       11268
       11280
       11328
       11388
       11420
       11509
       11525
       11529
       11587
       11676
       11682
       11746
       11836
       11919
       11924
       12012
       12019
       12038
       12112
       12192
       12209
       12255
       12297
       12346
       12433
       12461
       12555
       12630
       12696
       12750
       12809
       12839
       12936
       12944
       12969
       13007
       13068
       13135
       13212
       13253
       13289
       13364
       13402
       13434
       13496
       13533
       13540
       13546
       13565
       13636
       13688
       13768
       13841
       13870
       13904
       13932
       13959
       13979
       14028
       14065
       14153
       14195
       14209
       14264
       14269
       14283
       14331
       14391
       14405
       14421
       14433
       14465
       14555
       14569
       14596
       14668
       14731
       14821
       14918
       14924
       14961
       14984
       15037
       15129
       15181
       15195
       15204
       15237
       15328
       15408
       15413
       15474
       15556
       15562
       15627
       15678
       15701
       15782
       15819
       15842
       15885
       15890
       15898
       15988
       15988
       15992
       16091
       16138
       16141
       16201
       16267
       16312
       16382
       16414
       16470
       16566
       16646
       16721
       16742
       16797
       16885
       16964
       17038
       17113
       17133
       17163
       17230
       17294
       17386
       17428
       17516
       17606
       17701
       17703
       17708
       17779
       17870
       17896
       17899
       17926
       18018
       18077
       18167
       18168
       18233
       18297
       18350
       18421
       18498
       18555
       18651
       18663
       18741
       18805
       18830
       18905
       18956
       19014
       19036
       19040
       19053
       19092
       19152
       19183
       19263
       19282
       19379
       19470
       19541
       19598
       19639
       19671
       19712
       19713
       19748
       19835
       19899
       19928
       19972
       20034
       20131
       20144
       20238
       20304
       20371
       20390
       20440
       20530
       20601
       20607
       20688
       20744
       20778
       20819
       20843
       20869
       20908
       20930
       21029
       21083
       21176
       21256
       21323
       21416
       21491
       21583
       21613
       21627
       21665
       21750
       21752
       21762
       21766
       21799
       21877
       21913
       21998
       22093
       22171
       22186
       22224
       22235
       22254
       22311
       22336
       22344
       22368
       22392
       22462
       22482
       22564
       22660
       22703
       22798
       22878
       22904
       22913
       22994
       23013
       23064
       23160
       23251
       23304
       23390
       23467
       23521
       23588
       23619
       23635
       23730
       23767
       23781
       23816
       23860
       23888
       23918
       23955
       24040
       24041
       24120
       24139
       24218
       24252
       24350
       24392
       24471
       24506
       24531
       24618
       24709
       24805
       24843
       24857
       24918
       24973
       25006
       25031
       25098
       25172
       25249
       25249
       25288
       25293
       25360
       25408
       25431
       25450
       25476
       25573
       25628
       25710
       25794
       25834
       25916
       25960
       26054
       26112
       26167
       26213
       26214
       26280
       26368
       26409
       26410
       26471
       26473
       26562
       26631
       26652
       26715
       26744
       26778
       26822
       26876
       26877
       26922
       26985
       27042
       27051
       27100
       27171
       27177
       27242
       27261
       27359
       27420
       27472
       27496
       27583
       27635
       27652
       27688
       27746
       27773
       27872
       27899
       27906
       27954
       27984
       27990
       28066
       28129
       28130
       28130
       28146
       28173
       28239
       28245
       28303
       28372
       28469
       28510
       28533
       28578
       28653
       28699
       28764
       28783
       28874
       28921
       28965
       29047
       29073
       29170
       29171
       29179
       29191
       29243
       29267
       29272
       29325
       29334
       29378
       29462
       29477
       29485
       29553
       29628
       29695
       29788
       29801
       29891
       29920
       29929
       30007
       30025
       30041
       30074
       30162
       30209
       30299
       30326
       30417
       30511
       30515
       30569
       30634
       30695
       30770
       30822
       30831
       30878
       30943
       31015
       31056
       31091
       31102
       31157
       31178
       31249
       31323
       31352
       31441
       31506
       31532
       31571
       31642
       31692
       31715
       31772
       31840
       31855
       31928
       31996
       32019
       32054
       32064
       32085
       32101
       32193
       32290
       32300
       32320
       32418
       32497
       32522
       32588
       32640
       32701
       32737
       32742
       32835
       32914
       33013
       33065
       33148
       33178
       33191
       33210
       33299
       33317
       33356
       33444
       33538
       33550
       33555
       33589
       33646
       33704
       33791
       33800
       33804
       33863
       33925
       33978
       33983
       34064
       34099
       34143
       34236
       34260
       34359
       34424
       34493
       34515
       34574
       34628
       34690
       34744
       34803
       34833
       34893
       34905
       34991
       35073
       35074
       35170
       35197
       35247
       35341
       35390
       35415
       35434
       35500
       35538
       35575
       35627
       35714
       35768
       35857
       35953
       35980
       35982
       36000
       36084
       36101
       36114
       36133
       36222
       36260
       36324
       36399
       36486
       36546
       36636
       36689
       36709
       36753
       36803
       36850
       36949
       37043
       37060
       37085
       37135
       37202
       37211
       37258
       37329
       37335
       37396
       37413
       37453
       37485
       37533
       37625
       37650
       37740
       37748
       37792
       37875
       37961
       37972
       37972
       38056
       38152
       38169
       38245
       38310
       38327
       38349
       38446
       38447
       38462
       38498
       38551
       38614
       38652
       38750
       38784
       38797
       38807
       38828
       38922
       38986
       38999
       39082
       39153
       39249
       39332
       39404
       39467
       39518
       39598
       39652
       39735
       39784
       39881
       39941
       39980
       40047
       40093
       40113
       40194
       40285
       40302
       40357
       40429
       40476
       40520
       40586
       40588
       40681
       40770
       40848
       40931
       40952
       40957
       40959
       40972
       41011
       41084
       41134
       41149
       41245
       41335
       41414
       41460
       41550
       41622
       41681
       41763
       41819
       41891
       41944
       41973
       41989
       42029
       42112
       42162
       42202
       42228
       42321
       42392
       42461
       42547
       42580
       42584
       42621
       42632
       42645
       42680
       42683
       42727
       42812
       42911
       42960
       43004
       43084
       43174
       43198
       43226
       43297
       43374
       43440
       43441
       43456
       43496
       43573
       43637
       43666
       43724
       43821
       43878
       43936
       43944
       43950
       44012
       44101
       44194
       44203
       44291
       44323
       44327
       44374
       44404
       44481
       44551
       44586
       44662
       44687
       44781
       44835
       44884
       44981
       45048
       45136
       45229
       45245
       45310
       45401
       45408
       45460
       45501
       45567
       45567
       45652
       45680
       45746
       45818
       45820
       45869
       45907
       45990
       46027
       46065
       46081
       46131
       46207
       46210
       46253
       46279
       46364
       46452
       46547
       46609
       46682
       46712
       46804
       46810
       46869
       46891
       46911
       46999
       47005
       47036
       47059
       47156
       47222
       47223
       47268
       47274
       47333
       47402
       47459
       47530
       47550
       47569
       47571
       47611
       47686
       47741
       47815
       47888
       47905
       47928
       47979
       48076
       48147
       48181
       48204
       48285
       48314
       48376
       48454
       48539
       48612
       48619
       48632
       48717
       48766
       48818
       48899
       48951
       49011
       49035
       49052
       49064
       49105
       49132
       49133
       49159
       49254
       49327
       49355
       49423
       49481
       49519
       49592
       49659
       49740
       49820
       49873
       49912
       49997
       50003
       50102
       50127
       50138
       50208
       50295
       50368
       50429
       50477
       50545
       50594
       50625
       50641
       50704
       50744
       50822
       50897
       50954
       50991
       51000
       51078
       51146
       51152
       51188
       51257
       51319
       51363
       51389
       51436
       51502
       51535
       51558
       51559
       51604
       51675
       51719
       51789
       51852
       51940
       51977
       52029
       52095
       52150
       52230
       52284
       52368
       52401
       52495
       52546
       52585
       52666
       52759
       52812
       52869
       52924
       53010
       53073
       53099
       53106
       53111
       53193
       53196
       53289
       53371
       53456
       53539
       53552
       53603
       53675
       53711
       53772
       53851
       53919
       53976
       54021
       54102
       54122
       54189
       54253
       54258
       54335
       54340
       54401
       54480
       54553
       54587
       54642
       54739
       54748
       54755
       54854
       54926
       54992
       55057
       55083
       55175
       55198
       55229
       55263
       55299
       55353
       55407
       55490
       55498
       55501
       55583
       55634
       55717
       55749
       55840
       55924
       56007
       56028
       56113
       56128
       56171
       56228
       56253
       56297
       56390
       56423
       56440
       56525
       56533
       56605
       56698
       56733
       56764
       56824
       56878
       56940
       57008
       57067
       57077
       57161
       57183
       57210
       57270
       57286
       57308
       57356
       57433
       57460
       57554
       57636
       57679
       57698
       57714
       57800
       57874
       57918
       57932
       57996
       58003
       58086
       58100
       58119
       58126
       58204
       58274
       58295
       58365
       58371
       58415
       58427
       58440
       58530
       58561
       58658
       58743
       58754
       58789
       58861
       58908
       58915
       58986
       59083
       59109
       59159
       59192
       59236
       59311
       59358
       59455
       59547
       59557
       59606
       59639
       59712
       59718
       59802
       59870
       59964
       59981
       60062
       60083
       60128
       60215
       60259
       60278
       60342
       60400
       60424
       60469
       60476
       60574
       60628
       60682
       60692
       60717
       60723
       60744
       60771
       60835
       60864
       60951
       61007
       61063
       61160
       61240
       61263
       61286
       61339
       61408
       61498
       61552
       61584
       61669
       61746
       61792
       61792
       61806
       61876
       61961
       61995
       62087
       62131
       62197
       62292
       62371
       62470
       62476
       62500
       62512
       62554
       62574
       62618
       62670
       62707
       62734
       62734
       62793
       62866
       62900
       62956
       62980
       63026
       63045
       63137
       63146
       63227
       63289
       63371
       63423
       63516
       63546
       63631
       63641
       63658
       63678
       63769
       63811
       63850
       63941
       63977
       63993
       64035
       64078
       64140
       64188
       64211
       64269
       64353
       64364
       64378
       64451
       64517
       64581
       64613
       64681
       64756
       64812
       64860
       64912
       64963
       65054
       65088
       65114
       65138
       65188
       65205
       65276
       65342
       65366
       65418
       65472
       65490
       65548
       65578
       65638
       65725
       65756
       65840
       65868
       65893
       65924
       65973
       65999
       66032
       66105
       66196
       66265
       66340
       66422
       66468
       66546
       66638
       66736
       66738
       66764
       66854
       66949
       67017
       67042
       67084
       67133
       67140
       67144
       67217
       67291
       67357
       67447
       67503
       67579
       67667
       67749
       67769
       67827
       67895
       67920
       67957
       67967
       68056
       68064
       68134
       68230
       68248
       68257
       68286
       68342
       68344
       68409
       68439
       68490
       68499
       68525
       68574
       68584
       68591
       68633
       68710
       68793
       68850
       68868
       68935
       69020
       69029
       69046
       69064
       69151
       69214
       69232
       69245
       69312
       69379
       69444
       69530
       69628
       69637
       69697
       69779
       69786
       69827
       69923
       69954
       70036
       70127
       70165
       70231
       70280
       70331
       70400
       70432
       70434
       70456
       70489
       70576
       70637
       70705
       70783
       70832
       70844
       70883
       70963
       71043
       71127
       71186
       71255
       71279
       71347
       71417
       71479
       71563
       71629
       71660
       71680
       71762
       71769
       71848
       71906
       71929
       72014
       72014
       72051
       72053
       72097
       72108
       72110
       72157
       72243
       72243
       72310
       72393
       72404
       72449
       72513
       72554
       72632
       72648
       72724
       72763
       72789
       72876
       72947
       73001
       73083
       73155
       73181
       73236
       73283
       73329
       73370
       73378
       73393
       73459
       73490
       73587
       73641
       73731
       73755
       73843
       73909
       73961
       73983
       74010
       74072
       74077
       74133
       74196
       74287
       74338
       74342
       74416
       74482
       74566
       74575
       74635
       74647
       74703
       74730
       74764
       74782
       74821
       74899
       74936
       75002
       75081
       75130
       75170
       75263
       75347
       75375
       75406
       75493
       75571
       75628
       75692
       75699
       75757
       75782
       75795
       75847
       75895
       75983
       76010
       76045
       76047
       76139
       76187
       76223
       76288
       76293
       76384
       76471
       76515
       76585
       76653
       76716
       76728
       76794
       76822
       76847
       76900
       76990
       77040
       77078
       77118
       77167
       77173
       77221
       77224
       77298
       77310
       77365
       77391
       77438
       77503
       77523
       77594
       77638
       77723
       77802
       77832
       77882
       77898
       77923
       77932
       78005
       78052
       78145
       78159
       78178
       78237
       78278
       78345
       78414
       78444
       78467
       78505
       78590
       78612
       78687
       78694
       78700
       78724
       78752
       78798
       78884
       78977
       79060
       79088
       79109
       79206
       79257
       79265
       79277
       79314
       79370
       79382
       79413
       79502
       79575
       79608
       79678
       79746
       79807
       79848
       79932
       79976
       79996
       80000
       80066
       80125
       80184
       80200
       80269
       80343
       80418
       80476
       80556
       80572
       80572
       80637
       80724
       80747
       80842
       80854
       80871
       80944
       80990
       80998
       81024
       81101
       81108
       81141
       81207
       81256
       81318
       81411
       81447
       81490
       81555
       81629
       81664
       81669
       81721
       81793
       81825
       81911
       81926
       81957
       82031
       82090
       82127
       82198
       82287
       82300
       82360
       82371
       82440
       82475
       82511
       82606
       82698
       82769
       82783
       82849
       82885
       82951
       82975
       82995
       83006
       83056
       83133
       83140
       83166
       83216
       83216
       83241
       83292
       83383
       83435
       83503
       83529
       83534
       83553
       83574
       83594
       83626
       83675
       83736
       83795
       83888
       83899
       83970
       84030
       84108
       84118
       84118
       84160
       84247
       84276
       84341
       84403
       84468
       84500
       84577
       84597
       84691
       84743
       84827
       84883
       84946
       84989
       85043
       85072
       85170
       85267
       85321
       85338
       85369
       85435
       85461
       85525
       85593
       85669
       85676
       85734
       85797
       85863
       85953
       85990
       85993
       85998
       86032
       86117
       86175
       86185
       86249
       86283
       86302
       86303
       86330
       86334
       86360
       86382
       86429
       86452
       86504
       86516
       86596
       86648
       86721
       86753
       86791
       86814
       86898
       86955
       87026
       87058
       87107
       87182
       87230
       87230
       87237
       87290
       87344
       87374
       87439
       87475
       87487
       87537
       87541
       87606
       87666
       87680
       87767
       87848
       87851
       87863
       87892
       87952
       88044
       88071
       88090
       88130
       88136
       88183
       88209
       88254
       88325
       88379
       88459
       88477
       88561
       88585
       88595
       88678
       88723
       88765
       88826
       88865
       88911
       88948
       89009
       89016
       89097
       89148
       89226
       89280
       89299
       89336
       89424
       89451
       89546
       89570
       89634
       89641
       89661
       89662
       89738
       89829
       89883
       89900
       89916
       89919
       89966
       90060
       90096
       90162
       90215
       90293
       90374
       90385
       90396
       90437
       90507
       90539
       90546
       90586
       90657
       90664
       90667
       90685
       90784
       90814
       90830
       90920
       90958
       90960
       90960
       90984
       91062
       91113
       91174
       91198
       91213
       91307
       91377
       91394
       91402
       91442
       91536
       91604
       91688
       91744
       91843
       91914
       91925
       92012
       92075
       92107
       92176
       92226
       92246
       92290
       92334
       92431
       92513
       92581
       92592
       92649
       92676
       92762
       92834
       92897
       92950
       92984
       93060
       93101
       93118
       93125
       93182
       93254
       93306
       93333
       93349
       93421
       93450
       93472
       93567
       93567
       93573
       93602
       93655
       93664
       93702
       93799
       93803
       93838
       93856
       93877
       93930
       93978
       94062
       94119
       94148
       94213
       94295
       94362
       94385
       94399
       94399
       94419
       94424
       94490
       94533
       94582
       94654
       94709
       94746
       94807
       94876
       94933
       94934
       94940
       94983
       95059
       95095
       95131
       95199
       95294
       95370
       95415
       95500
       95545
       95630
       95704
       95730
       95744
       95766
       95840
       95918
       96012
       96040
       96057
       96128
       96166
       96248
       96329
       96356
       96365
       96427
       96526
       96548
       96644
       96742
       96761
       96804
       96831
       96885
       96918
       96987
       97013
       97036
       97099
       97177
       97195
       97250
       97335
       97351
       97369
       97464
       97489
       97499
       97576
       97661
       97710
       97778
       97867
       97925
       98005
       98038
       98124
       98220
       98304
       98317
       98407
       98408
       98494
       98494
       98577
       98609
       98657
       98704
       98726
       98735
       98737
       98759
       98823
       98845
       98879
       98920
       98964
       98999
       99031
       99044
       99075
       99110
       99192
       99265
       99301
       99354
       99382
       99440
       99453
       99466
       99475
       99552
       99595
       99689
       99782
       99834
       99856
       99864
       99937
       99990
       99994
      100021
      100071
      100142
      100222
      100252
      100311
      100319
      100405
      100456
      100473
      100497
      100526
      100599
      100604
      100699
      100782
      100801
      100806
      100904
      100912
      100980
      101075
      101106
      101193
      101223
      101241
      101280
      101324
      101344
      101396
      101492
      101588
      101612
      101613
      101674
      101753
      101763
      101777
      101835
      101890
      101956
      102040
      102121
      102192
      102267
      102359
      102360
      102452
      102483
      102534
      102583
      102623
      102627
      102659
      102714
      102748
      102808
      102854
      102867
      102875
      102963
      103022
      103072
      103156
      103210
      103290
      103311
      103409
      103425
      103462
      103517
      103614
      103651
      103707
      103803
      103861
      103889
      103951
      103963
      103982
      104040
      104080
      104164
      104176
      104216
      104225
      104319
      104353
      104368
      104392
      104433
      104529
      104581
      104679
      104695
      104760
      104854
      104935
      104968
      105000
      105015
      105022
      105059
      105120
      105138
      105219
      105256
      105267
      105347
      105442
      105503
      105503
      105510
      105582
      105677
      105694
      105719
      105760
      105796
      105825
      105871
      105935
      105947
      105947
      105964
      106001
      106028
      106098
      106193
      106277
      106348
      106406
      106455
      106486
      106505
      106538
      106581
      106646
      106714
      106749
      106815
      106841
      106913
      106980
      107073
      107153
      107176
      107255
      107317
      107390
      107401
      107419
      107453
      107552
      107584
      107608
      107684
      107702
      107756
      107771
      107832
      107834
      107857
      107929
      107948
      107951
      107966
      107993
      108015
      108024
      108042
      108101
      108118
      108174
      108225
      108279
      108354
      108413
      108455
      108512
      108596
      108611
      108643
      108680
      108754
      108799
      108859
      108941
      108951
      109032
      109131
      109210
      109210
      109237
      109287
      109345
      109417
      109480
      109579
      109664
      109726
      109823
      109866
      109913
      109978
      110052
      110133
      110216
      110245
      110298
      110333
      110403
      110496
      110542
      110581
      110608
      110624
      110645
      110715
      110800
      110806
      110821
      110874
      110897
      110944
      111017
      111052
      111125
      111186
      111214
      111214
      111278
      111351
      111353
      111399
      111419
      111515
      111582
      111665
      111756
      111789
      111836
      111898
      111922
      111991
      112036
      112096
      112151
      112192
      112243
      112327
      112382
      112421
      112486
      112507
      112555
      112575
      112615
      112622
      112713
      112719
      112746
      112824
      112918
      112952
      112985
      113033
      113107
      113199
      113241
      113263
      113290
      113312
      113318
      113318
      113385
      113471
      113561
      113636
      113640
      113703
      113737
      113739
      113744
      113827
      113867
      113903
      113928
      113991
      114010
      114097
      114151
      114230
      114313
      114334
      114418
      114511
      114544
      114551
      114580
      114595
      114668
      114709
      114786
      114787
      114802
      114864
      114919
      114972
      115019
      115052
      115052
      115141
      115229
      115230
      115249
      115312
      115323
      115326
      115416
      115513
      115519
      115546
      115571
      115658
      115730
      115826
      115891
      115913
      115954
      115986
      116068
      116147
      116161
      116169
      116245
      116306
      116360
      116361
      116381
      116477
      116499
      116598
      116633
      116690
      116690
      116772
      116860
      116943
      116997
      117002
      117058
      117072
      117169
      117245
      117277
      117302
      117352
      117418
      117508
      117511
      117605
      117671
      117737
      117753
      117793
      117805
      117843
      117904
      117908
      117956
      118010
      118081
      118105
      118168
      118188
      118255
      118258
      118346
      118404
      118479
      118509
      118586
      118646
      118683
      118743
      118743
      118825
      118920
      118954
      118963
      119013
      119079
      119129
      119131
      119230
      119286
      119316
      119365
      119460
      119542
      119623
      119666
      119680
      119752
      119817
      119904
      119937
      119950
      119989
      120072
      120149
      120182
      120204
      120287
      120360
      120409
      120505
      120583
      120645
      120709
      120741
      120775
      120805
      120828
      120838
      120858
      120901
      120915
      120998
      121084
      121183
      121194
      121231
      121319
      121370
      121429
      121478
      121537
      121608
      121659
      121712
      121745
      121750
      121765
      121823
      121883
      121911
      121993
      122005
      122088
      122185
      122185
      122259
      122288
      122310
      122318
      122343
      122376
      122409
      122438
      122527
      122551
      122554
      122579
      122645
      122661
      122747
      122813
      122824
      122912
      123001
      123052
      123111
      123111
      123118
      123182
      123228
      123265
      123359
      123436
      123496
      123548
      123619
      123665
      123698
      123753
      123824
      123899
      123942
      123971
      124053
      124055
      124141
      124162
      124241
      124255
      124269
      124347
      124363
      124457
      124464
      124473
      124519
      124597
      124602
      124614
      124614
      124694
      124763
      124769
      124851
      124879
      124954
      124981
      125044
      125097
      125152
      125168
      125185
      125194
      125251
      125333
      125370
      125407
      125411
      125480
      125512
      125608
      125692
      125742
      125791
      125884
      125886
      125930
      126020
      126098
      126111
      126112
      126195
      126229
      126269
      126277
      126288
      126306
      126315
      126337
      126397
      126452
      126549
      126645
      126744
      126832
      126833
      126926
      126959
      127036
      127075
      127139
      127148
      127156
      127204
      127280
      127284
      127286
      127309
      127376
      127474
      127539
      127579
      127598
      127650
      127747
      127806
      127861
      127879
      127976
      128000
      128045
      128065
      128071
      128129
      128142
      128218
      128276
      128334
      128389
      128473
      128558
      128559
      128638
      128656
      128718
      128771
      128787
      128796
      128813
      128829
      128840
      128873
      128934
      128956
      129020
      129092
      129152
      129175
      129261
      129263
      129297
      129356
      129395
      129409
      129454
      129490
      129570
      129622
      129671
      129761
      129797
      129896
      129903
      129971
      129986
      130003
      130003
      130064
      130074
      130159
      130222
      130223
      130289
      130353
      130450
      130535
      130628
      130691
      130754
      130782
      130792
      130801
      130885
      130946
      131013
      131069
      131087
      131154
      131187
      131257
      131339
      131365
      131415
      131504
      131590
      131678
      131695
      131758
      131851
      131867
      131937
      132009
      132029
      132092
      132145
      132193
      132197
      132278
      132278
      132371
      132378
      132386
      132397
      132477
      132483
      132501
      132556
      132578
      132667
      132761
      132789
      132814
      132889
      132911
      132949
      133038
      133104
      133138
      133167
      133223
      133229
      133256
      133257
      133291
      133307
      133334
      133420
      133477
      133496
      133513
      133546
      133598
      133651
      133745
      133751
      133799
      133861
      133885
      133932
      133974
      133977
      134028
      134087
      134111
      134159
      134189
      134282
      134299
      134326
      134410
      134474
      134486
      134493
      134571
      134608
      134612
      134678
      134776
      134859
      134907
      134957
      135025
      135029
      135068
      135074
      135131
      135173
      135177
      135251
      135335
      135354
      135367
      135405
      135426
      135462
      135540
      135546
      135551
      135587
      135642
      135689
      135744
      135801
      135819
      135867
      135871
      135950
      136032
      136062
      136149
      136232
      136266
      136292
      136331
      136352
      136429
      136528
      136616
      136634
      136711
      136790
      136868
      136871
      136899
      136970
      136999
      137067
      137106
      137117
      137142
      137189
      137191
      137201
      137233
      137278
      137324
      137374
      137405
      137437
      137523
      137536
      137597
      137692
      137720
      137740
      137827
      137850
      137889
      137910
      137945
      138017
      138067
      138112
      138151
      138202
      138207
      138303
      138376
      138451
      138517
      138545
      138588
      138672
      138759
      138854
      138870
      138964
      138995
      139021
      139054
      139111
      139202
      139286
      139300
      139312
      139357
      139368
      139376
      139379
      139429
      139485
      139567
      139637
      139696
      139757
      139807
      139871
      139921
      139997
      140008
      140060
      140159
      140206
      140275
      140322
      140387
      140435
      140474
      140549
      140609
      140708
      140733
      140796
      140868
      140942
      141038
      141051
      141126
      141147
      141173
      141213
      141238
      141291
      141378
      141468
      141468
      141480
      141545
      141593
      141608
      141693
      141703
      141751
      141839
      141881
      141919
      141995
      142008
      142034
      142061
      142090
      142166
      142232
      142263
      142350
      142410
      142424
      142476
      142503
      142593
      142618
      142634
      142718
      142734
      142809
      142815
      142839
      142891
      142898
      142991
      143045
      143085
      143153
      143178
      143232
      143248
      143340
      143413
      143504
      143588
      143597
      143674
      143712
      143791
      143839
      143891
      143928
      143992
      144065
      144117
      144216
      144304
      144339
      144427
      144433
      144508
      144597
      144651
      144704
      144792
      144834
      144891
      144955
      145054
      145079
      145090
      145183
      145275
      145373
      145384
      145446
      145534
      145606
      145655
      145726
      145753
      145818
      145891
      145946
      145951
      146043
      146071
      146166
      146229
      146300
      146364
      146365
      146463
      146480
      146573
      146631
      146708
      146773
      146863
      146962
      146962
      147029
      147128
      147183
      147209
      147283
      147363
      147461
      147466
      147547
      147616
      147623
      147657
      147704
      147768
      147811
      147859
      147873
      147880
      147911
      147941
      147974
      148059
      148112
      148162
      148220
      148255
      148351
      148393
      148402
      148435
      148523
      148596
      148683
      148726
      148812
      148820
      148845
      148894
      148933
      148995
      149039
      149104
      149112
      149126
      149222
      149276
      149336
      149417
      149422
      149439
      149491
      149552
      149613
      149699
      149768
      149810
      149853
      149915
      150004
      150030
      150095
      150108
      150155
      150198
      150242
      150316
      150330
      150373
      150456
      150522
      150617
      150662
      150735
      150829
      150916
      150987
      151000
      151007
      151034
      151071
      151105
      151116
      151126
      151191
      151196
      151198
      151287
      151350
      151439
      151497
      151580
      151635
      151648
      151727
      151743
      151794
      151885
      151912
      151918
      151976
      152011
      152096
      152182
      152262
      152355
      152417
      152479
      152481
      152574
      152624
      152664
      152726
      152815
      152863
      152953
      152957
      153030
      153070
      153147
      153179
      153208
      153229
      153239
      153273
      153281
      153301
      153308
      153333
      153361
      153363
      153402
      153453
      153551
      153629
      153668
      153717
      153797
      153895
      153988
      153994
      154009
      154062
      154159
      154242
      154282
      154376
      154422
      154500
      154565
      154598
      154630
      154711
      154759
      154857
      154924
      154984
      154997
      155055
      155086
      155116
      155167
      155250
      155332
      155352
      155434
      155515
      155551
      155633
      155725
      155738
      155795
      155864
      155882
      155900
      155945
      155984
      156047
      156092
      156118
      156190
      156244
      156265
      156336
      156366
      156380
      156390
      156450
      156495
      156512
      156533
      156553
      156575
      156630
      156707
      156737
      156803
      156887
      156900
      156971
      156990
      157085
      157160
      157216
      157270
      157312
      157408
      157498
      157568
      157657
      157722
      157734
      157792
      157842
      157940
      157945
      158009
      158041
      158111
      158201
      158297
      158305
      158313
      158368
      158384
      158475
      158491
      158569
      158667
      158699
      158760
      158820
      158905
      158929
      158976
      158998
      159093
      159159
      159230
      159261
      159321
      159357
      159426
      159483
      159496
      159569
      159616
      159709
      159797
      159878
      159914
      159989
      160036
      160098
      160120
      160155
      160230
      160259
      160272
      160371
      160391
      160481
      160491
      160548
      160585
      160631
      160722
      160768
      160780
      160870
      160950
      160950
      161049
      161127
      161146
      161155
      161253
      161342
      161422
      161494
      161514
      161567
      161602
      161670
      161715
      161803
      161824
      161908
      161909
      161973
      162057
      162143
      162159
      162249
      162348
      162354
      162426
      162471
      162547
      162623
      162721
      162736
      162768
      162839
      162851
      162918
      162980
      163050
      163052
      163068
      163124
      163199
      163248
      163298
      163323
      163417
      163502
      163514
      163566
      163582
      163680
      163753
      163809
      163829
      163829
      163899
      163954
      163968
      163985
      164039
      164059
      164138
      164214
      164250
      164314
      164354
      164385
      164462
      164548
      164639
      164664
      164757
      164838
      164928
      165027
      165034
      165070
      165100
      165127
      165212
      165243
      165271
      165343
      165435
      165487
      165586
      165626
      165695
      165779
      165837
      165926
      165943
      165953
      166036
      166102
      166127
      166221
      166280
      166349
      166365
      166412
      166500
      166502
      166528
      166594
      166603
      166642
      166694
      166726
      166821
      166861
      166895
      166917
      166969
      166969
      167010
      167015
      167047
      167103
      167148
      167148
      167226
      167293
      167323
      167409
      167443
      167457
      167463
      167541
      167621
      167665
      167697
      167728
      167794
      167881
      167908
      167922
      168021
      168066
      168078
      168137
      168198
      168220
      168295
      168387
      168426
      168505
      168522
      168547
      168549
      168618
      168698
      168775
      168838
      168869
      168900
      168903
      168964
      169006
      169022
      169027
      169046
      169090
      169169
      169234
      169274
      169292
      169349
      169441
      169529
      169614
      169663
      169674
      169707
      169741
      169832
      169905
      169941
      170013
      170092
      170122
      170214
      170254
      170329
      170423
      170431
      170456
      170532
      170572
      170661
      170725
      170740
      170741
      170803
      170826
      170831
      170851
      170879
      170958
      170965
      171014
      171088
      171136
      171179
      171272
      171278
      171363
      171419
      171424
      171501
      171504
      171564
      171594
      171665
      171715
      171808
      171859
      171861
      171890
      171918
      171976
      172071
      172116
      172119
      172162
      172257
      172262
      172279
      172281
      172331
      172373
      172470
      172569
      172646
      172668
      172719
      172799
      172823
      172906
      172959
      173051
      173112
      173182
      173238
      173305
      173349
      173411
      173476
      173543
      173556
      173565
      173628
      173630
      173680
      173727
      173735
      173821
      173835
      173865
      173877
      173896
      173968
      173992
      173995
      173996
      174071
      174141
      174143
      174190
      174212
      174290
      174296
      174368
      174377
      174455
      174477
      174480
      174486
      174583
      174592
      174641
      174739
      174806
      174806
      174834
      174883
      174981
      175006
      175095
      175149
      175204
      175218
      175313
      175396
      175431
      175499
      175559
      175601
      175695
      175766
      175848
      175864
      175868
      175955
      176051
      176148
      176223
      176251
      176268
      176334
      176384
      176447
      176484
      176524
      176553
      176640
      176730
      176740
      176827
      176863
      176921
      176962
      176985
      176999
      177083
      177128
      177197
      177197
      177289
      177388
      177443
      177528
      177611
      177639
      177699
      177788
      177804
      177860
      177886
      177975
      178008
      178061
      178105
      178194
      178233
      178259
      178332
      178362
      178407
      178420
      178478
      178569
      178597
      178665
      178763
      178791
      178890
      178988
      179084
      179151
      179178
      179186
      179222
      179303
      179327
      179395
      179436
      179502
      179533
      179606
      179628
      179698
      179764
      179850
      179945
      179953
      179958
      180057
      180090
      180105
      180193
      180279
      180313
      180387
      180401
      180427
      180498
      180574
      180582
      180672
      180740
      180821
      180885
      180909
      180950
      180951
      181044
      181058
      181155
      181239
      181258
      181328
      181363
      181427
      181482
      181564
      181633
      181676
      181714
      181789
      181838
      181898
      181968
      181986
      182061
      182114
      182187
      182246
      182264
      182349
      182432
      182465
      182542
      182631
      182651
      182735
      182787
      182804
      182825
      182858
      182941
      182943
      183008
      183078
      183169
      183258
      183355
      183375
      183404
      183468
      183535
      183585
      183673
      183701
      183780
      183788
      183874
      183901
      183917
      183997
      184024
      184101
      184190
      184263
      184298
      184347
      184401
      184440
      184492
      184495
      184593
      184684
      184762
      184837
      184913
      184920
      185016
      185114
      185158
      185162
      185225
      185271
      185277
      185334
      185379
      185435
      185513
      185586
      185608
      185631
      185667
      185668
      185711
      185788
      185886
      185924
      186009
      186041
      186052
      186086
      186172
      186243
      186335
      186413
      186486
      186542
      186578
      186618
      186697
      186738
      186817
      186818
      186826
      186920
      186922
      186964
      187018
      187052
      187090
      187146
      187245
      187258
      187277
      187363
      187409
      187412
      187427
      187429
      187513
      187569
      187580
      187670
      187702
      187762
      187806
      187851
      187950
      187995
      188059
      188123
      188191
      188258
      188356
      188387
      188482
      188508
      188523
      188592
      188653
      188726
      188801
      188890
      188920
      188937
      188952
      188956
      188996
      189063
      189092
      189110
      189188
      189211
      189219
      189231
      189303
      189309
      189345
      189364
      189457
      189525
      189570
      189638
      189639
      189657
      189738
      189745
      189748
      189813
      189832
      189854
      189936
      189992
      190019
      190051
      190131
      190217
      190316
      190382
      190393
      190429
      190450
      190495
      190500
      190547
      190558
      190618
      190634
      190688
      190759
      190834
      190877
      190959
      191026
      191104
      191136
      191206
      191224
      191295
      191343
      191377
      191409
      191479
      191504
      191580
      191679
      191693
      191747
      191822
      191888
      191916
      191997
      192013
      192020
      192083
      192110
      192111
      192179
      192255
      192345
      192439
      192536
      192604
      192671
      192738
      192804
      192858
      192935
      192944
      192979
      193070
      193133
      193197
      193232
      193290
      193340
      193343
      193441
      193479
      193516
      193561
      193594
      193644
      193682
      193753
      193774
      193810
      193877
      193895
      193911
      194003
      194003
      194072
      194157
      194236
      194289
      194371
      194377
      194441
      194508
      194569
      194639
      194657
      194699
      194765
      194776
      194820
      194896
      194928
      195023
      195106
      195195
      195254
      195341
      195431
      195483
      195484
      195556
      195637
      195713
      195753
      195842
      195900
      195957
      196056
      196061
      196110
      196170
      196267
      196334
      196400
      196450
      196488
      196552
      196581
      196610
      196709
      196745
      196830
      196908
      196921
      197005
      197026
      197081
      197105
      197131
      197194
      197217
      197308
      197393
      197485
      197574
      197619
      197715
      197804
      197868
      197955
      197973
      198055
      198068
      198129
      198202
      198263
      198304
      198356
      198357
      198439
      198467
      198503
      198575
      198642
      198736
      198759
      198834
      198909
      198944
      198958
      198983
      198999
      199067
      199104
      199198
      199237
      199249
      199320
      199332
      199412
      199427
      199436
      199448
      199466
      199474
      199566
      199637
      199734
      199744
      199780
      199810
      199828
      199854
      199865
      199874
      199969
      200060
      200073
      200138
      200191
      200248
      200271
      200350
      200433
      200438
      200489
      200529
      200610
      200628
      200715
      200726
      200736
      200762
      200795
      200853
      200948
      200955
      200962
      201015
      201042
      201126
      201219
      201266
      201346
      201403
      201448
      201478
      201543
      201600
      201634
      201636
      201697
      201759
      201804
      201875
      201888
      201929
      201952
      202031
      202085
      202099
      202103
      202119
      202160
      202221
      202274
      202352
      202367
      202392
      202421
      202497
      202526
      202617
      202684
      202748
      202782
      202881
      202885
      202904
      203001
      203042
      203045
      203138
      203169
      203257
      203277
      203345
      203427
      203520
      203574
      203661
      203677
      203731
      203776
      203801
      203836
      203849
      203933
      203994
      204056
      204131
      204218
      204296
      204304
      204390
      204439
      204479
      204518
      204546
      204557
      204636
      204698
      204775
      204850
      204898
      204968
      205065
      205144
      205147
      205231
      205271
      205323
      205401
      205485
      205491
      205547
      205609
      205695
      205725
      205737
      205791
      205847
      205911
      205989
      205995
      206026
      206095
      206096
      206161
      206229
      206313
      206322
      206363
      206364
      206451
      206512
      206554
      206612
      206645
      206683
      206694
      206727
      206773
      206792
      206857
      206956
      207039
      207086
      207119
      207211
      207263
      207288
      207321
      207372
      207414
      207458
      207547
      207561
      207562
      207605
      207646
      207665
      207680
      207762
      207795
      207892
      207945
      208010
      208050
      208107
      208119
      208154
      208177
      208184
      208262
      208321
      208340
      208352
      208448
      208450
      208525
      208591
      208623
      208628
      208659
      208714
      208753
      208818
      208836
      208912
      208919
      208954
      209045
      209143
      209203
      209236
      209274
      209349
      209371
      209445
      209506
      209599
      209661
      209674
      209688
      209774
      209844
      209868
      209870
      209926
      209974
      210045
      210143
      210229
      210260
      210310
      210356
      210398
      210472
      210478
      210489
      210510
      210575
      210661
      210751
      210810
      210839
      210872
      210970
      210972
      210980
      211006
      211066
      211119
      211217
      211308
      211340
      211376
      211451
      211456
      211459
      211552
      211562
      211567
      211569
      211569
      211592
      211618
      211689
      211763
      211775
      211779
      211811
      211813
      211888
      211957
      212020
      212102
      212196
      212247
      212340
      212372
      212381
      212471
      212520
      212590
      212643
      212662
      212739
      212819
      212875
      212884
      212963
      213043
      213110
      213139
      213207
      213281
      213306
      213353
      213403
      213444
      213511
      213523
      213591
      213664
      213749
      213758
      213796
      213801
      213812
      213875
      213954
      214035
      214131
      214199
      214224
      214294
      214375
      214416
      214491
      214529
      214577
      214617
      214693
      214772
      214789
      214822
      214908
      214908
      214982
      214989
      215086
      215103
      215200
      215256
      215275
      215359
      215403
      215420
      215468
      215521
      215521
      215559
      215643
      215726
      215789
      215829
      215922
      216000
      216003
      216066
      216096
      216172
      216228
      216319
      216342
      216399
      216405
      216495
      216543
      216550
      216577
      216618
      216711
      216718
      216793
      216844
      216851
      216930
      216970
      216977
      217045
      217092
      217149
      217165
      217264
      217336
      217406
      217476
      217508
      217572
      217591
      217675
      217757
      217802
      217825
      217896
      217960
      218054
      218055
      218139
      218168
      218221
      218281
      218378
      218398
      218430
      218519
      218523
      218562
      218642
      218698
      218717
      218777
      218843
      218913
      219002
      219092
      219115
      219127
      219144
      219222
      219265
      219333
      219390
      219456
      219475
      219490
      219537
      219581
      219621
      219659
      219692
      219788
      219840
      219895
      219947
      220032
      220066
      220067
      220149
      220232
      220291
      220348
      220381
      220475
      220497
      220536
      220541
      220624
      220642
      220723
      220787
      220870
      220906
      220919
      220972
      221021
      221090
      221108
      221164
      221199
      221213
      221258
      221281
      221315
      221414
      221493
      221543
      221625
      221628
      221641
      221644
      221665
      221674
      221747
      221786
      221820
      221900
      221951
      222008
      222013
      222035
      222117
      222141
      222181
      222187
      222253
      222319
      222409
      222443
      222538
      222577
      222620
      222620
      222650
      222711
      222765
      222847
      222854
      222863
      222892
      222926
      223025
      223100
      223135
      223178
      223194
      223291
      223299
      223395
      223458
      223551
      223612
      223656
      223661
      223697
      223781
      223849
      223902
      223966
      223973
      223983
      223988
      224000
      224093
      224168
      224204
      224285
      224303
      224382
      224404
      224431
      224507
      224578
      224644
      224702
      224779
      224868
      224918
      224938
      225015
      225058
      225107
      225127
      225205
      225292
      225320
      225343
      225371
      225375
      225425
      225427
      225494
      225530
      225593
      225598
      225662
      225686
      225764
      225767
      225809
      225844
      225846
      225875
      225880
      225979
      226061
      226148
      226218
      226311
      226410
      226482
      226544
      226583
      226594
      226654
      226657
      226756
      226759
      226808
      226829
      226923
      226955
      226974
      227014
      227072
      227092
      227149
      227170
      227204
      227285
      227330
      227375
      227447
      227470
      227500
      227527
      227550
      227635
      227733
      227752
      227776
      227798
      227853
      227868
      227876
      227910
      227989
      227994
      228060
      228060
      228140
      228223
      228271
      228363
      228370
      228415
      228480
      228544
      228561
      228652
      228710
      228783
      228858
      228930
      229003
      229055
      229134
      229182
      229237
      229293
      229364
      229381
      229465
      229530
      229611
      229709
      229716
      229807
      229876
      229913
      230003
      230085
      230103
      230198
      230210
      230297
      230302
      230342
      230382
      230439
      230502
      230599
      230622
      230712
      230754
      230764
      230806
      230810
      230901
      230907
      230973
      230979
      231026
      231034
      231037
      231097
      231122
      231167
      231189
      231243
      231293
      231384
      231439
      231447
      231535
      231569
      231653
      231680
      231751
      231826
      231919
      232008
      232045
      232058
      232151
      232189
      232288
      232387
      232485
      232499
      232534
      232584
      232587
      232646
      232734
      232833
      232865
      232961
      232992
      233054
      233071
      233107
      233196
      233243
      233248
      233321
      233404
      233491
      233512
      233567
      233666
      233726
      233765
      233804
      233870
      233937
      233965
      233979
      233992
      233995
      234007
      234103
      234138
      234141
      234209
      234281
      234357
      234423
      234473
      234540
      234588
      234663
      234719
      234750
      234807
      234825
      234869
      234959
      235018
      235021
      235066
      235108
      235141
      235198
      235281
      235309
