          44
         113
         162
         260
         336
         338
         432
         486
         552
         564
         612
         671
         683
         700
         767
         779
         804
         885
         951
        1043
        1057
        1058
        1119
        1126
        1139
        1149
        1191
        1275
        1301
        1365
        1403
        1440
        1496
        1562
        1654
        1730
        1784
        1820
        1883
        1911
        1957
        1962
        2050
        2074
        2076
        2126
        2204
        2263
        2287
        2338
        2419
        2499
        2524
        2537
        2543
        2569
        2656
        2708
        2749
        2781
        2878
        2973
        3056
        3083
        3162
        3246
        3340
        3397
        3413
        3422
        3423
        3482
        3521
        3614
        3693
        3765
        3811
        3831
        3892
        3906
        3933
        4012
        4019
        4112
        4179
        4182
        4213
        4254
        4288
        4305
        4323
        4372
        4398
        4497
        4572
        4589
        4639
        4707
        4772
        4782
        4782
        4792
        4865
        4870
        4901
        4955
        4972
        5020
        5063
        5088
        5118
        5209
        5255
        5330
        5412
        5412
        5478
        5519
        5586
        5655
        5732
        5751
        5817
        5896
        5974
        5974
        6002
        6062
        6098
        6151
        6192
        6267
        6357
        6393
        6458
        6479
        6550
        6606
        6699
        6752
        6850
        6887
        6919
        6939
        7016
        7107
        7130
        7177
        7256
        7265
        7353
        7412
        7444
        7449
        7506
        7518
        7617
        7683
        7685
        7729
        7800
        7873
        7875
        7890
        7926
        8014
        8019
        8062
        8082
        8113
        8203
        8217
        8268
        8285
        8365
        8425
        8485
        8530
        8544
        8593
        8594
        8639
        8700
        8775
        8815
        8903
        8990
        9029
        9101
        9165
        9254
        9325
        9337
        9392
        9449
        9504
        9511
        9539
        9569
        9586
        9662
        9677
        9737
        9783
        9814
        9899
        9920
        9964
       10024
       10073
       10117
       10117
       10213
       10287
       10353
       10442
       10484
       10495
       10573
       10629
       10671
       10743
       10838
       10866
       10904
       10964
       11048
       11103
       11166
       11258
       11258
       11278
       11296
       11374
       11410
       11440
       11481
       11577
       11675
       11720
       11754
       11785
       11787
       11880
       11945
       12020
       12080
       12155
       12182
       12279
       12290
       12338
       12432
       12453
       12520
       12569
       12600
       12619
       12685
       12784
       12845
       12849
       12859
       12936
       12997
       13062
       13160
       13181
       13279
       13332
       13388
       13452
       13535
       13571
       13602
       13628
       13647
       13700
       13787
       13837
       13898
       13926
       13958
       14004
       14077
       14099
       14198
       14207
       14291
       14364
       14385
       14430
       14431
       14518
       14531
       14620
       14661
       14677
       14715
       14810
       14899
       14902
       14951
       14989
       15062
       15093
       15186
       15232
       15256
       15296
       15319
       15363
       15416
       15491
       15581
       15635
       15690
       15789
       15802
       15817
       15821
       15825
       15919
       16011
       16012
       16023
       16032
       16078
       16151
       16172
       16184
       16279
       16308
       16325
       16394
       16414
       16479
       16578
       16602
       16698
       16760
       16766
       16845
       16936
       16997
       17021
       17086
       17136
       17164
       17229
       17255
       17261
       17275
       17310
       17355
       17363
       17410
       17454
       17553
       17631
       17651
       17656
       17753
       17757
       17771
       17868
       17887
       17887
       17891
       17895
       17976
       18021
       18090
       18135
       18171
       18225
       18265
       18347
       18434
       18487
       18563
       18608
       18621
       18711
       18741
       18799
       18889
       18963
       19043
       19069
       19140
       19227
       19264
       19342
       19376
       19434
       19472
       19556
       19642
       19705
       19791
       19836
       19850
       19922
       19995
       20069
       20115
       20183
       20275
       20308
       20371
       20390
       20400
       20498
       20589
       20662
       20683
       20721
       20813
       20828
       20896
       20896
       20980
       21035
       21058
       21101
       21146
       21148
       21218
       21296
       21349
       21359
       21380
       21389
       21486
       21542
       21558
       21588
       21678
       21716
       21804
       21854
       21925
       21963
       22027
       22108
       22187
       22193
       22253
       22293
       22326
       22369
       22456
       22468
       22537
       22618
       22671
       22724
       22727
       22804
       22821
       22845
       22883
       22982
       23010
       23066
       23140
       23177
       23211
       23241
       23329
       23404
       23421
       23495
       23546
       23561
       23600
       23615
       23696
       23726
       23736
       23818
       23878
       23912
       23981
       24075
       24117
       24144
       24176
       24226
       24316
       24352
       24401
       24449
       24484
       24494
       24500
       24568
       24612
       24664
       24671
       24676
       24744
       24821
       24897
       24961
       25032
       25100
       25151
       25243
       25295
       25351
       25412
       25470
       25516
       25520
       25571
       25621
       25665
       25690
       25785
       25875
       25893
       25954
       25969
       26003
       26006
       26041
       26047
       26124
       26148
       26204
       26301
       26351
       26381
       26469
       26535
       26594
       26646
       26679
       26716
       26796
       26825
       26843
       26852
       26896
       26930
       26936
       27006
       27051
       27066
       27133
       27185
       27217
       27236
       27257
       27312
       27322
       27368
       27381
       27412
       27492
       27524
       27580
       27664
       27706
       27716
       27763
       27839
       27917
       27992
       27993
       28056
       28139
       28210
       28288
       28328
       28334
       28335
       28400
       28474
       28525
       28541
       28560
       28640
       28728
       28795
       28811
       28823
       28917
       28966
       28983
       29056
       29125
       29138
       29155
       29190
       29241
       29245
       29273
       29318
       29387
       29451
       29529
       29530
       29620
       29624
       29708
       29778
       29863
       29883
       29886
       29904
       29957
       30003
       30079
       30153
       30153
       30164
       30217
       30287
       30366
       30382
       30410
       30478
       30518
       30617
       30626
       30680
       30703
       30795
       30840
       30853
       30878
       30937
       30950
       31047
       31081
       31108
       31145
       31212
       31283
       31296
       31379
       31476
       31543
       31548
       31610
       31706
       31752
       31845
       31914
       31951
       31961
       32047
       32114
       32145
       32197
       32230
       32298
       32342
       32385
       32467
       32552
       32609
       32670
       32704
       32756
       32802
       32846
       32917
       32951
       32970
       33027
       33058
       33111
       33122
       33129
       33191
       33244
       33323
       33366
       33444
       33535
       33559
       33565
       33609
       33695
       33792
       33792
       33814
       33863
       33909
       33948
       34019
       34037
       34125
       34134
       34167
       34213
       34225
       34269
       34288
       34378
       34434
       34482
       34526
       34568
       34652
       34677
       34679
       34704
       34782
       34835
       34835
       34880
       34948
       34986
       35043
       35069
       35140
       35231
       35247
       35248
       35281
       35377
       35422
       35487
       35539
       35558
       35584
       35625
       35641
       35663
       35742
       35743
       35835
       35905
       35937
       35957
       36050
       36110
       36125
       36224
       36278
       36366
       36438
       36448
       36500
       36584
       36678
       36735
       36774
       36785
       36835
       36879
       36916
       36926
       36980
       36991
       37090
       37148
       37192
       37198
       37231
       37250
       37318
       37396
       37490
       37518
       37558
       37649
       37707
       37740
       37837
       37877
       37966
       38051
       38075
       38166
       38206
       38233
       38282
       38333
       38349
       38358
       38366
       38398
       38449
       38515
       38576
       38607
       38692
       38779
       38860
       38947
       39040
       39042
       39106
       39186
       39255
       39278
       39280
       39299
       39380
       39457
       39464
       39498
       39520
       39547
       39565
       39622
       39653
       39704
       39736
       39760
       39830
       39879
       39908
       39981
       40012
       40054
       40111
       40122
       40160
       40194
       40237
       40278
       40328
       40365
       40382
       40467
       40566
       40630
       40654
       40687
       40736
       40811
       40880
       40957
       41006
       41027
       41045
       41095
       41143
       41226
       41283
       41306
       41339
       41413
       41440
       41490
       41533
       41569
       41582
       41668
       41716
       41747
       41748
       41772
       41837
       41837
       41860
       41899
       41914
       41982
       42004
       42045
       42050
       42100
       42150
       42153
       42240
       42282
       42366
       42435
       42476
       42541
       42615
       42646
       42724
       42805
       42854
       42886
       42974
       43050
       43110
       43190
       43269
       43300
       43363
       43408
       43501
       43525
       43568
       43637
       43639
       43706
       43772
       43785
       43851
       43875
       43907
       43977
       43982
       43998
       44030
       44119
       44146
       44171
       44206
       44210
       44303
       44387
       44455
       44481
       44484
       44523
       44583
       44646
       44666
       44753
       44777
       44793
       44814
       44849
       44946
       45038
       45078
       45133
       45175
       45182
       45240
       45331
       45422
       45457
       45521
       45598
       45670
       45701
       45760
       45785
       45856
       45881
       45938
       46034
       46079
       46178
       46225
       46294
       46345
       46374
       46418
       46499
       46563
       46618
       46693
       46721
       46754
       46764
       46845
       46941
       46970
       47036
       47059
       47100
       47190
       47228
       47233
       47273
       47307
       47362
       47369
       47455
       47493
       47526
       47586
       47643
       47713
       47764
       47859
       47900
       47928
       47971
       47980
       48066
       48066
       48075
       48107
       48126
       48153
       48171
       48203
       48257
       48347
       48421
       48444
       48511
       48514
       48576
       48609
       48630
       48703
       48762
       48846
       48921
       48981
       48995
       49004
       49009
       49078
       49120
       49166
       49192
       49205
       49207
       49264
       49264
       49331
       49336
       49395
       49487
       49581
       49591
       49690
       49759
       49838
       49884
       49977
       50073
       50075
       50104
       50190
       50202
       50298
       50315
       50332
       50337
       50381
       50464
       50465
       50558
       50617
       50628
       50651
       50662
       50706
       50777
       50838
       50897
       50985
       51035
       51110
       51194
       51242
       51337
       51354
       51383
       51458
       51464
       51548
       51618
       51620
       51637
       51666
       51745
       51820
       51905
       52002
       52007
       52007
       52059
       52152
       52192
       52232
       52250
       52274
       52361
       52424
       52436
       52477
       52576
       52657
       52729
       52761
       52831
       52844
       52857
       52919
       52953
       53028
       53115
       53155
       53169
       53268
       53334
       53355
       53418
       53477
       53549
       53626
       53655
       53740
       53780
       53877
       53950
       53998
       54042
       54072
       54164
       54246
       54303
       54389
       54475
       54492
       54494
       54536
       54596
       54654
       54694
       54780
       54849
       54884
       54934
       54934
       55025
       55037
       55040
       55082
       55136
       55211
       55277
       55312
       55342
       55424
       55443
       55518
       55573
       55574
       55605
       55617
       55650
       55740
       55805
       55831
       55840
       55930
       56026
       56051
       56084
       56141
       56198
       56221
       56230
       56255
       56353
       56381
       56401
       56444
       56445
       56480
       56483
       56494
       56506
       56556
       56577
       56608
       56678
       56739
       56771
       56812
       56881
       56946
       57009
       57038
       57109
       57188
       57201
       57242
       57264
       57333
       57355
       57425
       57519
       57581
       57639
       57713
       57809
       57860
       57909
       57994
       58091
       58132
       58187
       58256
       58344
       58370
       58438
       58445
       58461
       58536
       58554
       58610
       58631
       58657
       58728
       58820
       58838
       58870
       58880
       58939
       59001
       59057
       59077
       59120
       59169
       59259
       59350
       59427
       59480
       59527
       59621
       59674
       59728
       59800
       59883
       59921
       59927
       59974
       60064
       60108
       60122
       60210
       60302
       60364
       60385
       60448
       60537
       60578
       60670
       60757
       60770
       60851
       60903
       60970
       60981
       61046
       61116
       61132
       61148
       61225
       61294
       61352
       61434
       61474
       61548
       61561
       61618
       61649
       61662
       61719
       61817
       61872
       61875
       61916
       62004
       62060
       62131
       62183
       62270
       62361
       62362
       62377
       62432
       62493
       62506
       62563
       62657
       62661
       62673
       62733
       62748
       62789
       62861
       62959
       62965
       63041
       63060
       63087
       63152
       63249
       63312
       63327
       63345
       63396
       63407
       63449
       63469
       63526
       63578
       63652
       63712
       63737
       63786
       63824
       63870
       63883
       63961
       64004
       64004
       64012
       64065
       64125
       64188
       64267
       64272
       64284
       64358
       64393
       64415
       64416
       64423
       64521
       64598
       64608
       64701
       64781
       64830
       64839
       64901
       64991
       65035
       65049
       65087
       65173
       65188
       65267
       65275
       65331
       65430
       65481
       65512
       65553
       65634
       65685
       65690
       65751
       65768
       65845
       65853
       65941
       65955
       66034
       66049
       66058
       66104
       66137
       66197
       66198
       66205
       66231
       66238
       66304
       66319
       66345
       66414
       66456
       66519
       66552
       66604
       66611
       66672
       66699
       66729
       66764
       66810
       66857
       66939
       66981
       67074
       67093
       67171
       67171
       67231
       67287
       67386
       67393
       67428
       67502
       67523
       67611
       67640
       67737
       67781
       67793
       67844
       67869
       67961
       68049
       68104
       68136
       68215
       68279
       68299
       68366
       68431
       68475
       68505
       68530
       68575
       68575
       68661
       68686
       68696
       68751
       68838
       68904
       68960
       68992
       69010
       69090
       69183
       69273
       69362
       69387
       69418
       69454
       69462
       69511
       69532
       69620
       69643
       69725
       69777
       69810
       69895
       69920
       69953
       69995
       70035
       70060
       70090
       70105
       70158
       70233
       70307
       70352
       70418
       70462
       70546
       70572
       70657
       70683
       70763
       70817
       70905
       70993
       71022
       71054
       71119
       71153
       71192
       71278
       71377
       71462
       71553
       71592
       71595
       71633
       71700
       71788
       71881
       71976
       71985
       72037
       72106
       72139
       72196
       72234
       72319
       72382
       72422
       72450
       72491
       72583
       72680
       72698
       72708
       72748
       72843
       72872
       72898
       72971
       73022
       73050
       73105
       73157
       73187
       73266
       73336
       73392
       73398
       73484
       73492
       73583
       73597
       73677
       73727
       73741
       73837
       73934
       73988
       73993
       74035
       74042
       74136
       74223
       74240
       74261
       74315
       74394
       74459
       74547
       74623
       74697
       74788
       74866
       74954
       75014
       75071
       75154
       75162
       75227
       75243
       75278
       75320
       75326
       75386
       75449
       75534
       75627
       75663
       75680
       75771
       75775
       75823
       75892
       75944
       76021
       76077
       76147
       76220
       76248
       76321
       76401
       76407
       76469
       76497
       76541
       76576
       76586
       76662
       76707
       76719
       76809
       76829
       76918
       76985
       77073
       77121
       77191
       77217
       77247
       77271
       77291
       77355
       77379
       77425
       77513
       77533
       77578
       77617
       77666
       77690
       77779
       77851
       77879
       77882
       77919
       77953
       78023
       78049
       78077
       78130
       78198
       78244
       78278
       78284
       78307
       78345
       78419
       78515
       78589
       78602
       78694
       78711
       78726
       78726
       78759
       78853
       78935
       78977
       79073
       79127
       79181
       79258
       79305
       79369
       79374
       79429
       79471
       79522
       79526
       79565
       79589
       79655
       79673
       79723
       79785
       79867
       79927
       79993
       80035
       80072
       80084
       80131
       80210
       80245
       80314
       80326
       80352
       80425
       80430
       80478
       80565
       80658
       80737
       80749
       80845
       80920
       80945
       81031
       81117
       81188
       81264
       81286
       81373
       81378
       81390
       81452
       81508
       81604
       81616
       81710
       81762
       81850
       81949
       81987
       81991
       82052
       82133
       82213
       82220
       82224
       82228
       82290
       82305
       82347
       82391
       82404
       82441
       82464
       82556
       82570
       82577
       82623
       82654
       82670
       82694
       82772
       82840
       82904
       82964
       83012
       83078
       83141
       83144
       83192
       83243
       83248
       83293
       83296
       83308
       83323
       83369
       83434
       83510
       83517
       83588
       83673
       83751
       83811
       83891
       83927
       84008
       84098
       84107
       84188
       84188
       84194
       84239
       84302
       84309
       84319
       84352
       84411
       84487
       84574
       84623
       84652
       84696
       84780
       84878
       84899
       84948
       84970
       85040
       85116
       85153
       85193
       85195
       85284
       85341
       85366
       85413
       85476
       85479
       85536
       85631
       85685
       85773
       85824
       85921
       85993
       86008
       86081
       86082
       86153
       86247
       86301
       86323
       86353
       86356
       86445
       86479
       86553
       86612
       86657
       86667
       86726
       86788
       86864
       86892
       86921
       86974
       87045
       87089
       87115
       87171
       87218
       87245
       87295
       87328
       87385
       87390
       87473
       87530
       87602
       87643
       87739
       87752
       87786
       87817
       87889
       87924
       87968
       88063
       88078
       88129
       88196
       88267
       88360
       88387
       88426
       88469
       88523
       88549
       88553
       88553
       88644
       88728
       88730
       88770
       88853
       88860
       88892
       88963
       89022
       89059
       89130
       89143
       89232
       89295
       89301
       89369
       89447
       89515
       89520
       89581
       89631
       89714
       89785
       89878
       89916
       89988
       90079
       90092
       90119
       90120
       90131
       90141
       90155
       90189
       90242
       90250
       90255
       90295
       90363
       90388
       90453
       90476
       90558
       90614
       90646
       90674
       90693
       90781
       90858
       90873
       90931
       90942
       90988
       91011
       91028
       91104
       91202
       91234
       91331
       91402
       91483
       91489
       91498
       91587
       91655
       91735
       91790
       91879
       91973
       92071
       92077
       92174
       92177
       92212
       92247
       92255
       92317
       92349
       92438
       92497
       92542
       92549
       92603
       92629
       92632
       92714
       92742
       92818
       92895
       92908
       92945
       92967
       92972
       93046
       93111
       93188
       93252
       93328
       93415
       93457
       93512
       93512
       93586
       93598
       93639
       93706
       93736
       93789
       93859
       93920
       93999
       94069
       94099
       94166
       94244
       94300
       94356
       94404
       94424
       94461
       94467
       94531
       94586
       94636
       94676
       94749
       94832
       94874
       94909
       94920
       94981
       95006
       95086
       95146
       95159
       95201
       95258
       95266
       95291
       95346
       95430
       95508
       95572
       95632
       95666
       95676
       95694
       95753
       95842
       95905
       95979
       96053
       96078
       96080
       96156
       96242
       96276
       96327
       96344
       96354
       96422
       96510
       96547
       96577
       96599
       96664
       96722
       96723
       96737
       96739
       96809
       96866
       96936
       96985
       97052
       97067
       97074
       97110
       97202
       97242
       97275
       97374
       97401
       97482
       97497
       97578
       97622
       97641
       97726
       97784
       97800
       97826
       97852
       97936
       98012
       98104
       98130
       98214
       98298
       98335
       98356
       98416
       98427
       98491
       98510
       98557
       98615
       98664
       98749
       98817
       98867
       98957
       99040
       99126
       99218
       99299
       99396
       99491
       99505
       99538
       99621
       99656
       99742
       99769
       99827
       99918
       99974
      100060
      100077
      100102
      100133
      100160
      100170
      100228
      100250
      100267
      100293
      100329
      100375
      100468
      100491
      100575
      100603
      100640
      100680
      100720
      100721
      100760
      100845
      100929
      100988
      101065
      101162
      101216
      101238
      101269
      101292
      101389
      101484
      101580
      101603
      101647
      101711
      101735
      101765
      101834
      101859
      101896
      101952
      102016
      102028
      102031
      102104
      102149
      102199
      102203
      102284
      102352
      102406
      102418
      102490
      102523
      102593
      102634
      102690
      102744
      102784
      102838
      102891
      102946
      102989
      103056
      103062
      103091
      103100
      103163
      103235
      103299
      103329
      103361
      103378
      103452
      103519
      103581
      103583
      103656
      103692
      103710
      103782
      103876
      103890
      103890
      103961
      104060
      104143
      104156
      104192
      104232
      104237
      104259
      104313
      104340
      104422
      104494
      104528
      104595
      104621
      104643
      104661
      104714
      104767
      104789
      104880
      104971
      105026
      105084
      105094
      105133
      105182
      105246
      105262
      105351
      105421
      105457
      105515
      105568
      105572
      105628
      105638
      105656
      105657
      105751
      105806
      105831
      105873
      105891
      105893
      105942
      106009
      106023
      106119
      106126
      106177
      106206
      106301
      106315
      106411
      106438
      106460
      106462
      106463
      106548
      106579
      106590
      106640
      106659
      106711
      106801
      106846
      106879
      106968
      107052
      107061
      107077
      107173
      107265
      107283
      107370
      107386
      107445
      107500
      107518
      107546
      107613
      107645
      107736
      107803
      107891
      107953
      108036
      108040
      108050
      108112
      108157
      108219
      108226
      108241
      108294
      108305
      108336
      108370
      108463
      108550
      108567
      108631
      108660
      108685
      108767
      108802
      108844
      108880
      108929
      108979
      109026
      109100
      109190
      109209
      109213
      109277
      109281
      109332
      109422
      109511
      109515
      109549
      109620
      109637
      109709
      109721
      109728
      109808
      109818
      109864
      109906
      109973
      110025
      110096
      110165
      110231
      110262
      110325
      110386
      110424
      110468
      110540
      110626
      110681
      110702
      110759
      110794
      110806
      110830
      110884
      110896
      110940
      111023
      111115
      111168
      111195
      111223
      111276
      111297
      111319
      111332
      111332
      111381
      111412
      111481
      111504
      111555
      111578
      111602
      111660
      111696
      111789
      111853
      111932
      111984
      111987
      112044
      112123
      112211
      112248
      112279
      112299
      112354
      112355
      112382
      112451
      112519
      112611
      112612
      112705
      112720
      112785
      112821
      112878
      112886
      112916
      112946
      112946
      112957
      113053
      113144
      113176
      113207
      113220
      113263
      113297
      113366
      113461
      113560
      113612
      113639
      113657
      113689
      113763
      113859
      113944
      114006
      114102
      114166
      114172
      114247
      114264
      114272
      114302
      114319
      114373
      114456
      114460
      114522
      114531
      114548
      114613
      114655
      114726
      114787
      114862
      114920
      114985
      115041
      115067
      115132
      115132
      115193
      115200
      115253
      115341
      115418
      115505
      115526
      115538
      115606
      115680
      115778
      115796
      115861
      115902
      115945
      116020
      116070
      116104
      116180
      116268
      116323
      116397
      116427
      116506
      116538
      116599
      116618
      116701
      116711
      116751
      116773
      116833
      116927
      116994
      117083
      117098
      117133
      117219
      117284
      117361
      117387
      117394
      117440
      117507
      117527
      117586
      117606
      117627
      117682
      117687
      117740
      117785
      117861
      117871
      117890
      117918
      117975
      118027
      118067
      118081
      118114
      118207
      118289
      118299
      118389
      118440
      118478
      118560
      118642
      118643
      118734
      118766
      118801
      118885
      118961
      118975
      119067
      119074
      119092
      119122
      119190
      119232
      119307
      119335
      119421
      119467
      119505
      119588
      119640
      119659
      119697
      119748
      119777
      119785
      119815
      119865
      119903
      119996
      120012
      120098
      120171
      120223
      120279
      120370
      120410
      120450
      120477
      120527
      120528
      120617
      120658
      120699
      120710
      120780
      120793
      120849
      120929
      120949
      121018
      121049
      121093
      121144
      121148
      121176
      121238
      121246
      121293
      121375
      121411
      121438
      121506
      121602
      121699
      121724
      121746
      121839
      121890
      121932
      121995
      122005
      122076
      122123
      122164
      122202
      122253
      122301
      122314
      122412
      122447
      122462
      122512
      122515
      122536
      122566
      122573
      122618
      122681
      122729
      122729
      122745
      122785
      122833
      122925
      123022
      123060
      123116
      123212
      123249
      123276
      123313
      123400
      123498
      123553
      123628
      123682
      123775
      123809
      123818
      123836
      123854
      123855
      123944
      124009
      124104
      124199
      124206
      124210
      124264
      124289
      124312
      124323
      124392
      124445
      124511
      124567
      124627
      124704
      124712
      124713
      124781
      124863
      124885
      124908
      124938
      124964
      125042
      125053
      125088
      125127
      125201
      125204
      125219
      125238
      125258
      125348
      125425
      125439
      125487
      125491
      125533
      125609
      125649
      125710
      125793
      125825
      125886
      125964
      126010
      126085
      126115
      126164
      126189
      126243
      126264
      126267
      126294
      126301
      126359
      126422
      126499
      126582
      126678
      126720
      126808
      126891
      126937
      126986
      127037
      127066
      127088
      127140
      127169
      127233
      127332
      127431
      127462
      127535
      127586
      127610
      127690
      127782
      127814
      127816
      127839
      127875
      127912
      127931
      127971
      127984
      128078
      128140
      128176
      128192
      128260
      128316
      128381
      128461
      128467
      128533
      128600
      128632
      128725
      128764
      128790
      128872
      128967
      128984
      129078
      129093
      129153
      129203
      129255
      129258
      129329
      129347
      129413
      129429
      129481
      129489
      129517
      129616
      129707
      129786
      129842
      129880
      129889
      129941
      130020
      130106
      130184
      130272
      130356
      130445
      130486
      130576
      130625
      130697
      130764
      130774
      130803
      130803
      130817
      130833
      130865
      130956
      130971
      131063
      131063
      131086
      131102
      131119
      131200
      131239
      131297
      131327
      131380
      131459
      131466
      131511
      131606
      131666
      131720
      131789
      131869
      131966
      131971
      132022
      132034
      132055
      132115
      132148
      132228
      132253
      132340
      132366
      132464
      132530
      132624
      132669
      132742
      132772
      132776
      132826
      132924
      132927
      132944
      132975
      133002
      133099
      133162
      133210
      133297
      133303
      133308
      133357
      133383
      133440
      133500
      133579
      133607
      133640
      133711
      133749
      133834
      133838
      133850
      133850
      133874
      133901
      133995
      134064
      134091
      134098
      134173
      134195
      134294
      134379
      134474
      134558
      134584
      134592
      134623
      134684
      134688
      134728
      134739
      134801
      134895
      134985
      134993
      135020
      135070
      135105
      135168
      135235
      135272
      135302
      135374
      135376
      135394
      135493
      135515
      135582
      135607
      135644
      135681
      135780
      135782
      135843
      135896
      135990
      136053
      136147
      136232
      136276
      136337
      136390
      136393
      136488
      136569
      136570
      136601
      136670
      136709
      136761
      136815
      136912
      136961
      136989
      137016
      137104
      137129
      137186
      137204
      137248
      137343
      137439
      137453
      137535
      137557
      137566
      137622
      137626
      137691
      137739
      137756
      137775
      137785
      137816
      137816
      137902
      137948
      138023
      138044
      138106
      138128
      138224
      138245
      138300
      138360
      138364
      138402
      138424
      138440
      138517
      138558
      138617
      138649
      138675
      138743
      138803
      138827
      138847
      138889
      138979
      139000
      139066
      139110
      139205
      139259
      139310
      139330
      139378
      139400
      139419
      139515
      139575
      139665
      139763
      139773
      139801
      139848
      139882
      139904
      139968
      140021
      140067
      140150
      140200
      140233
      140240
      140256
      140307
      140381
      140467
      140490
      140547
      140584
      140681
      140733
      140801
      140879
      140923
      141019
      141105
      141132
      141137
      141155
      141173
      141205
      141292
      141303
      141377
      141451
      141484
      141489
      141537
      141616
      141678
      141761
      141813
      141814
      141867
      141945
      142002
      142084
      142091
      142133
      142178
      142253
      142342
      142365
      142433
      142505
      142546
      142584
      142611
      142691
      142774
      142851
      142928
      142983
      142988
      143027
      143091
      143135
      143224
      143299
      143368
      143455
      143459
      143533
      143540
      143621
      143621
      143625
      143627
      143635
      143707
      143796
      143835
      143881
      143944
      144039
      144099
      144162
      144204
      144261
      144357
      144454
      144484
      144508
      144537
      144633
      144731
      144813
      144837
      144895
      144942
      145004
      145026
      145086
      145148
      145203
      145209
      145268
      145296
      145304
      145364
      145444
      145467
      145529
      145621
      145655
      145668
      145675
      145702
      145759
      145820
      145839
      145843
      145938
      145954
      146005
      146019
      146038
      146076
      146090
      146155
      146216
      146301
      146305
      146328
      146371
      146455
      146494
      146582
      146649
      146685
      146706
      146794
      146892
      146918
      146950
      147017
      147056
      147116
      147182
      147216
      147250
      147274
      147290
      147327
      147397
      147429
      147503
      147506
      147562
      147641
      147723
      147803
      147902
      147978
      148000
      148051
      148068
      148123
      148153
      148153
      148170
      148233
      148287
      148320
      148326
      148415
      148471
      148493
      148548
      148558
      148581
      148609
      148644
      148722
      148728
      148751
      148821
      148845
      148885
      148955
      149047
      149101
      149145
      149155
      149225
      149244
      149342
      149399
      149450
      149527
      149589
      149638
      149693
      149789
      149862
      149890
      149958
      150024
      150073
      150116
      150150
      150172
      150205
      150235
      150235
      150238
      150256
      150346
      150441
      150463
      150546
      150579
      150641
      150700
      150729
      150742
      150830
      150863
      150905
      150923
      150934
      150957
      150979
      151048
      151086
      151155
      151165
      151225
      151278
      151308
      151365
      151435
      151458
      151538
      151617
      151683
      151765
      151811
      151861
      151930
      151975
      152072
      152161
      152202
      152260
      152279
      152371
      152446
      152488
      152499
      152520
      152554
      152570
      152611
      152686
      152766
      152794
      152818
      152873
      152933
      152963
      153044
      153134
      153135
      153144
      153159
      153194
      153231
      153284
      153382
      153386
      153475
      153477
      153527
      153613
      153625
      153708
      153794
      153859
      153862
      153894
      153946
      154045
      154092
      154163
      154260
      154274
      154319
      154368
      154431
      154513
      154575
      154660
      154689
      154781
      154795
      154836
      154883
      154916
      154972
      154987
      155033
      155035
      155082
      155171
      155190
      155257
      155348
      155403
      155409
      155485
      155529
      155552
      155651
      155661
      155756
      155819
      155852
      155927
      155984
      156035
      156055
      156083
      156097
      156171
      156254
      156349
      156362
      156387
      156403
      156471
      156502
      156601
      156657
      156691
      156718
      156738
      156774
      156867
      156959
      157011
      157068
      157146
      157174
      157269
      157309
      157337
      157393
      157467
      157550
      157573
      157582
      157607
      157695
      157766
      157773
      157779
      157807
      157848
      157936
      157978
      158059
      158095
      158126
      158223
      158306
      158352
      158433
      158459
      158515
      158602
      158625
      158714
      158805
      158881
      158890
      158923
      158924
      159002
      159097
      159196
      159265
      159301
      159329
      159405
      159432
      159443
      159443
      159490
      159536
      159601
      159624
      159697
      159705
      159743
      159825
      159902
      159918
      160016
      160093
      160178
      160193
      160263
      160276
      160288
      160288
      160316
      160344
      160406
      160449
      160470
      160549
      160606
      160643
      160710
      160773
      160799
      160843
      160914
      160923
      160946
      160965
      160981
      161009
      161034
      161074
      161096
      161127
      161192
      161288
      161301
      161331
      161403
      161420
      161503
      161541
      161616
      161632
      161684
      161727
      161817
      161876
      161975
      162004
      162018
      162049
      162132
      162203
      162206
      162301
      162338
      162376
      162377
      162414
      162443
      162500
      162554
      162641
      162736
      162740
      162750
      162798
      162821
      162829
      162862
      162927
      162945
      162982
      163015
      163054
      163136
      163194
      163237
      163308
      163350
      163445
      163487
      163512
      163537
      163598
      163693
      163746
      163766
      163801
      163843
      163852
      163859
      163905
      163935
      163959
      164033
      164117
      164159
      164218
      164292
      164386
      164473
      164476
      164548
      164549
      164615
      164644
      164702
      164706
      164734
      164760
      164773
      164860
      164937
      164978
      164988
      165084
      165102
      165103
      165139
      165181
      165231
      165256
      165262
      165308
      165376
      165425
      165509
      165540
      165588
      165592
      165670
      165695
      165751
      165819
      165830
      165887
      165973
      165976
      166028
      166111
      166210
      166306
      166360
      166403
      166455
      166546
      166623
      166644
      166710
      166713
      166778
      166807
      166890
      166961
      167043
      167098
      167194
      167281
      167337
      167391
      167466
      167536
      167634
      167666
      167751
      167775
      167829
      167877
      167968
      167977
      167989
      168073
      168086
      168169
      168190
      168288
      168337
      168340
      168372
      168387
      168422
      168506
      168527
      168607
      168616
      168622
      168685
      168726
      168729
      168754
      168818
      168914
      168997
      169035
      169105
      169150
      169171
      169261
      169313
      169388
      169411
      169412
      169426
      169457
      169490
      169542
      169581
      169657
      169661
      169743
      169763
      169817
      169836
      169904
      169934
      169972
      169999
      170009
      170052
      170078
      170080
      170085
      170184
      170274
      170334
      170346
      170402
      170447
      170496
      170577
      170665
      170715
      170720
      170760
      170798
      170856
      170914
      170931
      171019
      171027
      171081
      171126
      171180
      171216
      171308
      171373
      171443
      171496
      171564
      171584
      171590
      171658
      171710
      171760
      171822
      171851
      171874
      171897
      171975
      171980
      172005
      172006
      172103
      172197
      172259
      172314
      172389
      172432
      172516
      172529
      172538
      172608
      172618
      172648
      172744
      172838
      172885
      172894
      172983
      173078
      173161
      173260
      173356
      173414
      173475
      173549
      173648
      173695
      173785
      173856
      173903
      173936
      173973
      174023
      174051
      174138
      174144
      174225
      174245
      174258
      174344
      174412
      174442
      174533
      174605
      174651
      174748
      174830
      174833
      174922
      174936
      175002
      175018
      175042
      175067
      175099
      175154
      175213
      175217
      175217
      175241
      175290
      175306
      175316
      175336
      175433
      175488
      175495
      175590
      175679
      175771
      175851
      175892
      175917
      175952
      176000
      176078
      176112
      176113
      176178
      176199
      176213
      176216
      176288
      176379
      176430
      176488
      176564
      176637
      176657
      176720
      176745
      176774
      176842
      176922
      176965
      176989
      177059
      177146
      177223
      177229
      177261
      177293
      177305
      177375
      177457
      177543
      177574
      177613
      177626
      177714
      177727
      177746
      177813
      177849
      177855
      177885
      177885
      177915
      177969
      178055
      178145
      178218
      178270
      178326
      178331
      178420
      178427
      178508
      178524
      178530
      178576
      178631
      178704
      178803
      178838
      178928
      179020
      179105
      179147
      179181
      179218
      179229
      179250
      179345
      179433
      179516
      179569
      179619
      179636
      179641
      179712
      179793
      179815
      179863
      179901
      179969
      180053
      180077
      180142
      180173
      180218
      180241
      180268
      180269
      180328
      180406
      180408
      180481
      180507
      180543
      180592
      180635
      180676
      180720
      180749
      180788
      180807
      180815
      180881
      180937
      180965
      181014
      181073
      181152
      181214
      181252
      181306
      181373
      181450
      181500
      181551
      181627
      181695
      181726
      181746
      181747
      181813
      181882
      181957
      181958
      182057
      182072
      182135
      182142
      182160
      182179
      182226
      182265
      182342
      182408
      182446
      182450
      182515
      182599
      182633
      182727
      182774
      182817
      182826
      182872
      182892
      182963
      183009
      183070
      183075
      183097
      183185
      183197
      183213
      183255
      183347
      183432
      183480
      183491
      183575
      183664
      183714
      183783
      183842
      183896
      183896
      183921
      183933
      184001
      184094
      184108
      184135
      184158
      184208
      184255
      184298
      184324
      184371
      184461
      184465
      184500
      184520
      184570
      184578
      184591
      184683
      184705
      184742
      184781
      184810
      184888
      184900
      184961
      185060
      185145
      185172
      185190
      185283
      185327
      185330
      185354
      185440
      185441
      185528
      185561
      185648
      185650
      185652
      185702
      185759
      185827
      185900
      185973
      186045
      186048
      186069
      186161
      186163
      186248
      186347
      186408
      186421
      186468
      186536
      186583
      186614
      186698
      186779
      186800
      186803
      186867
      186930
      186938
      186963
      187019
      187076
      187104
      187188
      187270
      187344
      187346
      187360
      187395
      187409
      187414
      187457
      187551
      187625
      187631
      187648
      187657
      187716
      187798
      187814
      187862
      187909
      187922
      187949
      187992
      188039
      188070
      188092
      188185
      188248
      188323
      188394
      188437
      188446
      188495
      188589
      188617
      188707
      188708
      188731
      188781
      188877
      188961
      189053
      189091
      189180
      189273
      189365
      189430
      189500
      189546
      189603
      189629
      189701
      189782
      189783
      189784
      189851
      189919
      189979
      190021
      190047
      190055
      190115
      190159
      190214
      190239
      190244
      190285
      190304
      190355
      190401
      190500
      190502
      190510
      190517
      190557
      190595
      190694
      190752
      190778
      190861
      190933
      191022
      191081
      191163
      191197
      191207
      191265
      191347
      191435
      191442
      191484
      191546
      191639
      191664
      191688
      191765
      191806
      191844
      191865
      191926
      191966
      192024
      192040
      192053
      192122
      192218
      192244
      192254
      192324
      192367
      192451
      192492
      192548
      192569
      192633
      192666
      192682
      192766
      192782
      192832
      192901
      192991
      193049
      193093
      193159
      193180
      193237
      193293
      193345
      193361
      193408
      193475
      193559
      193565
      193614
      193620
      193661
      193699
      193711
      193798
      193875
      193885
      193913
      193990
      194042
      194076
      194113
      194128
      194140
      194170
      194189
      194266
      194343
      194356
      194442
      194465
      194513
      194536
      194619
      194682
      194690
      194741
      194831
      194898
      194941
      195027
      195113
      195139
      195145
      195208
      195216
      195306
      195353
      195368
      195387
      195416
      195426
      195485
      195562
      195641
      195644
      195711
      195757
      195773
      195792
      195804
      195880
      195880
      195904
      195924
      195985
      196063
      196074
      196099
      196179
      196221
      196294
      196369
      196399
      196411
      196442
      196469
      196469
      196496
      196499
      196523
      196531
      196614
      196702
      196774
      196810
      196863
      196936
      196993
      196997
      197045
      197100
      197125
      197210
      197306
      197329
      197423
      197451
      197535
      197578
      197674
      197726
      197765
      197788
      197839
      197850
      197885
      197927
      198005
      198069
      198132
      198193
      198223
      198304
      198328
      198329
      198375
      198457
      198492
      198575
      198607
      198611
      198646
      198659
      198661
      198738
      198738
      198808
      198831
      198847
      198879
      198906
      198983
      199002
      199030
      199067
      199084
      199137
      199187
      199230
      199269
      199333
      199363
      199405
      199472
      199528
      199625
      199685
      199690
      199739
      199809
      199903
      199913
      199945
      200003
      200015
      200068
      200106
      200129
      200193
      200243
      200276
      200279
      200296
      200318
      200413
      200453
      200545
      200566
      200605
      200681
      200777
      200834
      200903
      200909
      200911
      200939
      201021
      201036
      201070
      201088
      201113
      201209
      201209
      201307
      201337
      201347
      201367
      201392
      201435
      201502
      201505
      201555
      201626
      201645
      201666
      201670
      201702
      201736
      201792
      201798
      201888
      201906
      202002
      202083
      202119
      202164
      202247
      202305
      202308
      202331
      202382
      202445
      202468
      202535
      202561
      202567
      202604
      202648
      202653
      202733
      202762
      202763
      202785
      202800
      202868
      202887
      202950
      202951
      202970
      203062
      203111
      203130
      203166
      203194
      203257
      203308
      203333
      203352
      203446
      203530
      203577
      203613
      203631
      203718
      203746
      203780
      203834
      203919
      203996
      203997
      204053
      204106
      204130
      204225
      204229
      204327
      204385
      204424
      204468
      204540
      204593
      204622
      204681
      204722
      204761
      204771
      204865
      204879
      204937
      205007
      205039
      205058
      205092
      205127
      205222
      205306
      205329
      205335
      205361
      205450
      205475
      205566
      205574
      205607
      205680
      205702
      205791
      205821
      205877
      205906
      205973
      205973
      206004
      206015
      206038
      206118
      206180
      206187
      206200
      206260
      206352
      206430
      206469
      206499
      206557
      206616
      206648
      206656
      206676
      206774
      206780
      206877
      206955
      206987
      207007
      207037
      207042
      207122
      207167
      207199
      207279
      207288
      207294
      207315
      207337
      207428
      207514
      207608
      207701
      207773
      207792
      207795
      207807
      207899
      207998
      208058
      208075
      208139
      208197
      208274
      208277
      208328
      208384
      208471
      208567
      208611
      208621
      208671
      208671
      208732
      208753
      208830
      208833
      208847
      208856
      208916
      208957
      209054
      209101
      209173
      209194
      209206
      209254
      209325
      209386
      209407
      209491
      209554
      209572
      209657
      209672
      209762
      209785
      209810
      209869
      209929
      210025
      210113
      210180
      210220
      210291
      210385
      210462
      210534
      210544
      210606
      210699
      210791
      210854
      210953
      210958
      211024
      211037
      211086
      211143
      211219
      211243
      211300
      211356
      211375
      211419
      211501
      211570
      211586
      211653
      211735
      211803
      211878
      211942
      211970
      212051
      212054
      212145
      212150
      212218
      212219
      212242
      212288
      212356
      212422
      212510
      212591
      212669
      212727
      212770
      212822
      212843
      212930
      212978
      213018
      213079
      213130
      213202
      213250
      213317
      213380
      213453
      213547
      213583
      213675
      213720
      213786
      213885
      213914
      213919
      213947
      213962
      214000
      214076
      214174
      214179
      214246
      214264
      214318
      214405
      214478
      214528
      214531
      214547
      214609
      214704
      214757
      214770
      214779
      214858
      214939
      215028
      215094
      215175
      215196
      215262
      215300
      215399
      215462
      215527
      215569
      215649
      215729
      215791
      215827
      215834
      215837
      215936
      215947
      216045
      216074
      216081
      216125
      216174
      216226
      216265
      216320
      216357
      216423
      216499
      216516
      216540
      216604
      216658
      216680
      216762
      216820
      216875
      216926
      216987
      217002
      217098
      217147
      217205
      217280
      217357
      217434
      217498
      217517
      217578
      217647
      217677
      217753
      217793
      217820
      217870
      217937
      218010
      218109
      218125
      218203
      218238
      218268
      218279
      218323
      218389
      218467
      218506
      218518
      218604
      218655
      218747
      218751
      218797
      218846
      218870
      218901
      218902
      218982
      219015
      219106
      219108
      219171
      219208
      219208
      219304
      219320
      219392
      219452
      219503
      219570
      219591
      219601
      219656
      219731
      219785
      219868
      219922
      219932
      219955
      219957
      219957
      220047
      220067
      220076
      220155
      220169
      220255
      220277
      220308
      220402
      220417
      220454
      220495
      220563
      220619
      220637
      220670
      220708
      220721
      220736
      220816
      220856
      220903
      220948
      220995
      221059
      221075
      221117
      221154
      221230
      221243
      221243
      221287
      221356
      221407
      221412
      221491
      221515
      221595
      221597
      221648
      221661
      221717
      221813
      221881
      221896
      221915
      221983
      222064
      222146
      222166
      222261
      222353
      222389
      222424
      222434
      222522
      222555
      222569
      222622
      222667
      222703
      222776
      222813
      222890
      222966
      223009
      223086
      223128
      223217
      223258
      223343
      223430
      223466
      223491
      223533
      223544
      223575
      223668
      223675
      223679
      223687
      223712
      223795
      223795
      223810
      223845
      223909
      223980
      224037
      224117
      224155
      224238
      224284
      224326
      224328
      224379
      224410
      224424
      224521
      224524
      224589
      224633
      224729
      224746
      224767
      224806
      224905
      224939
      225000
      225095
      225184
      225232
      225316
      225354
      225360
      225389
      225444
      225446
      225514
      225544
      225597
      225667
      225712
      225733
      225780
      225812
      225871
      225921
      226007
      226051
      226071
      226125
      226201
      226215
      226310
      226321
      226400
      226451
      226497
      226530
      226571
      226613
      226648
      226707
      226782
      226812
      226904
      226957
      227020
      227067
      227160
      227255
      227262
      227341
      227370
      227459
      227557
      227563
      227616
      227638
      227652
      227674
      227721
      227800
      227854
      227858
      227950
      228008
      228046
      228074
      228111
      228129
      228159
      228198
      228256
      228289
      228327
      228327
      228336
      228356
      228408
      228449
      228504
      228538
      228612
      228617
      228633
      228641
      228670
      228767
      228783
      228789
      228801
      228815
      228829
      228869
      228886
      228972
      228975
      229027
      229094
      229169
      229229
      229257
      229311
      229341
      229402
      229443
      229500
      229515
      229543
      229581
      229614
      229697
      229792
      229871
      229925
      229925
      229955
      229970
      230044
      230115
      230197
      230282
      230310
      230370
      230463
      230507
      230564
      230593
      230678
      230689
      230775
      230817
      230882
      230920
      230958
      231029
      231075
      231133
      231175
      231218
      231250
      231251
      231296
      231311
      231347
      231363
      231461
      231546
      231579
      231622
      231719
      231727
      231767
      231854
      231903
      231942
      232036
      232091
      232110
      232197
      232267
      232268
      232331
      232332
      232368
      232415
      232448
      232528
      232582
      232600
      232622
      232696
      232765
      232848
      232936
      232939
      233038
      233098
      233114
      233136
      233139
      233173
      233222
      233315
      233321
      233362
      233365
      233411
      233458
      233486
      233496
      233592
      233669
      233704
      233789
      233807
      233857
      233896
      233989
      234032
      234126
      234157
      234253
      234278
      234377
      234412
      234480
      234481
      234512
      234549
      234618
      234630
      234673
      234700
      234706
      234753
      234822
      234894
      234968
      234979
      235071
      235117
      235160
      235226
      235301
      235366
      235386
      235388
      235445
      235507
      235544
      235638
      235662
      235757
      235814
      235879
      235952
      235964
      236033
      236047
      236075
      236102
      236135
      236195
      236244
      236334
      236352
      236451
      236513
      236558
      236604
      236660
      236704
      236706
      236799
      236892
      236960
      236991
      237082
      237095
      237101
      237110
      237115
      237161
      237180
      237180
      237216
      237286
      237350
      237362
      237440
      237530
      237602
      237667
      237690
      237772
      237848
      237921
      237952
      238013
      238020
      238108
      238158
      238255
      238266
      238365
      238442
      238498
      238566
      238603
      238613
      238700
      238771
      238798
      238867
      238949
      239040
      239084
      239117
      239190
      239277
      239372
      239408
      239452
      239501
      239569
      239609
      239651
      239709
      239711
      239715
      239793
      239818
      239826
      239911
      239968
      239981
      240046
      240132
      240197
      240260
      240343
      240393
      240438
      240448
      240480
      240504
      240550
      240555
      240621
      240629
      240688
      240734
      240764
      240863
      240937
      240947
      240949
      240966
      241047
      241101
      241188
      241220
      241253
      241342
      241370
      241405
      241494
      241553
      241592
      241651
      241710
      241783
      241873
      241949
      242018
      242059
      242078
      242137
      242139
      242188
      242194
      242285
      242375
      242444
      242482
      242518
      242530
      242628
      242679
      242762
      242846
      242893
      242980
      243048
      243065
      243104
      243187
      243270
      243319
