          62
          98
         109
         152
         219
         270
         298
         352
         380
         427
         431
         491
         549
         600
         643
         660
         736
         776
         776
         803
         872
         878
         977
        1060
        1103
        1201
        1294
        1388
        1468
        1551
        1601
        1646
        1678
        1734
        1817
        1888
        1915
        1937
        2024
        2033
        2068
        2099
        2163
        2225
        2237
        2331
        2345
        2399
        2439
        2444
        2542
        2616
        2683
        2750
        2791
        2818
        2848
        2875
        2922
        2947
        2996
        3016
        3050
        3051
        3126
        3198
        3228
        3299
        3306
        3345
        3369
        3380
        3400
        3438
        3453
        3493
        3569
        3637
        3714
        3716
        3784
        3874
        3884
        3910
        3918
        3940
        4008
        4064
        4090
        4148
        4234
        4279
        4333
        4424
        4463
        4552
        4575
        4637
        4728
        4789
        4789
        4807
        4849
        4873
        4925
        5012
        5082
        5160
        5234
        5302
        5393
        5448
        5527
        5593
        5624
        5647
        5652
        5710
        5788
        5789
        5843
        5941
        6031
        6032
        6036
        6048
        6101
        6111
        6154
        6203
        6290
        6317
        6390
        6463
        6476
        6513
        6527
        6605
        6614
        6690
        6697
        6716
        6813
        6832
        6931
        6941
        7032
        7126
        7220
        7306
        7334
        7353
        7449
        7451
        7492
        7545
        7583
        7593
        7673
        7673
        7717
        7770
        7796
        7841
        7874
        7933
        7967
        7974
        8012
        8072
        8082
        8176
        8217
        8229
        8318
        8331
        8408
        8484
        8486
        8566
        8585
        8591
        8651
        8739
        8739
        8775
        8864
        8947
        8987
        9005
        9039
        9091
        9112
        9189
        9200
        9296
        9368
        9386
        9407
        9501
        9545
        9620
        9706
        9759
        9769
        9850
        9856
        9880
        9943
        9949
       10025
       10104
       10201
       10285
       10358
       10433
       10444
       10508
       10553
       10639
       10712
       10808
       10886
       10923
       10956
       10987
       11085
       11114
       11115
       11171
       11210
       11269
       11341
       11360
       11419
       11474
       11501
       11576
       11630
       11637
       11668
       11696
       11742
       11784
       11875
       11907
       11916
       11988
       11996
       12004
       12090
       12094
       12174
       12268
       12356
       12373
       12434
       12525
       12587
       12607
       12641
       12716
       12809
       12872
       12933
       12992
       13063
       13151
       13167
       13201
       13252
       13287
       13307
       13317
       13321
       13380
       13390
       13414
       13485
       13501
       13546
       13557
       13626
       13703
       13712
       13777
       13832
       13860
       13953
       13989
       14028
       14115
       14127
       14190
       14236
       14280
       14341
       14425
       14474
       14482
       14527
       14570
       14602
       14623
       14676
       14733
       14800
       14823
       14883
       14883
       14887
       14936
       14978
       14979
       14983
       14995
       15021
       15102
       15169
       15196
       15210
       15212
       15310
       15338
       15354
       15453
       15462
       15527
       15551
       15571
       15638
       15650
       15701
       15719
       15786
       15811
       15858
       15864
       15921
       15922
       15938
       15968
       16053
       16114
       16125
       16162
       16201
       16222
       16244
       16322
       16376
       16460
       16477
       16550
       16594
       16657
       16715
       16778
       16824
       16826
       16862
       16877
       16955
       17024
       17117
       17206
       17226
       17256
       17304
       17344
       17423
       17459
       17477
       17549
       17595
       17682
       17770
       17820
       17901
       17915
       17918
       17987
       18017
       18080
       18146
       18234
       18251
       18273
       18294
       18382
       18414
       18487
       18575
       18621
       18630
       18718
       18727
       18771
       18826
       18919
       18984
       19051
       19097
       19178
       19277
       19331
       19429
       19487
       19554
       19604
       19649
       19721
       19723
       19773
       19812
       19896
       19959
       20041
       20129
       20169
       20214
       20245
       20294
       20387
       20465
       20506
       20545
       20635
       20640
       20648
       20650
       20718
       20795
       20819
       20885
       20984
       21047
       21141
       21204
       21271
       21327
       21410
       21505
       21542
       21549
       21610
       21632
       21657
       21692
       21717
       21717
       21770
       21777
       21872
       21907
       21961
       22045
       22053
       22076
       22130
       22181
       22266
       22349
       22385
       22385
       22460
       22517
       22524
       22592
       22623
       22635
       22641
       22669
       22766
       22853
       22920
       22991
       23077
       23111
       23134
       23150
       23167
       23242
       23339
       23420
       23457
       23531
       23587
       23587
       23609
       23671
       23731
       23755
       23851
       23901
       23934
       24002
       24048
       24118
       24181
       24256
       24344
       24437
       24482
       24483
       24574
       24669
       24702
       24715
       24730
       24756
       24832
       24896
       24922
       25000
       25005
       25085
       25123
       25169
       25218
       25229
       25273
       25330
       25418
       25436
       25489
       25515
       25553
       25648
       25668
       25693
       25696
       25753
       25777
       25788
       25828
       25869
       25901
       25996
       26005
       26080
       26101
       26164
       26262
       26319
       26416
       26492
       26590
       26639
       26724
       26731
       26734
       26804
       26859
       26863
       26865
       26901
       26931
       27026
       27110
       27148
       27220
       27265
       27267
       27317
       27416
       27485
       27543
       27581
       27629
       27704
       27770
       27804
       27872
       27914
       27928
       28005
       28008
       28044
       28131
       28197
       28232
       28273
       28329
       28405
       28493
       28539
       28637
       28657
       28724
       28734
       28830
       28919
       28945
       28957
       29042
       29098
       29111
       29169
       29181
       29208
       29231
       29321
       29360
       29392
       29452
       29539
       29610
       29640
       29673
       29696
       29786
       29837
       29922
       29962
       30002
       30066
       30106
       30202
       30264
       30299
       30330
       30423
       30451
       30534
       30617
       30681
       30690
       30776
       30800
       30880
       30893
       30899
       30920
       30947
       30976
       31070
       31157
       31211
       31279
       31309
       31348
       31392
       31484
       31520
       31530
       31577
       31620
       31635
       31652
       31734
       31769
       31786
       31833
       31913
       31966
       32011
       32031
       32064
       32140
       32164
       32250
       32258
       32325
       32401
       32417
       32450
       32494
       32520
       32572
       32594
       32646
       32672
       32751
       32819
       32822
       32892
       32941
       33014
       33102
       33119
       33141
       33218
       33273
       33274
       33281
       33379
       33459
       33497
       33566
       33610
       33639
       33714
       33726
       33790
       33844
       33893
       33896
       33967
       34045
       34057
       34138
       34138
       34172
       34204
       34265
       34302
       34350
       34389
       34466
       34544
       34626
       34663
       34671
       34719
       34742
       34768
       34867
       34876
       34894
       34977
       35059
       35074
       35077
       35083
       35107
       35192
       35194
       35292
       35333
       35383
       35396
       35484
       35523
       35604
       35656
       35751
       35800
       35851
       35907
       35989
       36038
       36057
       36099
       36099
       36192
       36222
       36249
       36341
       36415
       36442
       36493
       36532
       36543
       36557
       36615
       36638
       36649
       36698
       36758
       36758
       36854
       36921
       36923
       36924
       36943
       36975
       37055
       37143
       37185
       37275
       37359
       37430
       37472
       37523
       37588
       37598
       37638
       37723
       37750
       37833
       37884
       37960
       37997
       38049
       38087
       38153
       38211
       38278
       38376
       38434
       38494
       38520
       38593
       38691
       38753
       38785
       38877
       38939
       39025
       39088
       39125
       39147
       39213
       39312
       39359
       39427
       39465
       39529
       39538
       39606
       39618
       39687
       39721
       39737
       39742
       39747
       39821
       39883
       39887
       39934
       40017
       40093
       40161
       40210
       40256
       40343
       40399
       40482
       40504
       40569
       40652
       40675
       40735
       40821
       40853
       40934
       40996
       41079
       41113
       41183
       41186
       41278
       41304
       41323
       41351
       41442
       41448
       41457
       41480
       41511
       41586
       41668
       41752
       41778
       41802
       41819
       41839
       41910
       41972
       42060
       42082
       42082
       42118
       42167
       42168
       42211
       42259
       42324
       42344
       42430
       42526
       42569
       42632
       42659
       42754
       42782
       42876
       42943
       43007
       43103
       43110
       43183
       43233
       43329
       43352
       43440
       43521
       43610
       43696
       43721
       43740
       43744
       43777
       43801
       43898
       43936
       44017
       44115
       44170
       44269
       44285
       44347
       44384
       44456
       44541
       44563
       44630
       44685
       44782
       44838
       44924
       44956
       45017
       45097
       45178
       45277
       45364
       45456
       45502
       45528
       45623
       45673
       45742
       45785
       45833
       45844
       45845
       45935
       45988
       46045
       46093
       46130
       46185
       46209
       46216
       46289
       46368
       46457
       46480
       46515
       46522
       46532
       46604
       46611
       46643
       46677
       46767
       46818
       46875
       46963
       47016
       47027
       47087
       47103
       47195
       47261
       47289
       47375
       47408
       47483
       47574
       47585
       47649
       47720
       47760
       47834
       47906
       47985
       48041
       48116
       48152
       48199
       48207
       48210
       48217
       48280
       48318
       48329
       48408
       48427
       48468
       48564
       48570
       48598
       48643
       48732
       48809
       48880
       48904
       48996
       49092
       49173
       49206
       49213
       49310
       49365
       49441
       49512
       49535
       49539
       49584
       49657
       49743
       49784
       49785
       49849
       49910
       49979
       49992
       50051
       50059
       50082
       50099
       50165
       50168
       50203
       50263
       50362
       50424
       50464
       50482
       50544
       50597
       50627
       50696
       50718
       50777
       50862
       50873
       50905
       50954
       50964
       51005
       51005
       51068
       51104
       51195
       51227
       51306
       51392
       51439
       51488
       51526
       51537
       51591
       51658
       51685
       51692
       51785
       51858
       51893
       51925
       51990
       52084
       52182
       52259
       52352
       52400
       52465
       52489
       52526
       52567
       52594
       52635
       52715
       52797
       52832
       52920
       52967
       53011
       53015
       53020
       53094
       53147
       53152
       53188
       53253
       53334
       53399
       53454
       53518
       53547
       53562
       53562
       53592
       53653
       53680
       53725
       53788
       53792
       53808
       53862
       53941
       53952
       53999
       54064
       54153
       54228
       54283
       54332
       54386
       54431
       54506
       54524
       54561
       54626
       54669
       54734
       54759
       54849
       54919
       54937
       54948
       55020
       55056
       55140
       55192
       55211
       55300
       55387
       55476
       55477
       55510
       55604
       55618
       55693
       55740
       55809
       55899
       55965
       56046
       56112
       56190
       56218
       56316
       56386
       56419
       56504
       56583
       56664
       56680
       56725
       56781
       56847
       56882
       56935
       56965
       56999
       57007
       57070
       57126
       57213
       57260
       57355
       57446
       57447
       57481
       57576
       57581
       57666
       57717
       57809
       57846
       57921
       57992
       58020
       58070
       58136
       58221
       58263
       58356
       58406
       58437
       58467
       58540
       58589
       58619
       58699
       58771
       58825
       58897
       58967
       58986
       59069
       59072
       59163
       59229
       59321
       59410
       59460
       59516
       59595
       59635
       59645
       59717
       59751
       59835
       59849
       59888
       59894
       59958
       59982
       60050
       60146
       60151
       60198
       60213
       60273
       60340
       60349
       60393
       60437
       60442
       60475
       60515
       60540
       60602
       60682
       60715
       60791
       60805
       60901
       60959
       60985
       61066
       61127
       61226
       61269
       61328
       61358
       61372
       61462
       61467
       61471
       61561
       61631
       61723
       61801
       61884
       61940
       62010
       62094
       62133
       62217
       62250
       62343
       62370
       62372
       62435
       62461
       62465
       62512
       62525
       62604
       62676
       62748
       62805
       62870
       62957
       62969
       63015
       63039
       63115
       63164
       63216
       63253
       63346
       63427
       63521
       63555
       63611
       63651
       63694
       63705
       63781
       63798
       63804
       63824
       63854
       63865
       63900
       63915
       63935
       63964
       64001
       64020
       64094
       64186
       64194
       64224
       64296
       64304
       64330
       64350
       64443
       64488
       64584
       64671
       64760
       64797
       64888
       64926
       65013
       65084
       65099
       65196
       65238
       65325
       65412
       65423
       65428
       65518
       65556
       65632
       65662
       65736
       65766
       65813
       65826
       65866
       65961
       66017
       66044
       66069
       66118
       66196
       66198
       66204
       66225
       66321
       66326
       66366
       66375
       66417
       66496
       66564
       66564
       66564
       66631
       66651
       66689
       66706
       66780
       66784
       66799
       66840
       66929
       66967
       67004
       67092
       67126
       67155
       67165
       67220
       67251
       67329
       67343
       67429
       67447
       67495
       67564
       67630
       67647
       67709
       67789
       67883
       67921
       68003
       68023
       68045
       68083
       68155
       68205
       68258
       68300
       68319
       68327
       68366
       68460
       68551
       68602
       68664
       68704
       68704
       68741
       68800
       68847
       68874
       68940
       68949
       69033
       69132
       69166
       69191
       69216
       69250
       69339
       69370
       69448
       69476
       69520
       69587
       69598
       69690
       69730
       69828
       69896
       69963
       69981
       70020
       70033
       70035
       70116
       70166
       70234
       70322
       70336
       70346
       70372
       70400
       70491
       70575
       70586
       70677
       70697
       70734
       70821
       70855
       70926
       70972
       71003
       71068
       71099
       71145
       71189
       71222
       71307
       71316
       71413
       71484
       71495
       71583
       71583
       71593
       71676
       71766
       71776
       71824
       71860
       71956
       72009
       72014
       72056
       72060
       72124
       72176
       72190
       72264
       72350
       72369
       72412
       72448
       72449
       72542
       72548
       72632
       72723
       72747
       72749
       72757
       72792
       72887
       72891
       72979
       73042
       73074
       73087
       73087
       73165
       73165
       73192
       73251
       73293
       73356
       73370
       73428
       73442
       73465
       73484
       73578
       73645
       73725
       73805
       73849
       73945
       73976
       74029
       74103
       74104
       74132
       74219
       74266
       74267
       74341
       74374
       74469
       74519
       74598
       74598
       74646
       74742
       74801
       74810
       74832
       74921
       74961
       75045
       75112
       75150
       75208
       75299
       75361
       75459
       75557
       75563
       75566
       75602
       75631
       75635
       75687
       75739
       75740
       75790
       75885
       75919
       75922
       75952
       75987
       76058
       76136
       76223
       76272
       76318
       76396
       76427
       76483
       76573
       76658
       76737
       76785
       76840
       76885
       76951
       76989
       77069
       77159
       77220
       77295
       77295
       77297
       77305
       77383
       77396
       77412
       77437
       77529
       77555
       77628
       77660
       77747
       77810
       77904
       77946
       77974
       78019
       78118
       78119
       78164
       78188
       78189
       78226
       78255
       78331
       78428
       78433
       78484
       78518
       78543
       78573
       78574
       78628
       78680
       78698
       78748
       78842
       78844
       78855
       78887
       78928
       78939
       79001
       79021
       79078
       79143
       79194
       79241
       79320
       79395
       79439
       79466
       79533
       79595
       79690
       79756
       79844
       79913
       79989
       80028
       80111
       80162
       80177
       80234
       80259
       80355
       80410
       80509
       80594
       80617
       80653
       80720
       80728
       80801
       80873
       80897
       80942
       80977
       81037
       81095
       81144
       81168
       81181
       81182
       81191
       81197
       81226
       81323
       81398
       81446
       81535
       81546
       81560
       81562
       81592
       81653
       81692
       81786
       81821
       81901
       81937
       81989
       82033
       82067
       82126
       82167
       82197
       82197
       82199
       82203
       82215
       82277
       82345
       82421
       82449
       82538
       82555
       82565
       82648
       82654
       82687
       82727
       82760
       82814
       82879
       82918
       82996
       83084
       83178
       83213
       83257
       83277
       83307
       83341
       83351
       83449
       83543
       83603
       83644
       83680
       83685
       83712
       83712
       83740
       83774
       83817
       83868
       83933
       83999
       84011
       84110
       84179
       84181
       84207
       84214
       84281
       84333
       84367
       84461
       84558
       84643
       84659
       84731
       84733
       84764
       84814
       84859
       84937
       84968
       84986
       85046
       85134
       85209
       85214
       85269
       85304
       85392
       85452
       85517
       85590
       85632
       85692
       85754
       85767
       85865
       85881
       85949
       85968
       86022
       86052
       86075
       86096
       86173
       86209
       86297
       86394
       86412
       86454
       86463
       86545
       86560
       86630
       86676
       86714
       86767
       86811
       86828
       86913
       86938
       87031
       87046
       87067
       87156
       87237
       87257
       87349
       87374
       87451
       87478
       87516
       87542
       87635
       87660
       87745
       87807
       87840
       87856
       87901
       87901
       87993
       88008
       88009
       88085
       88123
       88127
       88211
       88288
       88349
       88392
       88415
       88471
       88550
       88629
       88651
       88735
       88782
       88835
       88907
       88950
       89044
       89086
       89177
       89186
       89274
       89312
       89318
       89382
       89428
       89496
       89592
       89685
       89721
       89759
       89774
       89865
       89932
       90024
       90052
       90111
       90166
       90244
       90270
       90289
       90331
       90425
       90464
       90489
       90489
       90523
       90602
       90646
       90725
       90746
       90833
       90927
       90972
       91015
       91069
       91083
       91145
       91203
       91254
       91328
       91350
       91429
       91491
