           6
          49
          57
         122
         206
         260
         297
         363
         417
         438
         505
         579
         648
         664
         670
         735
         747
         781
         864
         891
         917
         986
        1009
        1078
        1167
        1237
        1293
        1384
        1427
        1488
        1587
        1658
        1691
        1708
        1716
        1801
        1806
        1824
        1836
        1837
        1850
        1899
        1965
        2020
        2096
        2164
        2225
        2266
        2319
        2347
        2426
        2498
        2563
        2616
        2690
        2721
        2723
        2778
        2782
        2835
        2918
        2925
        2938
        2977
        3024
        3025
        3046
        3108
        3133
        3202
        3280
        3334
        3334
        3402
        3412
        3480
        3539
        3618
        3708
        3775
        3826
        3884
        3888
        3903
        3917
        3919
        3993
        4054
        4108
        4206
        4278
        4354
        4419
        4491
        4563
        4616
        4688
        4754
        4814
        4907
        4961
        5001
        5038
        5091
        5188
        5271
        5290
        5333
        5369
        5462
        5512
        5604
        5622
        5632
        5665
        5756
        5765
        5812
        5815
        5821
        5825
        5853
        5911
        6001
        6029
        6083
        6169
        6221
        6255
        6339
        6386
        6470
        6535
        6608
        6639
        6684
        6778
        6861
        6917
        7010
        7108
        7193
        7207
        7243
        7289
        7320
        7323
        7360
        7404
        7487
        7555
        7562
        7595
        7690
        7769
        7851
        7948
        8015
        8054
        8101
        8187
        8190
        8264
        8317
        8395
        8451
        8489
        8561
        8655
        8733
        8748
        8822
        8825
        8888
        8971
        9059
        9123
        9200
        9236
        9328
        9344
        9442
        9450
        9484
        9545
        9631
        9690
        9699
        9781
        9833
        9895
        9975
       10038
       10060
       10141
       10155
       10177
       10192
       10229
       10302
       10396
       10399
       10484
       10550
       10588
       10682
       10700
       10700
       10776
       10866
       10916
       10965
       10972
       11051
       11086
       11154
       11249
       11299
       11397
       11415
       11507
       11536
       11542
       11595
       11601
       11657
       11739
       11762
       11793
       11868
       11876
       11928
       11989
       12002
       12006
       12065
       12127
       12223
       12306
       12343
       12431
       12502
       12574
       12577
       12621
       12621
       12697
       12700
       12774
       12850
       12932
       12935
       12995
       13046
       13086
       13093
       13137
       13140
       13164
       13165
       13222
       13269
       13297
       13309
       13314
       13332
       13349
       13374
       13403
       13497
       13510
       13599
       13687
       13765
       13766
       13837
       13841
       13906
       13997
       14031
       14047
       14097
       14150
       14178
       14267
       14315
       14355
       14365
       14460
       14517
       14523
       14544
       14545
       14626
       14648
       14711
       14803
       14821
       14871
       14910
       14937
       14949
       14965
       14974
       15013
       15066
       15081
       15139
       15153
       15172
       15214
       15246
       15247
       15263
       15274
       15338
       15348
       15404
       15447
       15502
       15583
       15628
       15713
       15774
       15804
       15822
       15904
       15947
       15947
       15970
       16048
       16057
       16111
       16137
       16221
       16320
       16379
       16463
       16539
       16590
       16648
       16700
       16792
       16821
       16826
       16843
       16913
       16928
       16934
       16949
       16997
       16998
       17042
       17047
       17056
       17093
       17158
       17249
       17341
       17362
       17407
       17414
       17446
       17468
       17481
       17506
       17552
       17617
       17702
       17728
       17769
       17816
       17861
       17901
       17910
       17960
       17972
       17997
       18025
       18049
       18146
       18161
       18201
       18226
       18324
       18410
       18448
       18538
       18545
       18579
       18678
       18691
       18731
       18765
       18835
       18918
       18941
       18975
       18988
       19032
       19041
       19041
       19110
       19194
       19252
       19265
       19295
       19347
       19418
       19512
       19610
       19620
       19670
       19749
       19813
       19848
       19887
       19985
       19993
       20009
       20037
       20089
       20180
       20279
       20340
       20435
       20527
       20579
       20656
       20726
       20819
       20903
       20913
       20998
       21042
       21058
       21113
       21193
       21242
       21250
       21340
       21350
       21370
       21397
       21495
       21532
       21583
       21588
       21658
       21685
       21711
       21810
       21829
       21847
       21929
       21987
       22068
       22095
       22126
       22195
       22254
       22333
       22333
       22351
       22435
       22486
       22550
       22606
       22606
       22703
       22720
       22746
       22754
       22787
       22788
       22846
       22912
       22937
       23027
       23098
       23111
       23111
       23167
       23233
       23299
       23332
       23389
       23423
       23493
       23564
       23587
       23627
       23709
       23710
       23751
       23806
       23838
       23874
       23959
       24034
       24116
       24152
       24248
       24256
       24332
       24369
       24400
       24424
       24483
       24491
       24554
       24584
       24584
       24665
       24722
       24808
       24873
       24922
       24973
       25011
       25043
       25122
       25196
       25278
       25335
       25428
       25477
       25510
       25555
       25595
       25626
       25724
       25731
       25822
       25863
       25907
       25960
       26041
       26087
       26185
       26229
       26310
       26357
       26382
       26454
       26462
       26554
       26613
       26682
       26741
       26799
       26855
       26952
       27020
       27058
       27152
       27232
       27240
       27269
       27331
       27351
       27445
       27520
       27562
       27630
       27679
       27736
       27807
       27826
       27879
       27948
       27971
       27973
       27981
       28010
       28020
       28091
       28119
       28162
       28245
       28257
       28321
       28395
       28488
       28538
       28595
       28597
       28674
       28728
       28755
       28821
       28855
       28950
       28969
       28996
       29012
       29037
       29114
       29129
       29168
       29259
       29358
       29439
       29485
       29502
       29547
       29566
       29629
       29677
       29677
       29730
       29749
       29820
       29891
       29916
       29980
       30076
       30120
       30215
       30282
       30298
       30360
       30380
       30476
       30514
       30558
       30611
       30668
       30718
       30755
       30847
       30929
       30932
       31018
       31059
       31085
       31127
       31136
       31171
       31216
       31293
       31293
       31358
       31437
       31453
       31501
       31514
       31541
       31630
       31671
       31760
       31770
       31845
       31927
       31940
       31982
       32024
       32117
       32214
       32284
       32356
       32448
       32479
       32531
       32537
       32538
       32574
       32578
       32637
       32711
       32787
       32797
       32829
       32919
       32956
       32984
       33044
       33073
       33083
       33163
       33244
       33331
       33371
       33447
       33475
       33530
       33604
       33651
       33665
       33741
       33815
       33831
       33875
       33905
       33930
       33952
       34041
       34113
       34166
       34168
       34224
       34236
       34273
       34366
       34439
       34497
       34523
       34537
       34589
       34614
       34636
       34642
       34738
       34834
       34907
       34992
       35073
       35102
       35189
       35205
       35255
       35333
       35350
       35393
       35423
       35469
       35484
       35508
       35600
       35644
       35728
       35737
       35755
       35806
       35860
       35869
       35893
       35934
       36009
       36072
       36160
       36199
       36218
       36268
       36345
       36437
       36534
       36545
       36560
       36610
       36641
       36703
       36758
       36843
       36871
       36953
       36969
       36979
       37051
       37074
       37128
       37199
       37202
       37211
       37229
       37246
       37273
       37291
       37371
       37373
       37456
       37531
       37609
       37614
       37709
       37709
       37751
       37764
       37774
       37852
       37917
       37936
       37946
       37974
       37980
       38053
       38140
       38152
       38178
       38270
       38360
       38401
       38411
       38444
       38519
       38578
       38646
       38700
       38758
       38840
       38890
       38972
       39059
       39152
       39243
       39248
       39248
       39271
       39289
       39298
       39324
       39403
       39415
       39455
       39503
       39521
       39530
       39559
       39575
       39669
       39746
       39841
       39879
       39977
       40042
       40093
       40105
       40112
       40130
       40179
       40208
       40250
       40266
       40328
       40426
       40447
       40495
       40515
       40589
       40673
       40712
       40750
       40779
       40833
       40908
       40925
       40945
       41033
       41048
       41060
       41088
       41160
       41226
       41296
       41328
       41358
       41421
       41461
       41461
       41507
       41521
       41576
       41675
       41692
       41708
       41763
       41840
       41938
       42028
       42097
       42108
       42134
       42188
       42269
       42289
       42388
       42401
       42493
       42532
       42567
       42650
       42676
       42726
       42761
       42860
       42955
       43014
       43033
       43057
       43072
       43148
       43237
       43254
       43256
       43314
       43372
       43394
       43401
       43421
       43475
       43535
       43600
       43668
       43698
       43746
       43775
       43784
       43795
       43864
       43932
       44026
       44027
       44047
       44071
       44076
       44092
       44178
       44192
       44266
       44301
       44310
       44398
       44431
       44511
       44519
       44602
       44643
       44712
       44792
       44819
       44826
       44851
       44948
       45041
       45078
       45137
       45210
       45218
       45218
       45285
       45364
       45455
       45532
       45600
       45647
       45676
       45769
       45861
       45910
       45924
       45945
       46010
       46014
       46046
       46129
       46209
       46297
       46312
       46345
       46384
       46419
       46443
       46530
       46578
       46632
       46661
       46669
       46766
       46826
       46873
       46877
       46971
       47042
       47139
       47223
       47316
       47345
       47439
       47508
       47525
       47601
       47700
       47796
       47824
       47892
       47935
       48007
       48027
       48043
       48059
       48092
       48160
       48244
       48305
       48389
       48416
       48494
       48591
       48626
       48659
       48753
       48812
       48833
       48839
       48890
       48952
       48975
       48992
       48998
       49056
       49095
       49185
       49215
       49251
       49337
       49387
       49447
       49516
       49555
       49564
       49572
       49632
       49646
       49719
       49782
       49810
       49843
       49894
       49971
       50021
       50118
       50181
       50226
       50284
       50314
       50336
       50427
       50508
       50573
       50590
       50612
       50667
       50766
       50853
       50940
       51038
       51122
       51153
       51157
       51216
       51232
       51256
       51339
       51360
       51393
       51467
       51469
       51507
       51556
       51579
       51604
       51633
       51694
       51731
       51776
       51854
       51901
       51925
       52002
       52031
       52089
       52130
       52143
       52239
       52286
       52296
       52326
       52335
       52392
       52445
       52542
       52544
       52626
       52630
       52633
       52682
       52780
       52816
       52878
       52976
       53008
       53095
       53106
       53137
       53146
       53186
       53194
       53195
       53212
       53309
       53347
       53365
       53452
       53522
       53578
       53586
       53624
       53692
       53774
       53832
       53926
       54017
       54020
       54027
       54053
       54078
       54095
       54149
       54150
       54210
       54216
       54248
       54320
       54413
       54511
       54540
       54577
       54617
       54650
       54662
       54684
       54759
       54789
       54873
       54921
       54945
       54986
       55072
       55124
       55141
       55180
       55251
       55301
       55325
       55365
       55431
       55514
       55609
       55685
       55723
       55753
       55807
       55817
       55838
       55844
       55889
       55953
       56052
       56095
       56165
       56244
       56311
       56384
       56441
       56476
       56521
       56539
       56550
       56641
       56673
       56741
       56754
       56811
       56824
       56881
       56961
       56962
       57013
       57092
       57131
       57201
       57281
       57332
       57372
       57439
       57477
       57532
       57578
       57614
       57675
       57703
       57788
       57819
       57878
       57916
       57987
       58045
       58050
       58062
       58075
       58110
       58139
       58172
       58230
       58297
       58300
       58386
       58471
       58568
       58613
       58648
       58667
       58732
       58745
       58753
       58846
       58859
       58884
       58973
       59045
       59063
       59147
       59215
       59258
       59310
       59349
       59361
       59440
       59478
       59504
       59537
       59552
       59589
       59598
       59665
       59729
       59768
       59820
       59897
       59940
       60038
       60121
       60172
       60225
       60231
       60314
       60341
       60412
       60413
       60486
       60563
       60632
       60656
       60686
       60767
       60796
       60861
       60924
       60927
       61001
       61068
       61124
       61178
       61199
       61201
       61226
       61255
       61352
       61433
       61478
       61506
       61553
       61601
       61634
       61702
       61704
       61761
       61842
       61914
       61923
       62007
       62008
       62041
       62098
       62163
       62183
       62229
       62291
       62349
       62398
       62462
       62483
       62503
       62585
       62630
       62704
       62755
       62769
       62840
       62913
       62937
       63013
       63071
       63131
       63225
       63226
       63282
       63287
       63380
       63389
       63411
       63505
       63585
       63676
       63696
       63780
       63821
       63895
       63916
       63970
       64020
       64049
       64135
       64171
       64203
       64283
       64301
       64373
       64391
       64470
       64499
       64509
       64558
       64652
       64703
       64777
       64798
       64896
       64983
       65051
       65107
       65203
       65258
       65322
       65397
       65452
       65466
       65561
       65640
       65694
       65708
       65710
       65712
       65767
       65855
       65898
       65987
       66003
       66037
       66103
       66156
       66200
       66263
       66358
       66371
       66371
       66387
       66447
       66447
       66455
       66539
       66539
       66596
       66684
       66779
       66805
       66897
       66944
       67032
       67070
       67132
       67220
       67258
       67321
       67328
       67330
       67342
       67375
       67437
       67493
       67517
       67558
       67599
       67688
       67734
       67830
       67849
       67865
       67945
       68032
       68106
       68199
       68271
       68303
       68336
       68343
       68346
       68387
       68450
       68465
       68487
       68493
       68586
       68644
       68726
       68769
       68770
       68806
       68893
       68909
       68939
       69019
       69036
       69098
       69166
       69182
       69251
       69287
       69294
       69335
       69402
       69429
       69482
       69561
       69599
       69631
       69685
       69708
       69727
       69759
       69847
       69915
       70004
       70066
       70084
       70132
       70223
       70293
       70333
       70353
       70411
       70461
       70517
       70582
       70653
       70701
       70782
       70802
       70871
       70954
       71041
       71097
       71113
       71182
       71218
       71218
       71297
       71386
       71437
       71467
       71528
       71600
       71612
       71682
       71709
       71758
       71803
       71895
       71972
       72046
       72098
       72125
       72145
       72170
       72232
       72235
       72295
       72341
       72403
       72499
       72585
       72682
       72763
       72802
       72871
       72894
       72949
       72962
       73030
       73117
       73172
       73243
       73320
       73374
       73442
       73472
       73554
       73621
       73635
       73667
       73743
       73817
       73896
       73958
       74028
       74100
       74106
       74168
       74216
       74290
       74292
       74315
       74406
       74443
       74535
       74614
       74654
       74748
       74825
       74920
       74949
       75014
       75096
       75128
       75157
       75251
       75337
       75394
       75435
       75513
       75583
       75625
       75633
       75689
       75720
       75777
       75815
       75885
       75911
       75974
       75975
       76023
       76114
       76134
       76209
       76263
       76266
       76302
       76351
       76353
       76424
       76431
       76472
       76523
       76594
       76683
       76738
       76802
       76828
       76856
       76912
       76956
       77053
       77063
       77082
       77138
       77159
       77175
       77200
       77256
       77278
       77340
       77344
       77424
       77468
       77559
       77655
       77726
       77758
       77851
       77879
       77916
       78010
       78038
       78085
       78160
       78256
       78334
       78355
       78441
       78467
       78497
       78544
       78545
       78582
       78653
       78721
       78811
       78891
       78963
       79040
       79076
       79146
       79240
       79261
       79314
       79361
       79433
       79473
       79522
       79534
       79578
       79600
       79669
       79731
       79775
       79818
       79838
       79894
       79927
       79928
       79941
       80033
       80107
       80161
       80224
       80311
       80340
       80397
       80459
       80480
       80540
       80590
       80680
       80768
       80844
       80920
       80927
       80931
       81026
       81060
       81141
       81207
       81248
       81254
       81266
       81343
       81414
       81497
       81535
       81607
       81653
       81718
       81790
       81813
       81880
       81969
       82018
       82037
       82046
       82126
       82193
       82259
       82284
       82340
       82348
       82422
       82495
       82526
       82567
       82635
       82684
       82748
       82752
       82821
       82833
       82914
       83011
       83072
       83102
       83117
       83130
       83199
       83279
       83299
       83310
       83317
       83400
       83426
