          82
         177
         265
         297
         359
         377
         397
         408
         475
         516
         594
         621
         718
         749
         823
         914
         998
        1076
        1157
        1163
        1227
        1317
        1330
        1393
        1405
        1501
        1585
        1652
        1707
        1710
        1805
        1822
        1891
        1901
        1905
        1917
        1947
        1954
        1988
        2076
        2084
        2176
        2212
        2219
        2255
        2292
        2315
        2329
        2423
        2476
        2575
        2601
        2654
        2658
        2757
        2829
        2910
        2952
        2990
        3081
        3121
        3197
        3284
        3379
        3452
        3526
        3620
        3686
        3747
        3818
        3869
        3890
        3926
        3933
        3972
        4000
        4037
        4088
        4177
        4244
        4276
        4310
        4396
        4401
        4421
        4464
        4467
        4535
        4619
        4682
        4746
        4773
        4833
        4866
        4904
        4988
        5032
        5043
        5105
        5136
        5224
        5303
        5364
        5383
        5468
        5500
        5544
        5628
        5640
        5699
        5715
        5781
        5829
        5925
        5943
        6021
        6106
        6121
        6194
        6266
        6285
        6378
        6408
        6501
        6551
        6611
        6663
        6673
        6761
        6763
        6857
        6950
        6980
        7051
        7115
        7146
        7177
        7186
        7198
        7295
        7304
        7385
        7451
        7487
        7567
        7605
        7683
        7773
        7797
        7839
        7852
        7881
        7967
        8063
        8109
        8146
        8221
        8228
        8303
        8383
        8402
        8493
        8494
        8505
        8575
        8600
        8648
        8707
        8766
        8834
        8913
        8982
        9058
        9125
        9179
        9219
        9306
        9324
        9330
        9380
        9456
        9529
        9605
        9700
        9763
        9790
        9843
        9941
        9982
        9988
       10005
       10084
       10117
       10196
       10255
       10285
       10365
       10365
       10401
       10412
       10498
       10516
       10532
       10551
       10626
       10718
       10817
       10909
       11004
       11082
       11156
       11160
       11229
       11316
       11391
       11428
       11437
       11450
       11542
       11638
       11674
       11709
       11769
       11780
       11869
       11960
       12054
       12104
       12192
       12193
       12267
       12275
       12344
       12351
       12405
       12445
       12507
       12529
       12548
       12570
       12657
       12736
       12768
       12786
       12805
       12867
       12963
       13060
       13092
       13117
       13123
       13169
       13268
       13277
       13360
       13441
       13453
       13477
       13546
       13548
       13596
       13632
       13644
       13673
       13752
       13830
       13907
       13968
       14055
       14144
       14154
       14162
       14179
       14278
       14353
       14354
       14406
       14428
       14481
       14567
       14626
       14648
       14683
       14706
       14805
       14889
       14942
       15013
       15042
       15111
       15173
       15247
       15339
       15407
       15486
       15540
       15622
       15659
       15694
       15789
       15870
       15950
       15960
       16002
       16090
       16118
       16123
       16193
       16261
       16307
       16401
       16407
       16438
       16459
       16530
       16562
       16655
       16681
       16705
       16745
       16799
       16835
       16844
       16908
       17002
       17058
       17120
       17182
       17211
       17235
       17308
       17354
       17424
       17447
       17519
       17530
       17584
       17660
       17732
       17809
       17818
       17905
       17914
       17934
       17945
       17981
       18075
       18162
       18219
       18300
       18343
       18400
       18485
       18570
       18645
       18669
       18724
       18754
       18838
       18866
       18882
       18964
       19025
       19045
       19117
       19198
       19240
       19253
       19334
       19384
       19387
       19404
       19465
       19501
       19533
       19582
       19640
       19708
       19741
       19763
       19765
       19783
       19828
       19862
       19889
       19929
       20014
       20048
       20053
       20067
       20132
       20147
       20167
       20227
       20249
       20326
       20385
       20385
       20481
       20521
       20550
       20649
       20739
       20832
       20890
       20940
       20969
       21044
       21143
       21183
       21208
       21243
       21318
       21367
       21461
       21461
       21550
       21639
       21718
       21795
       21877
       21965
       22040
       22117
       22181
       22259
       22338
       22426
       22470
       22498
       22543
       22618
       22620
       22712
       22789
       22790
       22838
       22847
       22860
       22930
       22957
       23048
       23128
       23161
       23246
       23260
       23269
       23290
       23327
       23412
       23428
       23475
       23518
       23590
       23669
       23755
       23804
       23865
       23936
       23951
       23956
       24007
       24104
       24131
       24203
       24239
       24309
       24316
       24378
       24403
       24479
       24543
       24550
       24640
       24729
       24824
       24879
       24900
       24974
       25048
       25093
       25129
       25176
       25204
       25242
       25304
       25317
       25377
       25380
       25401
       25402
       25499
       25547
       25547
       25633
       25716
       25719
       25723
       25775
       25778
       25786
       25839
       25860
       25860
       25894
       25952
       25983
       26011
       26103
       26104
       26175
       26217
       26247
       26261
       26281
       26372
       26438
       26480
       26538
       26585
       26597
       26678
       26765
       26846
       26923
       26923
       26994
       27003
       27071
       27078
       27099
       27170
       27199
       27297
       27320
       27374
       27425
       27484
       27531
       27573
       27656
       27729
       27818
       27843
       27910
       27910
       27924
       27963
       28001
       28006
       28089
       28102
       28163
       28209
       28282
       28291
       28318
       28389
       28484
       28504
       28525
       28572
       28645
       28676
       28685
       28758
       28839
       28857
       28889
       28969
       28975
       29022
       29043
       29078
       29100
       29134
       29134
       29204
       29256
       29289
       29369
       29393
       29441
       29514
       29521
       29617
       29682
       29770
       29780
       29845
       29915
       29932
       30006
       30043
       30133
       30166
       30249
       30280
       30314
       30349
       30435
       30514
       30572
       30619
       30681
       30777
       30820
       30894
       30944
       31031
       31116
       31150
       31186
       31264
       31298
       31363
       31366
       31371
       31406
       31409
       31468
       31532
       31541
       31595
       31634
       31679
       31770
       31826
       31839
       31918
       31922
       31986
       32075
       32106
       32193
       32196
       32205
       32227
       32284
       32290
       32374
       32441
       32521
       32585
       32664
       32692
       32764
       32775
       32796
       32821
       32835
       32910
       32918
       32928
       33016
       33045
       33122
       33198
       33214
       33311
       33328
       33345
       33359
       33430
       33431
       33432
       33432
       33496
       33558
       33607
       33616
       33664
       33686
       33720
       33786
       33835
       33920
       33991
       34031
       34064
       34154
       34202
       34235
       34309
       34310
       34323
       34421
       34512
       34578
       34665
       34669
       34765
       34860
       34939
       34967
       35031
       35129
       35167
       35257
       35312
       35398
       35477
       35499
       35530
       35608
       35676
       35727
       35807
       35843
       35846
       35854
       35882
       35915
       35978
       36009
       36042
       36125
       36173
       36248
       36335
       36424
       36499
       36501
       36554
       36611
       36695
       36768
       36811
       36864
       36940
       37017
       37083
       37123
       37148
       37162
       37176
       37271
       37361
       37436
       37481
       37482
       37561
       37645
       37681
       37700
       37758
       37766
       37855
       37906
       37989
       38027
       38071
       38144
       38200
       38217
       38273
       38331
       38406
       38504
       38585
       38664
       38748
       38808
       38864
       38922
       38957
       39035
       39076
       39114
       39148
       39217
       39254
       39316
       39394
       39446
       39454
       39487
       39503
       39527
       39626
       39715
       39715
       39729
       39768
       39819
       39892
       39987
       39994
       40049
       40057
       40087
       40184
       40195
       40213
       40262
       40309
       40399
       40450
       40477
       40558
       40611
       40663
       40729
       40784
       40823
       40889
       40929
       41022
       41067
       41105
       41128
       41165
       41254
       41254
       41344
       41414
       41457
       41485
       41547
       41576
       41634
       41667
       41736
       41790
       41851
       41930
       41959
       41982
       42045
       42086
       42140
       42144
       42179
       42260
       42311
       42336
       42344
       42404
       42405
       42495
       42541
       42620
       42670
       42715
       42812
       42903
       42996
       43035
       43039
       43123
       43130
       43203
       43246
       43267
       43316
       43346
       43432
       43518
       43575
       43646
       43655
       43726
       43786
       43792
       43842
       43902
       43913
       43971
       44043
       44129
       44143
       44212
       44255
       44259
       44288
       44321
       44378
       44463
       44504
       44586
       44680
       44725
       44766
       44787
       44812
       44842
       44926
       45019
       45085
       45154
       45169
       45266
       45277
       45314
       45390
       45419
       45454
       45480
       45528
       45532
       45605
       45637
       45717
       45793
       45830
       45842
       45935
       45994
       46033
       46092
       46147
       46242
       46285
       46310
       46328
       46419
       46492
       46507
       46561
       46564
       46637
       46716
       46730
       46766
       46818
       46871
       46950
       47014
       47061
       47134
       47198
       47250
       47303
       47309
       47391
       47453
       47492
       47525
       47571
       47664
       47674
       47675
       47727
       47749
       47779
       47860
       47943
       47970
       47996
       48073
       48148
       48200
       48238
       48284
       48345
       48382
       48456
       48510
       48559
       48633
       48720
       48776
       48787
       48834
       48905
       48923
       49008
       49038
       49101
       49163
       49238
       49323
       49355
       49364
       49426
       49464
       49499
       49571
       49622
       49668
       49740
       49799
       49885
       49959
       49976
       50054
       50090
       50177
       50206
       50253
       50317
       50398
       50467
       50522
       50580
       50621
       50682
       50689
       50765
       50826
       50891
       50923
       50972
       51003
       51041
       51101
       51162
       51246
       51248
       51341
       51352
       51439
       51457
       51529
       51540
       51557
       51641
       51688
       51734
       51752
       51756
       51824
       51834
       51837
       51853
       51859
       51942
       51964
       52054
       52088
       52088
       52131
       52185
       52264
       52337
       52342
       52377
       52387
       52481
       52515
       52519
       52535
       52634
       52690
       52783
       52866
       52924
       53013
       53032
       53096
       53108
       53140
       53188
       53240
       53329
       53414
       53508
       53566
       53596
       53664
       53703
       53779
       53857
       53912
       53988
       54027
       54066
       54126
       54155
       54158
       54200
       54272
       54296
       54364
       54382
       54421
       54481
       54507
       54525
       54546
       54594
       54657
       54676
       54719
       54811
       54820
       54821
       54870
       54953
       54996
       55076
       55082
       55113
       55124
       55215
       55287
       55322
       55374
       55434
       55523
       55547
       55634
       55725
       55752
       55787
       55885
       55952
       55968
       56042
       56079
       56134
       56219
       56242
       56295
       56311
       56369
       56385
       56418
       56462
       56532
       56543
       56640
       56693
       56716
       56720
       56803
       56878
       56931
       56982
       57068
       57160
       57257
       57307
       57364
       57410
       57486
       57488
       57576
       57656
       57750
       57806
       57856
       57929
       57991
       58024
       58045
       58059
       58149
       58233
       58289
       58320
       58336
       58358
       58406
       58418
       58472
       58569
       58590
       58645
       58703
       58795
       58894
       58983
       59036
       59101
       59134
       59193
       59248
       59296
       59296
       59321
       59353
       59399
       59400
       59447
       59525
       59564
       59574
       59578
       59598
       59606
       59636
       59729
       59814
       59822
       59883
       59938
       60004
       60049
       60065
       60118
       60167
       60216
       60222
       60270
       60348
       60415
       60494
       60494
       60592
       60643
       60666
       60675
       60704
       60756
       60850
       60928
       60991
       61059
       61104
       61135
       61145
       61200
       61208
       61246
       61343
       61425
       61453
       61528
       61569
       61625
       61713
       61751
       61756
       61785
       61882
       61964
       61996
       62058
       62068
       62123
       62188
       62277
       62318
       62374
       62398
       62472
       62515
       62604
       62672
       62676
       62770
       62819
       62825
       62847
       62866
       62952
       62992
       63003
       63087
       63180
       63260
       63323
       63372
       63409
       63463
       63553
       63627
       63696
       63769
       63819
       63838
       63896
       63968
       64061
       64073
       64151
       64221
       64310
       64360
       64418
       64429
       64496
       64564
       64633
       64668
       64668
       64740
       64782
       64878
       64970
       65065
       65122
       65160
       65193
       65248
       65336
       65418
       65437
       65491
       65557
       65634
       65639
       65680
       65750
       65844
       65907
       66004
       66070
       66150
       66161
       66235
       66248
       66261
       66338
       66349
       66431
       66510
       66552
       66647
       66718
       66770
       66819
       66857
       66953
       66966
       66994
       67018
       67057
       67072
       67087
       67121
       67163
       67200
       67290
       67292
       67309
       67341
       67393
       67403
       67462
       67546
       67559
       67644
       67743
       67772
       67849
       67895
       67971
       67975
       68008
       68050
       68086
       68093
       68134
       68216
       68260
       68356
       68360
       68362
       68390
       68449
       68536
       68571
       68573
       68627
       68699
       68700
       68738
       68750
       68835
       68849
       68904
       68955
       69052
       69126
       69175
       69192
       69215
       69277
       69334
       69370
       69407
       69435
       69503
       69586
       69606
       69671
       69725
       69774
       69811
       69819
       69913
       69939
       70004
       70092
       70162
       70250
       70316
       70375
       70416
       70505
       70544
       70563
       70630
       70674
       70695
       70733
       70758
       70818
       70896
       70934
       70994
       71017
       71093
       71099
       71148
       71207
       71260
       71290
       71349
       71373
       71390
       71423
       71454
       71529
       71598
       71672
       71752
       71841
       71891
       71956
       71961
       72024
       72045
       72050
       72126
       72165
       72262
       72321
       72420
       72457
       72503
       72585
       72663
       72740
       72820
       72830
       72893
       72914
       72923
       72997
       73046
       73112
       73128
       73210
       73230
       73293
       73358
       73418
       73418
       73451
       73528
       73561
       73637
       73662
       73745
       73809
       73871
       73935
       73941
       73944
       74010
       74019
       74033
       74034
       74129
       74148
       74180
       74220
       74285
       74297
       74318
       74409
       74499
       74554
       74563
       74641
       74672
       74752
       74796
       74812
       74864
       74883
       74953
       74975
       75054
       75141
       75208
       75258
       75309
       75362
       75445
       75460
       75534
       75587
       75624
       75654
       75744
       75752
       75799
       75860
       75922
       75933
       75991
       76070
       76103
       76146
       76156
       76180
       76246
       76259
       76338
       76409
       76424
       76475
       76574
       76633
       76680
       76737
       76764
       76784
       76842
       76868
       76890
       76956
       76981
       76993
       77076
       77119
       77133
       77174
       77207
       77260
       77260
       77275
       77308
       77380
       77443
       77530
       77541
       77621
       77677
       77714
       77791
       77795
       77842
       77899
       77926
       77944
       77954
       78032
       78099
       78143
       78216
       78262
       78344
       78413
       78434
       78526
       78534
       78545
       78601
       78647
       78715
       78764
       78810
       78811
       78896
       78992
       79081
       79127
       79159
       79234
       79248
       79299
       79338
       79350
       79367
       79461
       79553
       79584
       79646
       79653
       79675
       79710
       79798
       79840
       79869
       79942
       80015
       80102
       80197
       80265
       80291
       80309
       80364
       80444
       80492
       80505
       80552
       80589
       80623
       80695
       80793
       80817
       80898
       80991
       80994
       81014
       81090
       81123
       81203
       81265
       81295
       81360
       81423
       81493
       81563
       81563
       81591
       81685
       81754
       81760
       81852
       81902
       81916
       82003
       82046
       82099
       82126
       82210
       82224
       82228
       82235
       82261
       82261
       82289
       82331
       82384
       82389
       82423
       82448
       82457
       82476
       82489
       82530
       82620
       82668
       82742
       82767
       82864
       82899
       82990
       83042
       83059
       83116
       83117
       83196
       83225
       83316
       83325
       83367
       83369
       83383
       83466
       83480
       83527
       83537
       83567
       83638
       83651
       83696
       83761
       83810
       83897
       83948
       84016
       84017
       84046
       84095
       84106
       84176
       84206
       84280
       84364
       84430
       84447
       84482
       84558
       84643
       84659
       84673
       84694
       84790
       84819
       84860
       84947
       85027
       85042
       85121
       85160
       85163
       85241
       85327
       85362
       85451
       85532
       85573
       85658
       85745
       85797
       85816
       85837
       85838
       85918
       85935
       85986
       86049
       86108
       86200
       86246
       86288
       86385
       86462
       86558
       86644
       86738
       86827
       86829
       86888
       86982
       86983
       87036
       87115
       87161
       87175
       87206
       87275
       87338
       87408
       87412
       87478
       87565
       87632
       87725
       87740
       87770
       87867
       87908
       87915
       88006
       88040
       88089
       88153
       88237
       88262
       88262
       88346
       88434
       88518
       88614
       88712
       88732
       88768
       88768
       88788
       88791
       88791
       88815
       88875
       88929
       89024
       89115
       89123
       89178
       89184
       89252
       89280
       89332
       89412
       89464
       89532
       89574
       89651
       89693
       89700
       89767
       89799
       89829
       89889
       89972
       90042
       90086
       90142
       90195
       90227
       90254
       90306
       90355
       90360
       90404
       90458
       90493
       90528
       90542
       90606
       90676
       90724
       90813
       90860
       90878
       90973
       91009
       91077
       91098
       91141
       91226
       91255
       91318
       91399
       91486
       91560
       91624
       91711
       91807
       91875
       91950
       92019
       92073
       92090
       92090
       92143
       92197
       92270
       92362
       92436
       92502
       92574
       92597
       92607
       92667
       92668
       92702
       92746
       92758
       92853
       92864
       92875
       92964
       93004
       93092
       93148
       93203
       93214
       93310
       93391
       93476
       93484
       93510
       93514
       93527
       93588
       93650
       93722
       93765
       93802
       93807
       93885
       93981
       94043
       94051
       94125
       94162
       94201
       94240
       94328
       94350
       94364
       94458
       94467
       94526
       94610
       94615
       94658
       94688
       94755
       94775
       94824
       94906
       94983
       95046
       95087
       95154
       95203
       95291
       95370
       95462
       95549
       95558
       95650
       95728
       95743
       95807
       95842
       95851
       95884
       95888
       95963
       95968
       95979
       96026
       96113
       96174
       96268
       96324
       96328
       96400
       96442
       96495
       96523
       96544
       96559
       96571
       96597
       96629
       96705
       96706
       96797
       96875
       96939
       96946
       97022
       97079
       97121
       97205
       97279
       97315
       97326
       97379
       97457
       97459
       97511
       97547
       97632
       97642
       97684
       97702
       97777
       97863
       97911
       97995
       98041
       98087
       98149
       98181
       98272
       98301
       98388
       98417
       98454
       98523
       98574
       98654
       98730
       98754
       98836
       98880
       98965
       98986
       99037
       99088
       99125
       99188
       99233
       99279
       99373
       99453
       99531
       99552
       99575
       99576
       99617
       99642
       99719
       99815
       99875
       99964
      100041
      100114
      100144
      100181
      100182
      100204
      100292
      100386
      100460
      100466
      100504
      100567
      100652
      100680
      100712
      100736
      100817
      100829
      100887
      100956
      100993
      101066
      101144
      101220
      101297
      101328
      101356
      101407
      101451
      101498
      101588
      101677
      101756
      101847
      101876
      101919
      101987
      102047
      102063
      102101
      102200
      102287
      102341
      102432
      102505
      102550
      102552
      102566
      102581
      102604
      102665
      102710
      102715
      102739
      102775
      102849
      102890
      102987
      103022
      103088
      103171
      103193
      103255
      103296
      103348
      103367
      103386
      103400
      103488
      103537
      103619
      103674
      103748
      103802
      103825
      103911
      103944
      104018
      104114
      104176
      104249
      104324
      104414
      104461
      104536
      104556
      104565
      104565
      104631
      104721
      104730
      104746
      104750
      104786
      104817
      104826
      104906
      104977
      104991
      105073
      105148
      105231
      105282
      105360
      105370
      105447
      105477
      105535
      105588
      105596
      105639
      105727
      105813
      105867
      105960
      105978
      106050
      106122
      106181
      106269
      106363
      106455
      106460
      106492
      106503
      106546
      106616
      106680
      106692
      106757
      106832
      106930
      106992
      107086
      107097
      107180
      107206
      107206
      107240
      107328
      107373
      107375
      107376
      107464
      107465
      107466
      107533
      107609
      107685
      107778
      107820
      107907
      107959
      107980
      108078
      108148
      108223
      108321
      108417
      108440
      108528
      108534
      108538
      108550
      108551
      108629
      108684
      108729
      108798
      108856
      108892
      108958
      108960
      109010
      109067
      109148
      109225
      109232
      109241
      109300
      109301
      109384
      109433
      109434
      109526
      109546
      109609
      109682
      109711
      109738
      109757
      109846
      109887
      109979
      110024
      110116
      110167
      110241
      110279
      110318
      110325
      110362
      110403
      110433
      110467
      110545
      110560
      110593
      110649
      110673
      110708
      110788
      110852
      110930
      111015
      111105
      111162
      111245
      111291
      111364
      111389
      111438
      111481
      111528
      111598
      111616
      111640
      111716
      111742
      111757
      111815
      111885
      111969
      111981
      112056
      112056
      112104
      112189
      112194
      112205
      112260
      112312
      112359
      112368
      112450
      112490
      112547
      112632
      112653
      112715
      112722
      112791
      112829
      112882
      112928
      113010
      113017
      113075
      113134
      113134
      113149
      113209
      113289
      113290
      113324
      113407
      113462
      113508
      113600
      113688
      113688
      113689
      113735
      113746
      113791
      113831
      113896
      113941
      113977
      114025
      114051
      114114
      114128
      114153
      114166
      114233
      114285
      114318
      114389
      114400
      114463
      114550
      114616
      114711
      114752
      114760
      114802
      114811
      114834
      114870
      114934
      114994
      115071
      115139
      115150
      115189
      115205
      115296
      115315
      115320
      115322
      115402
      115445
      115461
      115512
      115523
      115554
      115623
      115702
      115793
      115798
      115827
      115845
      115879
      115921
      115965
      116019
      116110
      116164
      116203
      116254
      116275
      116341
      116348
      116432
      116445
      116538
      116564
      116600
      116690
      116697
      116762
      116846
      116897
      116933
      117024
      117084
      117108
      117170
      117177
      117225
      117268
      117322
      117380
      117380
      117440
      117485
      117542
      117562
      117658
      117674
      117740
      117835
      117933
      118020
      118072
      118097
      118138
      118164
      118244
      118298
      118386
      118466
      118527
      118590
      118606
      118663
      118673
      118757
      118810
      118895
      118914
      118960
      119051
      119144
      119224
      119296
      119382
      119384
      119384
      119463
      119481
      119537
      119599
      119599
      119614
      119686
      119717
      119776
      119780
      119789
      119850
      119851
      119944
      120028
      120122
      120143
      120202
      120238
      120250
      120260
      120319
      120407
      120476
      120484
      120497
      120562
      120583
      120611
      120624
      120697
      120783
      120837
      120909
      120994
      121000
      121052
      121147
      121202
      121276
      121357
      121436
      121535
      121573
      121619
      121676
      121741
      121745
      121789
      121847
      121930
      121959
      122028
      122055
      122141
      122173
      122249
      122285
      122290
      122382
      122410
      122434
      122473
      122536
      122559
      122584
      122658
      122693
      122745
      122784
      122797
      122850
      122892
      122973
      122999
      123029
      123116
      123145
      123177
      123257
      123272
      123296
      123386
      123428
      123517
      123615
      123690
      123789
      123858
      123860
      123897
      123928
      123984
      124060
      124127
      124139
      124201
      124257
      124276
      124294
      124339
      124437
      124451
      124497
      124538
      124539
      124582
      124639
      124651
      124728
      124807
      124846
      124937
      124964
      124986
      125008
      125010
      125040
      125092
      125129
      125185
      125211
      125223
      125321
      125409
      125432
      125523
      125527
      125588
      125641
      125735
      125739
      125804
      125878
      125884
      125903
      125959
      126009
      126042
      126082
      126127
      126191
      126268
      126324
      126343
      126364
      126396
      126445
      126469
      126489
      126523
      126581
      126613
      126628
      126649
      126730
      126800
      126806
      126821
      126863
      126927
      127010
      127096
      127115
      127209
      127209
      127226
      127266
      127272
      127353
      127402
      127494
      127578
      127630
      127677
      127719
      127813
      127910
      127947
      127959
      127974
      127980
      127993
      128039
      128077
      128144
      128148
      128203
      128269
      128278
      128351
      128396
      128429
      128482
      128581
      128627
      128634
      128691
      128770
      128838
      128869
      128952
      129034
      129111
      129201
      129250
      129296
      129378
      129409
      129453
      129533
      129595
      129631
      129680
      129770
      129789
      129854
      129872
      129942
      129998
      130054
      130086
      130143
      130230
      130252
      130327
      130369
      130400
      130410
      130428
      130489
      130555
      130617
      130694
      130716
      130797
      130844
      130875
      130911
      130936
      130988
      131010
      131077
      131093
      131192
      131219
      131252
      131328
      131414
      131432
      131491
      131578
      131655
      131669
      131764
      131861
      131880
      131961
      132014
      132105
      132145
      132219
      132262
      132336
      132406
      132492
      132503
      132542
      132565
      132647
      132687
      132756
      132811
      132888
      132975
      133065
      133156
      133159
      133238
      133242
      133299
      133332
      133367
      133384
      133461
      133532
      133590
      133590
      133672
      133710
      133806
      133843
      133872
      133885
      133942
      133972
      134014
      134023
      134047
      134079
      134088
      134089
      134100
      134176
      134260
      134294
      134348
      134404
      134457
      134556
      134571
      134607
      134703
      134737
      134763
      134841
      134847
      134888
      134897
      134922
      134926
      134961
      135031
      135070
      135118
      135155
      135158
      135256
      135340
      135384
      135447
      135447
      135535
      135594
      135664
      135734
      135745
      135822
      135863
      135955
      135973
      136005
      136074
      136124
      136166
      136176
      136185
      136265
      136342
      136343
      136416
      136419
      136440
      136518
      136575
      136640
      136688
      136754
      136829
      136914
      136928
      136964
      137053
      137089
      137120
      137215
      137285
      137334
      137390
      137394
      137453
      137464
      137489
      137534
      137534
      137604
      137701
      137725
      137780
      137849
      137902
      137963
      138030
      138069
      138147
      138174
      138270
      138359
      138440
      138508
      138559
      138575
      138631
      138640
      138710
      138800
      138870
      138924
      138987
      139085
      139115
      139174
      139218
      139299
      139378
      139450
      139450
      139503
      139581
      139664
      139745
      139840
      139861
      139913
      139971
      140029
      140096
      140175
      140216
      140262
      140274
      140342
      140351
      140427
      140526
      140582
      140649
      140713
      140811
      140840
      140878
      140957
      141043
      141100
      141195
      141247
      141284
      141301
      141312
      141319
      141329
      141339
      141341
      141438
      141531
      141603
      141649
      141673
      141748
      141760
      141825
      141879
      141908
      141967
      141977
      142059
      142065
      142162
      142197
      142256
      142308
      142380
      142399
      142410
      142494
      142497
      142559
      142581
      142611
      142626
      142644
      142663
      142721
      142735
      142796
      142800
      142843
      142941
      142993
      143026
      143096
      143158
      143204
      143281
      143281
      143356
      143444
      143509
      143556
      143590
      143679
      143697
      143790
      143880
      143922
      144021
      144056
      144078
      144162
      144183
      144236
      144289
      144307
      144388
      144395
      144483
      144492
      144574
      144604
      144658
      144705
      144718
      144732
      144818
      144887
      144911
      144911
      144990
      145026
      145066
      145096
      145160
      145210
      145222
      145318
      145336
      145369
      145425
      145495
      145553
      145643
      145676
      145694
      145697
      145751
      145814
      145885
      145956
      145966
      145979
      146031
      146053
      146111
      146122
      146189
      146223
      146228
      146242
      146259
      146319
      146392
      146476
      146487
      146535
      146626
      146690
      146718
      146734
      146797
      146825
      146841
      146853
      146884
      146901
      146927
      146955
      147002
      147043
      147062
      147090
      147162
      147166
      147217
      147255
      147281
      147354
      147453
      147469
      147493
      147496
      147581
      147676
      147758
      147770
      147802
      147873
      147941
      147944
      148009
      148060
      148121
      148211
      148252
      148284
      148316
      148354
      148410
      148494
      148581
      148583
      148651
      148744
      148780
      148825
      148912
      148934
      149026
      149117
      149205
      149234
      149268
      149317
      149318
      149337
      149369
      149398
      149491
      149587
      149663
      149696
      149717
      149718
      149798
      149897
      149935
      150020
      150075
      150091
      150135
      150187
      150220
      150318
      150391
      150440
      150472
      150509
      150536
      150552
      150577
      150585
      150605
      150605
      150614
      150624
      150647
      150679
      150733
      150753
      150794
      150800
      150841
      150874
      150875
      150943
      150969
      151006
      151045
      151110
      151139
      151171
      151249
      151304
      151352
      151432
      151444
      151526
      151561
      151596
      151629
      151682
      151754
      151795
      151841
      151845
      151903
      151965
      152019
      152086
      152114
      152176
      152244
      152264
      152286
      152331
      152349
      152385
      152436
      152500
      152559
      152583
      152635
      152666
      152726
      152728
      152821
      152858
      152881
      152897
      152903
      152924
      152960
      153031
      153062
      153064
      153093
      153139
      153186
      153214
      153305
      153317
      153398
      153452
      153538
      153584
      153678
      153720
      153744
      153821
      153863
      153959
