           5
          62
          68
         104
         119
         168
         238
         249
         263
         339
         358
         417
         425
         446
         543
         622
         707
         711
         769
         848
         926
         993
        1037
        1135
        1221
        1271
        1337
        1385
        1401
        1484
        1505
        1529
        1602
        1699
        1787
        1820
        1883
        1963
        1983
        2070
        2145
        2196
        2261
        2354
        2451
        2463
        2509
        2597
        2633
        2724
        2795
        2825
        2898
        2918
        2942
        2983
        3060
        3136
        3191
        3270
        3356
        3379
        3408
        3428
        3455
        3515
        3559
        3640
        3684
        3713
        3775
        3821
        3877
        3954
        4008
        4080
        4154
        4157
        4220
        4264
        4291
        4297
        4323
        4339
        4414
        4477
        4517
        4572
        4650
        4652
        4735
        4785
        4825
        4850
        4869
        4937
        4984
        5069
        5122
        5174
        5201
        5259
        5317
        5331
        5359
        5389
        5436
        5530
        5569
        5635
        5662
        5700
        5757
        5843
        5843
        5882
        5933
        5936
        6020
        6081
        6121
        6217
        6297
        6320
        6415
        6491
        6572
        6579
        6627
        6684
        6706
        6802
        6823
        6869
        6952
        6964
        6994
        7061
        7137
        7232
        7275
        7363
        7450
        7543
        7564
        7644
        7672
        7769
        7824
        7874
        7953
        8018
        8086
        8124
        8161
        8237
        8274
        8364
        8405
        8438
        8482
        8537
        8548
        8561
        8643
        8727
        8785
        8862
        8940
        8946
        9022
        9079
        9092
        9172
        9191
        9260
        9272
        9297
        9342
        9389
        9479
        9526
        9596
        9608
        9700
        9750
        9770
        9782
        9847
        9909
        9926
        9971
        9994
       10074
       10089
       10155
       10175
       10202
       10257
       10289
       10359
       10451
       10471
       10537
       10587
       10652
       10676
       10727
       10816
       10914
       10946
       10967
       10998
       11080
       11178
       11253
       11288
       11381
       11420
       11519
       11581
       11646
       11743
       11838
       11914
       11929
       11946
       11957
       11974
       12003
       12030
       12032
       12125
       12173
       12266
       12286
       12378
       12431
       12511
       12592
       12592
       12642
       12665
       12706
       12740
       12835
       12868
       12873
       12878
       12901
       12999
       13023
       13043
       13050
       13119
       13152
       13202
       13288
       13366
       13448
       13492
       13559
       13572
       13633
       13707
       13787
       13789
       13818
       13856
       13908
       13974
       13992
       14064
       14129
       14181
       14195
       14208
       14306
       14384
       14469
       14533
       14613
       14613
       14689
       14693
       14727
       14734
       14808
       14879
       14944
       14983
       15031
       15043
       15118
       15122
       15190
       15263
       15305
       15321
       15419
       15494
       15501
       15513
       15541
       15579
       15678
       15711
       15798
       15895
       15982
       16002
       16047
       16113
       16208
       16223
       16228
       16272
       16306
       16319
       16376
       16401
       16422
       16493
       16505
       16579
       16656
       16674
       16758
       16826
       16898
       16916
       16955
       16983
       16988
       17037
       17109
       17201
       17243
       17252
       17253
       17262
       17352
       17429
       17457
       17507
       17571
       17572
       17593
       17637
       17723
       17788
       17838
       17880
       17933
       17992
       18055
       18142
       18198
       18292
       18295
       18324
       18375
       18460
       18532
       18543
       18555
       18624
       18669
       18742
       18807
       18844
       18853
       18949
       18970
       18991
       19066
       19155
       19229
       19260
       19352
       19380
       19397
       19462
       19505
       19591
       19675
       19690
       19701
       19782
       19831
       19869
       19911
       19938
       20002
       20063
       20068
       20132
       20179
       20240
       20317
       20330
       20422
       20499
       20520
       20520
       20573
       20584
       20605
       20645
       20680
       20718
       20753
       20800
       20896
       20940
       21016
       21056
       21058
       21077
       21116
       21118
       21147
       21181
       21192
       21288
       21379
       21420
       21514
       21550
       21605
       21652
       21653
       21747
       21770
       21781
       21796
       21859
       21906
       21977
       22039
       22066
       22077
       22125
       22224
       22265
       22283
       22326
       22354
       22361
       22389
       22397
       22468
       22556
       22597
       22619
       22666
       22672
       22686
       22781
       22817
       22890
       22979
       23065
       23159
       23160
       23212
       23218
       23295
       23314
       23385
       23477
       23535
       23594
       23659
       23697
       23752
       23842
       23881
       23979
       24037
       24105
       24185
       24219
       24299
       24340
       24435
       24448
       24498
       24523
       24606
       24656
       24707
       24806
       24871
       24950
       24965
       25025
       25108
       25131
       25226
       25287
       25383
       25411
       25462
       25516
       25600
       25636
       25723
       25801
       25892
       25986
       25989
       26024
       26092
       26141
       26141
       26232
       26262
       26302
       26310
       26405
       26472
       26550
       26579
       26585
       26595
       26639
       26728
       26782
       26849
       26888
       26964
       27045
       27053
       27068
       27159
       27176
       27252
       27316
       27330
       27340
       27345
       27421
       27491
       27491
       27586
       27609
       27643
       27711
       27752
       27810
       27812
       27876
       27879
       27912
       27977
       28016
       28094
       28095
       28131
       28133
       28189
       28275
       28336
       28412
       28467
       28478
       28496
       28533
       28610
       28707
       28781
       28783
       28878
       28961
       28992
       29001
       29002
       29058
       29150
       29189
       29283
       29290
       29373
       29381
       29416
       29419
       29430
       29484
       29532
       29535
       29601
       29632
       29646
       29715
       29741
       29802
       29845
       29921
       29959
       30055
       30076
       30104
       30167
       30221
       30285
       30384
       30397
       30477
       30499
       30549
       30608
       30612
       30625
       30672
       30691
       30761
       30782
       30806
       30824
       30910
       31008
       31012
       31056
       31144
       31214
       31291
       31298
       31319
       31356
       31392
       31445
       31457
       31526
       31588
       31663
       31672
       31759
       31797
       31888
       31936
       31947
       32000
       32058
       32060
       32132
       32197
       32238
       32266
       32355
       32393
       32462
       32501
       32530
       32619
       32671
       32746
       32819
       32819
       32897
       32901
       32903
       32956
       33030
       33079
       33114
       33182
       33213
       33245
       33289
       33290
       33309
       33392
       33474
       33553
       33625
       33673
       33734
       33743
       33816
       33913
       33940
       33956
       33984
       33998
       34061
       34104
       34191
       34233
       34316
       34372
       34405
       34456
       34552
       34552
       34617
       34673
       34711
       34735
       34762
       34784
       34799
       34826
       34877
       34963
       35022
       35088
       35180
       35232
       35249
       35323
       35372
       35441
       35475
       35506
       35522
       35595
       35691
       35759
       35845
       35887
       35949
       35994
       36016
       36047
       36134
       36208
       36263
       36349
       36430
       36443
       36478
       36508
       36510
       36593
       36631
       36665
       36749
       36793
       36838
       36845
       36907
       36958
       36967
       37037
       37086
       37133
       37145
       37171
       37251
       37291
       37376
       37395
       37428
       37454
       37478
       37570
       37664
       37749
       37769
       37840
       37905
       37965
       38010
       38021
       38114
       38147
       38210
       38210
       38302
       38319
       38379
       38415
       38437
       38464
       38483
       38558
       38615
       38708
       38740
       38821
       38847
       38932
       38938
       38947
       38990
       39053
       39087
       39155
       39204
       39206
       39226
       39258
       39258
       39330
       39399
       39494
       39516
       39601
       39613
       39630
       39725
       39738
       39776
       39857
       39914
       39931
       40003
       40074
       40123
       40192
       40290
       40301
       40380
       40391
       40412
       40494
       40531
       40591
       40664
       40708
       40751
       40778
       40806
       40820
       40848
       40929
       41021
       41092
       41165
       41189
       41230
       41302
       41370
       41451
       41465
       41507
       41600
       41609
       41662
       41735
       41762
       41829
       41899
       41915
       41985
       42001
       42025
       42028
       42084
       42126
       42223
       42300
       42380
       42401
       42471
       42517
       42532
       42626
       42681
       42720
       42738
       42773
       42811
       42879
       42924
       42947
       43026
       43102
       43119
       43193
       43232
       43314
       43360
       43392
       43475
       43535
       43591
       43615
       43656
       43704
       43799
       43828
       43886
       43944
       43962
       43993
       44020
       44057
       44064
       44148
       44189
       44273
       44351
       44432
       44439
       44465
       44501
       44525
       44537
       44587
       44608
       44689
       44755
       44805
       44850
       44910
       44920
       44954
       45007
       45086
       45088
       45109
       45111
       45139
       45210
       45257
       45343
       45419
       45504
       45557
       45575
       45638
       45725
       45763
       45798
       45862
       45953
       46012
       46109
       46190
       46250
       46328
       46334
       46376
       46427
       46461
       46536
       46538
       46605
       46635
       46650
       46693
       46726
       46745
       46772
       46793
       46844
       46856
       46869
       46909
       46925
       46955
       47036
       47084
       47172
       47209
       47246
       47321
       47404
       47479
       47573
       47649
       47666
       47719
       47775
       47778
       47833
       47911
       47988
       48042
       48102
       48114
       48178
       48239
       48291
       48302
       48347
       48383
       48468
       48506
       48528
       48626
       48694
       48787
       48839
       48936
       49031
       49075
       49126
       49214
       49274
       49296
       49314
       49404
       49435
       49533
       49550
       49639
       49674
       49756
       49820
       49845
       49940
       49949
       50014
       50037
       50104
       50182
       50251
       50265
       50322
       50400
       50417
       50422
       50476
       50510
       50549
       50632
       50637
       50669
       50687
       50774
       50799
       50799
       50832
       50860
       50873
       50907
       50963
       51022
       51072
       51139
       51201
       51261
       51306
       51394
       51396
       51443
       51486
       51531
       51554
       51614
       51676
       51770
       51784
       51848
       51886
       51953
       52038
       52098
       52111
       52196
       52283
       52342
       52425
       52486
       52550
       52591
       52653
       52688
       52708
       52745
       52802
       52817
       52871
       52961
       53047
       53061
       53079
       53137
       53146
       53188
       53231
       53256
       53326
       53423
       53473
       53552
       53586
       53624
       53710
       53757
       53763
       53833
       53842
       53876
       53912
       53982
       53988
       54087
       54183
       54249
       54339
       54394
       54491
       54522
       54557
       54627
       54723
       54781
       54866
       54941
       54960
       54974
       55012
       55092
       55101
       55169
       55219
       55312
       55370
       55404
       55457
       55524
       55623
       55673
       55771
       55776
       55862
       55957
       55985
       56013
       56018
       56055
       56071
       56168
       56243
       56339
       56402
       56473
       56543
       56638
       56682
       56779
       56787
       56837
       56884
       56965
       56987
       57083
       57086
       57169
       57223
       57289
       57374
       57431
       57493
       57497
       57571
       57633
       57707
       57778
       57800
       57885
       57965
       58045
       58125
       58131
       58176
       58207
       58251
       58289
       58353
       58441
       58450
       58454
       58523
       58536
       58629
       58648
       58660
       58721
       58735
       58833
       58883
       58948
       58990
       59047
       59139
       59161
       59242
       59270
       59272
       59365
       59400
       59499
       59562
       59621
       59666
       59732
       59750
       59750
       59768
       59810
       59867
       59952
       60017
       60106
       60142
       60223
       60310
       60378
       60431
       60446
       60498
       60595
       60680
       60699
       60770
       60797
       60854
       60917
       60969
       61062
       61078
       61107
       61151
       61199
       61249
       61335
       61378
       61432
       61483
       61521
       61581
       61628
       61704
       61794
       61811
       61868
       61872
       61954
       61965
       62056
       62119
       62194
       62196
       62220
       62253
       62323
       62422
       62447
       62533
       62566
       62653
       62702
       62743
       62802
       62853
       62853
       62887
       62891
       62913
       62995
       63007
       63033
       63116
       63200
       63267
       63269
       63271
       63273
       63300
       63349
       63395
       63430
       63487
       63527
       63598
       63613
       63620
       63652
       63667
       63705
       63799
       63841
       63922
       63927
       63978
       64061
       64076
       64138
       64214
       64235
       64272
       64289
       64368
       64379
       64435
       64507
       64564
       64606
       64661
       64678
       64758
       64774
       64869
       64913
       64977
       65014
       65033
       65064
       65128
       65190
       65261
       65310
       65322
       65357
       65404
       65495
       65550
       65647
       65699
       65749
       65766
       65830
       65852
       65923
       65971
       66045
       66127
       66208
       66297
       66374
       66446
       66463
       66497
       66517
       66598
       66677
       66714
       66715
       66753
       66794
       66882
       66978
       67071
       67082
       67112
       67140
       67164
       67199
       67218
       67304
       67370
       67453
       67461
       67492
       67502
       67594
       67640
       67680
       67689
       67704
       67710
       67808
       67855
       67922
       67965
       68058
       68118
       68147
       68228
       68291
       68352
       68378
       68421
       68513
       68590
       68658
       68756
       68773
       68780
       68855
       68940
       69010
       69031
       69067
       69068
       69118
       69199
       69238
       69301
       69325
       69334
       69400
       69499
       69501
       69589
       69637
       69728
       69748
       69807
       69834
       69850
       69934
       69962
       70044
       70083
       70119
       70201
       70239
       70309
       70377
       70439
       70530
       70592
       70615
       70616
       70637
       70681
       70689
       70714
       70806
       70873
       70971
       71027
       71078
       71084
       71130
       71175
       71265
       71315
       71322
       71323
       71357
       71440
       71497
       71573
       71589
       71688
       71783
       71814
       71887
       71909
       71922
       71999
       72079
       72168
       72256
       72299
       72359
       72457
       72555
       72616
       72690
       72732
       72775
       72854
       72870
       72965
       73009
       73087
       73126
       73165
       73223
       73233
       73271
       73296
       73320
       73397
       73424
       73429
       73446
       73454
       73509
       73566
       73606
       73703
       73749
       73809
       73900
       73935
       73958
       74040
       74119
       74211
       74257
       74265
       74337
       74397
       74421
       74487
       74562
       74657
       74694
       74761
       74844
       74899
       74996
       75011
       75101
       75108
       75123
       75189
       75253
       75265
       75319
       75334
       75342
       75373
       75416
       75471
       75562
       75626
       75664
       75737
       75742
       75794
       75835
       75887
       75974
       75997
       76095
       76150
       76156
       76191
       76240
       76258
       76339
       76404
       76424
       76457
       76540
       76593
       76645
       76706
       76782
       76832
       76879
       76933
       77029
       77109
       77128
       77212
       77224
       77315
       77345
       77424
       77482
       77538
       77581
       77642
       77728
       77825
       77855
       77881
       77950
       77973
       77975
       77986
       78035
       78067
       78082
       78087
       78163
       78194
       78261
       78330
       78336
       78377
       78398
       78448
       78523
       78532
       78617
       78683
       78727
       78781
       78858
       78876
       78943
       78954
       79034
       79126
       79218
       79238
       79270
       79333
       79357
       79366
       79410
       79496
       79536
       79547
       79572
       79639
       79669
       79761
       79802
       79868
       79932
       79950
       79958
       80052
       80052
       80145
       80243
       80322
       80338
       80353
       80376
       80459
       80519
       80553
       80642
       80693
       80757
       80796
       80861
       80939
       80980
       80986
       81031
       81117
       81146
       81162
       81192
       81239
       81324
       81382
       81471
       81552
       81629
       81703
       81779
       81823
       81857
       81908
       81963
       82014
       82027
       82067
       82128
       82132
       82158
       82177
       82257
       82341
       82366
       82432
       82502
       82553
       82610
       82625
       82688
       82738
       82826
       82888
       82901
       82976
       83066
       83164
       83223
       83258
       83343
       83426
       83519
       83578
       83587
       83623
       83628
       83709
       83782
       83795
       83803
       83832
       83856
       83889
       83983
       84050
       84090
       84183
       84227
       84289
       84352
       84410
       84411
       84453
       84471
       84552
       84600
       84622
       84696
       84733
       84775
       84847
       84872
       84900
       84938
       85033
       85068
       85144
       85226
       85323
       85354
       85384
       85406
       85413
       85430
       85487
       85510
       85512
       85535
       85581
       85675
       85684
       85691
       85783
       85861
       85924
       85924
       86000
       86061
       86155
       86202
       86289
       86350
       86418
       86482
       86493
       86507
       86551
       86616
       86624
       86703
       86704
       86801
       86873
       86890
       86927
       87017
       87112
       87202
       87208
       87303
       87311
       87341
       87352
       87385
       87437
       87531
       87595
       87670
       87672
       87711
       87731
       87827
       87843
       87896
       87994
       88092
       88144
       88237
       88291
       88379
       88468
       88551
       88614
       88640
       88663
       88724
       88805
       88868
       88886
       88967
       88999
       89079
       89121
       89200
       89216
       89227
       89237
       89335
       89391
       89437
       89535
       89551
       89613
       89673
       89680
       89686
       89693
       89742
       89804
       89815
       89862
       89926
       89999
       90059
       90153
       90239
       90243
       90275
       90368
       90458
       90553
       90600
       90605
       90634
       90668
       90726
       90780
       90868
       90955
       91024
       91115
       91169
       91223
       91278
       91311
       91319
       91327
       91418
       91515
       91601
       91682
       91704
       91800
       91866
       91935
       91985
       92074
       92127
       92170
       92254
       92265
       92281
       92290
       92353
       92443
       92456
       92516
       92570
       92649
       92719
       92803
       92884
       92913
       92915
       92959
       92982
       93050
       93122
       93206
       93284
       93357
       93443
       93511
       93593
       93601
       93605
       93622
       93659
       93718
       93736
       93804
       93897
       93973
       94060
       94080
       94111
       94174
       94216
       94237
       94284
       94328
       94385
       94456
       94487
       94491
       94550
       94600
       94625
       94633
       94673
       94739
       94778
       94802
       94873
       94922
       94992
       95063
       95131
       95147
       95186
       95224
       95285
       95301
       95347
       95416
       95514
       95536
       95614
       95706
       95780
       95851
       95921
       95935
       95951
       95962
       96004
       96095
       96188
       96277
       96286
       96299
       96370
       96444
       96470
       96481
       96512
       96538
       96620
       96709
       96720
       96734
       96779
       96846
       96870
       96908
       96931
       97017
       97094
       97100
       97146
       97192
       97258
       97279
       97331
       97405
       97495
       97570
       97624
       97671
       97711
       97739
       97765
       97807
       97883
       97927
       97996
       97999
       98068
       98073
       98101
       98181
       98256
       98338
       98407
       98445
       98535
       98585
       98668
       98695
       98767
       98808
       98829
       98901
       98922
       98931
       98987
       99020
       99081
       99154
       99238
       99239
       99319
       99329
       99382
       99440
       99536
       99569
       99626
       99711
       99800
       99817
       99888
       99970
      100054
      100101
      100110
      100160
      100184
      100201
      100223
      100248
      100328
      100406
      100428
      100455
      100550
      100648
      100664
      100692
      100772
      100852
      100917
      100999
      101000
      101025
      101063
      101108
      101142
      101144
      101234
      101273
      101317
      101404
      101498
      101543
      101604
      101697
      101762
      101785
      101859
      101946
      102009
      102033
      102057
      102081
      102147
      102216
      102234
      102329
      102428
      102473
      102507
      102510
      102561
      102592
      102627
      102708
      102746
      102748
      102844
      102870
      102876
      102897
      102943
      102979
      103077
      103165
      103205
      103254
      103291
      103371
      103436
      103442
      103468
      103487
      103517
      103600
      103695
      103724
      103785
      103841
      103925
      103968
      103977
      104054
      104064
      104090
      104172
      104264
      104323
      104328
      104401
      104461
      104508
      104587
      104631
      104662
      104679
      104702
      104709
      104762
      104805
      104855
      104895
      104943
      104946
      105001
      105008
      105100
      105105
      105117
      105165
      105200
      105215
      105246
      105296
      105325
      105334
      105378
      105469
      105552
      105584
      105683
      105770
      105843
      105913
      105949
      106011
      106088
      106178
      106226
      106298
      106319
      106358
      106418
      106503
      106515
      106569
      106605
      106649
      106740
      106752
      106816
      106890
      106980
      107049
      107133
      107207
      107210
      107262
      107280
      107304
      107332
      107416
      107454
      107510
      107544
      107635
      107652
      107658
      107702
      107768
      107814
      107867
      107951
      108029
      108042
      108068
      108162
      108177
      108270
      108344
      108364
      108371
      108390
      108427
      108452
      108510
      108561
      108587
      108674
      108760
      108816
      108820
      108859
      108948
      108991
      109053
      109113
      109207
      109259
      109334
      109394
      109412
      109457
      109540
      109566
      109655
      109692
      109762
      109805
      109868
      109916
      109960
      109963
      110002
      110050
      110139
      110172
      110207
      110267
      110332
      110365
      110459
      110481
      110489
      110505
      110582
      110636
      110704
      110733
      110822
      110855
      110856
      110869
      110945
      111010
      111079
      111089
      111183
      111225
      111261
      111327
      111327
      111352
      111355
      111400
      111428
      111474
      111528
      111583
      111632
      111654
      111718
      111806
      111872
      111939
      111966
      111979
      112014
      112065
      112074
      112128
      112188
      112225
      112314
      112398
      112404
      112442
      112527
      112612
      112658
      112743
      112765
      112833
      112932
      112960
      112976
      113024
      113026
      113078
      113162
      113232
      113269
      113344
      113357
      113386
      113443
      113530
      113530
      113614
      113701
      113795
      113867
      113881
      113954
      113998
      114028
      114108
      114116
      114140
      114149
      114195
      114202
      114249
      114340
      114369
      114384
      114443
      114517
      114543
      114624
      114636
      114693
      114715
      114770
      114861
      114889
      114912
      114949
      115006
      115100
      115168
      115226
      115302
      115318
      115390
      115444
      115482
      115557
      115594
      115677
      115742
      115840
      115931
      115965
      116034
      116117
      116202
      116226
      116306
      116330
      116350
      116419
      116425
      116490
      116508
      116601
      116686
      116747
      116819
      116896
      116989
      117021
      117029
      117077
      117163
      117256
      117298
      117361
      117389
      117443
      117522
      117535
      117631
      117655
      117711
      117775
      117810
      117859
      117956
      117980
      118029
      118118
      118136
      118194
      118213
      118288
      118346
      118432
      118512
      118580
      118676
      118740
      118832
      118853
      118907
      118942
      119031
      119106
      119153
      119204
      119214
      119224
      119280
      119355
      119429
      119518
      119555
      119566
      119663
      119729
      119759
      119836
      119860
      119916
      119999
      120062
      120076
      120153
      120189
      120288
      120293
      120307
      120324
      120422
      120488
      120542
      120583
      120639
      120708
      120738
      120754
      120766
      120813
      120834
      120925
      121000
      121075
      121135
      121216
      121305
      121324
      121351
      121409
      121428
      121523
      121621
      121716
      121748
      121779
      121806
      121860
      121885
      121962
      122009
      122053
      122061
      122110
      122133
      122220
      122258
      122277
      122361
      122365
      122378
      122432
      122531
      122577
      122629
      122687
      122723
      122818
      122912
      122978
      123048
      123090
      123121
      123156
      123245
      123272
      123285
      123337
      123431
      123493
      123579
      123617
      123666
      123736
      123736
      123835
      123934
      123967
      123972
      123977
      123997
      124065
      124096
      124119
      124215
      124287
      124303
      124346
      124389
      124464
      124524
      124559
      124645
      124743
      124799
      124863
      124898
      124925
      124948
      125036
      125063
      125162
      125222
      125239
      125301
      125376
      125454
      125465
      125491
      125535
      125541
      125606
      125617
      125696
      125768
      125825
      125855
      125940
      126033
      126048
      126142
      126147
      126243
      126269
      126290
      126387
      126422
      126465
      126550
      126577
      126654
      126750
      126759
      126855
      126905
      126942
      127010
      127102
      127112
      127148
      127185
      127252
      127259
      127351
      127361
      127403
      127416
      127419
      127464
      127550
      127626
      127628
      127633
      127693
      127749
      127837
      127884
      127963
      128016
      128102
      128175
      128200
      128279
      128369
      128408
      128468
      128512
      128584
      128634
      128664
      128752
      128836
      128924
      129015
      129057
      129069
      129157
      129195
      129242
      129280
      129338
      129367
      129429
      129512
      129520
      129587
      129640
      129733
      129774
      129807
      129851
      129898
      129945
      129995
      130017
      130022
      130033
      130089
      130169
      130213
      130216
      130272
      130369
      130453
      130494
      130498
      130574
      130647
      130724
      130783
      130786
      130879
      130960
      130972
      130986
      131060
      131085
      131176
      131235
      131254
      131304
      131323
      131371
      131428
      131482
      131497
      131534
      131555
      131570
      131611
      131624
      131630
      131696
      131726
      131816
      131861
      131921
      132001
      132039
      132125
      132216
      132293
      132364
      132422
      132461
      132527
      132562
      132638
      132638
      132663
      132734
      132768
      132786
      132875
      132901
      132953
      132997
      132997
      133072
      133078
      133116
      133202
      133235
      133328
      133423
      133440
      133466
      133505
      133507
      133555
      133653
      133734
      133767
      133814
      133913
      133921
      133984
      134053
      134099
      134103
      134103
      134172
      134185
      134189
      134244
      134278
      134294
      134329
      134403
      134452
      134512
      134535
      134628
      134701
      134723
      134771
      134815
      134910
      134966
      135030
      135083
      135116
      135168
      135254
      135308
      135393
      135449
      135509
      135600
      135632
      135726
      135730
      135774
      135867
      135892
      135911
      135925
      135942
      136017
      136051
      136117
      136130
      136184
      136278
      136296
      136370
      136454
      136505
      136542
      136639
      136695
      136731
      136771
      136827
      136872
      136900
      136902
      136920
      136990
      137014
      137028
      137105
      137168
      137260
      137310
      137403
      137458
      137514
      137568
      137610
      137668
      137742
      137805
      137876
      137931
      137951
      137979
      138045
      138125
      138138
      138180
      138265
      138353
      138383
      138437
      138451
      138483
      138530
      138573
      138586
      138598
      138680
      138691
      138767
      138862
      138869
      138870
      138961
      138962
      138994
      139064
      139132
      139143
      139159
      139204
      139205
      139246
      139290
      139352
      139443
      139477
      139487
      139502
      139579
      139594
      139638
      139656
      139755
      139791
      139874
      139924
      140005
      140023
      140110
      140197
      140294
      140304
      140323
      140348
      140423
      140496
      140504
      140532
      140552
      140609
      140654
      140706
      140758
      140838
      140846
      140889
      140950
      141002
      141012
      141018
      141072
      141169
      141195
      141256
      141280
      141337
      141355
      141439
      141497
      141524
      141589
      141664
      141741
      141743
      141794
      141835
      141840
      141871
      141968
      141995
      142034
      142045
      142105
      142130
      142205
      142248
      142334
      142354
      142430
      142480
      142506
      142574
      142593
      142653
      142683
      142770
      142840
      142894
      142986
      142994
      143022
      143031
      143052
      143116
      143195
      143288
      143304
      143356
      143388
      143411
      143445
      143533
      143543
      143610
      143673
      143704
      143783
      143838
      143933
      143942
      143960
      143991
      144037
      144070
      144144
      144171
      144243
      144269
      144273
      144316
      144413
      144446
      144477
      144526
      144589
      144617
      144648
      144651
      144722
      144793
      144864
      144962
      144965
      145033
      145088
      145161
      145242
      145247
      145294
      145384
      145420
      145473
      145554
      145619
      145679
      145718
      145781
      145818
      145911
      145966
      145988
      146017
      146079
      146142
      146235
      146242
