           7
          34
          78
         111
         189
         243
         336
         356
         360
         444
         472
         546
         564
         606
         627
         693
         781
         842
         920
         933
         933
        1013
        1088
        1159
        1249
        1258
        1306
        1371
        1444
        1523
        1559
        1579
        1619
        1684
        1717
        1792
        1871
        1889
        1893
        1930
        1963
        1997
        2052
        2128
        2185
        2188
        2270
        2330
        2402
        2437
        2465
        2476
        2529
        2609
        2702
        2760
        2829
        2879
        2963
        2992
        3001
        3006
        3055
        3146
        3189
        3242
        3244
        3283
        3327
        3357
        3367
        3436
        3466
        3500
        3513
        3572
        3582
        3650
        3716
        3761
        3800
        3816
        3902
        3976
        4004
        4063
        4161
        4190
        4217
        4247
        4252
        4307
        4325
        4359
        4401
        4439
        4457
        4484
        4571
        4613
        4699
        4760
        4858
        4939
        4957
        4986
        5085
        5181
        5236
        5313
        5330
        5394
        5426
        5428
        5485
        5494
        5572
        5642
        5704
        5802
        5818
        5915
        5920
        5964
        6060
        6145
        6172
        6271
        6327
        6384
        6408
        6414
        6493
        6539
        6542
        6605
        6627
        6694
        6700
        6710
        6761
        6846
        6855
        6901
        6919
        6952
        6965
        6986
        6993
        7020
        7055
        7077
        7098
        7130
        7206
        7225
        7254
        7329
        7353
        7428
        7484
        7569
        7657
        7717
        7787
        7814
        7911
        8002
        8100
        8148
        8230
        8299
        8341
        8404
        8410
        8499
        8509
        8586
        8604
        8659
        8706
        8709
        8760
        8826
        8915
        8938
        8945
        8984
        9030
        9074
        9158
        9223
        9230
        9292
        9299
        9337
        9401
        9428
        9445
        9463
        9468
        9563
        9575
        9610
        9644
        9741
        9809
        9841
        9917
       10016
       10046
       10109
       10112
       10167
       10266
       10283
       10297
       10341
       10344
       10415
       10479
       10530
       10543
       10590
       10622
       10716
       10772
       10831
       10862
       10957
       11049
       11098
       11177
       11216
       11256
       11330
       11390
       11439
       11485
       11503
       11503
       11527
       11615
       11661
       11684
       11779
       11870
       11943
       11962
       12023
       12087
       12183
       12225
       12261
       12317
       12327
       12398
       12399
       12418
       12430
       12459
       12536
       12543
       12615
       12641
       12726
       12825
       12877
       12964
       13060
       13105
       13152
       13229
       13296
       13340
       13385
       13443
       13519
       13533
       13552
       13645
       13735
       13744
       13744
       13779
       13872
       13916
       13988
       14024
       14034
       14046
       14060
       14097
       14133
       14168
       14170
       14195
       14231
       14318
       14331
       14398
       14409
       14489
       14490
       14554
       14570
       14619
       14660
       14757
       14780
       14811
       14890
       14965
       15044
       15108
       15175
       15225
       15241
       15272
       15366
       15432
       15481
       15558
       15624
       15650
       15683
       15734
       15759
       15810
       15876
       15899
       15968
       15996
       16076
       16119
       16200
       16217
       16287
       16377
       16424
       16438
       16464
       16485
       16541
       16572
       16658
       16678
       16685
       16749
       16759
       16827
       16857
       16893
       16938
       16978
       17032
       17073
       17121
       17137
       17140
       17197
       17240
       17263
       17310
       17310
       17336
       17359
       17455
       17531
       17584
       17633
       17720
       17730
       17755
       17840
       17899
       17945
       17949
       17969
       17994
       18049
       18094
       18119
       18195
       18274
       18279
       18314
       18397
       18490
       18502
       18504
       18558
       18598
       18692
       18715
       18720
       18724
       18734
       18826
       18876
       18974
       18991
       19074
       19147
       19158
       19230
       19266
       19311
       19342
       19418
       19454
       19493
       19521
       19611
       19692
       19707
       19767
       19824
       19827
       19910
       19923
       19996
       20011
       20079
       20084
       20109
       20180
       20275
       20349
       20353
       20430
       20451
       20504
       20515
       20569
       20642
       20740
       20771
       20867
       20906
       20997
       21007
       21079
       21088
       21168
       21225
       21259
       21271
       21353
       21372
       21403
       21417
       21438
       21501
       21585
       21594
       21631
       21658
       21688
       21767
       21800
       21856
       21905
       21913
       22011
       22093
       22163
       22181
       22219
       22220
       22222
       22232
       22245
       22319
       22371
       22440
       22477
       22486
       22519
       22573
       22672
       22685
       22765
       22782
       22842
       22851
       22889
       22898
       22964
       23025
       23041
       23050
       23119
       23173
       23262
       23328
       23393
       23484
       23525
       23565
       23625
       23669
       23726
       23793
       23890
       23926
       23976
       24031
       24040
       24137
       24180
       24233
       24314
       24374
       24418
       24507
       24522
       24590
       24640
       24707
       24788
       24800
       24816
       24857
       24859
       24908
       24959
       24961
       25025
       25046
       25125
       25179
       25207
       25226
       25324
       25422
       25473
       25529
       25616
       25681
       25755
       25841
       25892
       25935
       26012
       26055
       26078
       26141
       26206
       26267
       26338
       26433
       26456
       26527
       26602
       26644
       26683
       26726
       26800
       26855
       26888
       26929
       27014
       27093
       27133
       27218
       27240
       27289
       27321
       27370
       27372
       27430
       27494
       27520
       27611
       27688
       27692
       27762
       27836
       27891
       27977
       28066
       28112
       28115
       28179
       28190
       28284
       28378
       28450
       28495
       28533
       28562
       28593
       28680
       28687
       28753
       28845
       28937
       28980
       29049
       29148
       29180
       29276
       29375
       29385
       29473
       29516
       29594
       29664
       29681
       29751
       29775
       29855
       29911
       29970
       30022
       30029
       30039
       30094
       30117
       30187
       30240
       30260
       30294
       30355
       30387
       30412
       30431
       30463
       30503
       30529
       30547
       30556
       30595
       30599
       30633
       30691
       30747
       30773
       30818
       30902
       30910
       30940
       30968
       31041
       31108
       31165
       31223
       31268
       31279
       31318
       31343
       31409
       31440
       31487
       31515
       31550
       31609
       31661
       31756
       31788
       31823
       31865
       31893
       31969
       32000
       32069
       32081
       32172
       32191
       32264
       32326
       32374
       32389
       32414
       32451
       32453
       32453
       32465
       32556
       32563
       32565
       32651
       32663
       32674
       32738
       32768
       32794
       32848
       32945
       32982
       33041
       33074
       33102
       33129
       33140
       33227
       33300
       33388
       33417
       33474
       33524
       33556
       33599
       33638
       33720
       33733
       33803
       33856
       33921
       33949
       34047
       34094
       34154
       34221
       34276
       34359
       34392
       34438
       34518
       34594
       34660
       34705
       34731
       34792
       34879
       34948
       34978
       35001
       35039
       35103
       35201
       35219
       35267
       35311
       35315
       35371
       35468
       35470
       35554
       35566
       35638
       35737
       35802
       35862
       35925
       35987
       36006
       36095
       36179
       36220
       36299
       36324
       36408
       36501
       36592
       36656
       36754
       36798
       36894
       36896
       36962
       36970
       36991
       37005
       37099
       37173
       37251
       37317
       37405
       37455
       37496
       37563
       37638
       37668
       37741
       37827
       37923
       37949
       37986
       38034
       38080
       38134
       38199
       38275
       38335
       38335
       38338
       38422
       38496
       38564
       38605
       38668
       38713
       38750
       38818
       38838
       38911
       38925
       38987
       39062
       39084
       39156
       39173
       39203
       39296
       39348
       39398
       39409
       39464
       39487
       39556
       39644
       39717
       39790
       39796
       39891
       39928
       39948
       40030
       40068
       40140
       40176
       40248
       40276
       40342
       40426
       40449
       40499
       40533
       40549
       40589
       40678
       40696
       40706
       40774
       40846
       40942
       41009
       41035
       41102
       41192
       41200
       41246
       41335
       41406
       41407
       41487
       41539
       41586
       41598
       41627
       41646
       41710
       41797
       41830
       41865
       41869
       41929
       41988
       42072
       42095
       42152
       42245
       42338
       42368
       42420
       42480
       42553
       42576
       42643
       42693
       42734
       42797
       42817
       42850
       42882
       42951
       42957
       43039
       43049
       43066
       43150
       43205
       43245
       43260
       43289
       43311
       43399
       43419
       43516
       43587
       43653
       43711
       43727
       43743
       43769
       43849
       43878
       43923
       43947
       43957
       44007
       44037
       44124
       44184
       44271
       44341
       44360
       44382
       44390
       44474
       44484
       44579
