          54
          69
         147
         166
         218
         228
         258
         287
         385
         469
         494
         579
         646
         662
         691
         759
         823
         908
         910
         932
         997
        1056
        1134
        1204
        1207
        1232
        1269
        1353
        1403
        1446
        1512
        1526
        1546
        1565
        1630
        1667
        1747
        1759
        1814
        1814
        1891
        1960
        1976
        2018
        2098
        2189
        2253
        2270
        2338
        2400
        2473
        2491
        2552
        2616
        2712
        2754
        2788
        2796
        2874
        2905
        2948
        3017
        3103
        3143
        3186
        3196
        3196
        3198
        3206
        3213
        3225
        3267
        3356
        3415
        3415
        3451
        3539
        3600
        3649
        3697
        3708
        3787
        3794
        3810
        3901
        3918
        3997
        4012
        4028
        4046
        4062
        4064
        4077
        4120
        4182
        4206
        4284
        4344
        4379
        4379
        4424
        4523
        4568
        4611
        4675
        4697
        4721
        4784
        4830
        4908
        5000
        5071
        5077
        5145
        5177
        5194
        5241
        5306
        5337
        5393
        5410
        5435
        5439
        5512
        5580
        5614
        5702
        5779
        5874
        5923
        5970
        6024
        6048
        6142
        6153
        6234
        6296
        6329
        6340
        6365
        6373
        6423
        6471
        6555
        6570
        6630
        6656
        6658
        6744
        6760
        6780
        6793
        6828
        6876
        6954
        7019
        7038
        7068
        7094
        7184
        7260
        7353
        7356
        7428
        7471
        7530
        7552
        7573
        7603
        7614
        7695
        7770
        7823
        7890
        7949
        7965
        8053
        8085
        8099
        8169
        8248
        8325
        8397
        8417
        8495
        8558
        8635
        8687
        8734
        8760
        8820
        8894
        8919
        8962
        9008
        9077
        9155
        9194
        9240
        9278
        9342
        9365
        9428
        9457
        9529
        9557
        9648
        9711
        9750
        9812
        9819
        9842
        9903
        9917
        9997
       10027
       10085
       10109
       10176
       10232
       10241
       10329
       10369
       10413
       10506
       10605
       10606
       10692
       10740
       10758
       10825
       10889
       10939
       10998
       11087
       11146
       11198
       11199
       11223
       11288
       11375
       11424
       11501
       11545
       11575
       11660
       11752
       11810
       11843
       11896
       11957
       12033
       12067
       12077
       12165
       12165
       12254
       12350
       12356
       12357
       12450
       12463
       12529
       12563
       12587
       12630
       12662
       12696
       12709
       12793
       12886
       12919
       12959
       13031
       13052
       13090
       13113
       13135
       13146
       13216
       13279
       13369
       13371
       13424
       13486
       13576
       13671
       13728
       13821
       13865
       13873
       13889
       13957
       13967
       13997
       14082
       14090
       14181
       14249
       14313
       14332
       14341
       14432
       14470
       14524
       14532
       14628
       14688
       14695
       14775
       14786
       14795
       14808
       14826
       14867
       14941
       14957
       14979
       15040
       15101
       15191
       15278
       15294
       15365
       15434
       15459
       15532
       15565
       15644
       15686
       15740
       15789
       15865
       15916
       15998
       16038
       16113
       16198
       16237
       16277
       16312
       16338
       16391
       16453
       16530
       16567
       16662
       16740
       16787
       16804
       16833
       16900
       16951
       17006
       17089
       17140
       17184
       17237
       17273
       17280
       17358
       17387
       17424
       17490
       17534
       17597
       17679
       17684
       17771
       17817
       17836
       17927
       18010
       18060
       18063
       18104
       18176
       18229
       18268
       18326
       18356
       18386
       18457
       18505
       18514
       18576
       18673
       18705
       18736
       18783
       18846
       18935
       19005
       19028
       19059
       19060
       19128
       19142
       19221
       19311
       19403
       19433
       19521
       19553
       19618
       19691
       19716
       19724
       19794
       19849
       19919
       19960
       20006
       20046
       20076
       20110
       20187
       20260
       20295
       20391
       20448
       20493
       20573
       20655
       20738
       20828
       20855
       20870
       20884
       20931
       20943
       20949
       20981
       21046
       21143
       21168
       21255
       21271
       21330
       21397
       21462
       21519
       21570
       21645
       21688
       21761
       21816
       21865
       21958
       21986
       22029
       22049
       22134
       22144
       22169
       22211
       22305
       22325
       22417
       22428
       22524
       22550
       22630
       22679
       22723
       22805
       22895
       22968
       23067
       23118
       23198
       23277
       23313
       23318
       23350
       23416
       23488
       23536
       23559
       23574
       23664
       23755
       23808
       23885
       23958
       24021
       24028
       24033
       24086
       24096
       24130
       24219
       24290
       24330
       24367
       24402
       24405
       24434
       24438
       24464
       24563
       24643
       24742
       24832
       24839
       24846
       24915
       24974
       25042
       25134
       25147
       25154
       25247
       25298
       25387
       25427
       25490
       25547
       25644
       25660
       25708
       25745
       25770
       25793
       25816
       25911
       25989
       26032
       26092
       26167
       26254
       26300
       26398
       26436
       26459
       26510
       26540
       26628
       26669
       26705
       26797
       26839
       26857
       26858
       26865
       26914
       26966
       27050
       27075
       27086
       27104
       27105
       27111
       27198
       27212
       27238
       27289
       27346
       27382
       27459
       27519
       27524
       27606
       27618
       27697
       27698
       27698
       27719
       27776
       27807
       27841
       27905
       27981
       28076
       28109
       28127
       28185
       28215
       28247
       28248
       28267
       28335
       28375
       28459
       28528
       28583
       28601
       28662
       28744
       28776
       28830
       28859
       28862
       28879
       28944
       29001
       29098
       29120
       29127
       29185
       29205
       29290
       29314
       29316
       29323
       29402
       29447
       29457
       29490
       29508
       29530
       29629
       29715
       29730
       29784
       29800
       29808
       29902
       29913
       29939
       30027
       30090
       30090
       30113
       30205
       30269
       30286
       30341
       30427
       30493
       30591
       30669
       30749
       30764
       30774
       30784
       30801
       30826
       30864
       30921
       31017
       31047
       31109
       31123
       31166
       31217
       31280
       31363
       31450
       31464
       31484
       31519
       31555
       31630
       31689
       31714
       31805
       31859
       31949
       31999
       32000
       32095
       32101
       32130
       32167
       32225
       32250
       32301
       32392
       32434
       32533
       32549
       32591
       32626
       32721
       32780
       32858
       32915
       32968
       33015
       33101
       33181
       33183
       33241
       33339
       33352
       33387
       33425
       33453
       33488
       33552
       33602
       33676
       33727
       33728
       33801
       33887
       33915
       33931
       33933
       34015
       34080
       34123
       34200
       34237
       34330
       34359
       34362
       34376
       34394
       34403
       34411
       34448
       34546
       34551
       34559
       34606
       34666
       34762
       34788
       34825
       34833
       34895
       34943
       34972
       34977
       35035
       35038
       35137
       35155
       35239
       35328
       35392
       35427
       35467
       35477
       35500
       35561
       35579
       35606
       35610
       35689
       35711
       35792
       35832
       35856
       35955
       36037
       36043
       36140
       36197
       36243
       36284
       36335
       36427
       36435
       36474
       36541
       36578
       36669
       36762
       36826
       36923
       36944
       37023
       37080
       37176
       37269
       37342
       37407
       37415
       37493
       37574
       37662
       37667
       37751
       37752
       37812
       37903
       37978
       37996
       38029
       38076
       38099
       38176
       38237
       38310
       38317
       38333
       38369
       38444
       38507
       38542
       38547
       38581
       38680
       38682
       38719
       38780
       38804
       38862
       38886
       38970
       39056
       39089
       39121
       39127
       39171
       39194
       39201
       39226
       39293
       39387
       39422
       39477
       39500
       39525
       39529
       39583
       39631
       39631
       39632
       39682
       39730
       39811
       39875
       39881
       39965
       40005
       40093
       40149
       40216
       40217
       40237
       40250
       40297
       40350
       40392
       40394
       40448
       40523
       40621
       40642
       40659
       40707
       40764
       40797
       40842
       40844
       40939
       41024
       41042
       41114
       41136
       41149
       41226
       41296
       41348
       41417
       41464
       41540
       41581
       41675
       41731
       41806
       41870
       41929
       41958
       42056
       42124
       42143
       42166
       42209
       42271
       42272
       42332
       42358
       42363
       42387
       42431
       42495
       42584
       42647
       42724
       42813
       42894
       42992
       43057
       43127
       43136
       43234
       43331
       43407
       43424
       43502
       43541
       43581
       43629
       43633
       43684
       43703
       43750
       43825
       43873
       43946
       43996
       44080
       44169
       44234
       44280
       44320
       44383
       44396
       44471
       44568
       44645
       44741
       44783
       44821
       44871
       44964
       45021
       45035
       45068
       45072
       45127
       45127
       45207
       45228
       45237
       45302
       45304
       45318
       45332
       45423
       45493
       45559
       45633
       45690
       45788
       45880
       45968
       45974
       46024
       46065
       46089
       46134
       46204
       46266
       46324
       46421
       46488
       46494
       46561
       46624
       46703
       46789
       46795
       46810
       46895
       46956
       47041
       47063
       47105
       47153
       47188
       47226
       47269
       47308
       47331
       47385
       47461
       47510
       47547
       47619
       47657
       47753
       47770
       47781
       47855
       47871
       47963
       47968
       47968
       48011
       48089
       48107
       48183
       48218
       48260
       48307
       48311
       48352
       48425
       48470
       48504
       48508
       48578
       48630
       48665
       48738
       48816
       48874
       48935
       48990
       49069
       49084
       49130
       49194
       49245
       49284
       49291
       49366
       49425
       49496
       49587
       49623
       49717
       49796
       49883
       49966
       49998
       50079
       50174
       50227
       50323
       50364
       50425
       50517
       50554
       50614
       50621
       50621
       50663
       50717
       50750
       50777
       50853
       50867
       50896
       50913
       50919
       51008
       51093
       51146
       51235
       51237
       51312
       51407
       51484
       51578
       51672
       51739
       51757
       51823
       51877
       51946
       51957
       51968
       52003
       52042
       52066
       52109
       52126
       52205
       52277
       52298
       52358
       52389
       52487
       52519
       52616
       52636
       52715
       52734
       52816
       52914
       52962
       53056
       53151
       53155
       53244
       53296
       53298
       53353
       53451
       53521
       53567
       53613
       53677
       53760
       53850
       53939
       54001
       54076
       54091
       54178
       54223
       54239
       54331
       54426
       54437
       54480
       54493
       54549
       54561
       54603
       54604
       54678
       54740
       54782
       54848
       54937
       54949
       54960
       55020
       55090
       55128
       55161
       55201
       55263
       55273
       55333
       55402
       55492
       55525
       55583
       55670
       55714
       55811
       55907
       55977
       56005
       56082
       56169
       56228
       56318
       56330
       56421
       56472
       56515
       56603
       56674
       56674
       56697
       56706
       56719
       56737
       56836
       56868
       56918
       56963
       57054
       57062
       57159
       57218
       57262
       57357
       57410
       57430
       57433
       57497
       57534
       57539
       57586
       57587
       57608
       57635
       57707
       57744
       57757
       57808
       57811
       57830
       57861
       57877
       57916
       57963
       58040
       58067
       58137
       58182
       58194
       58233
       58246
       58307
       58371
       58469
       58506
       58521
       58561
       58565
       58593
       58627
       58628
       58655
       58726
       58770
       58831
       58873
       58932
       58943
       58988
       59082
       59084
       59156
       59194
       59270
       59287
       59313
       59341
       59362
       59388
       59410
       59470
       59547
       59601
       59671
       59675
       59707
       59761
       59772
       59802
       59841
       59893
       59920
       59980
       60040
       60062
       60137
       60172
       60209
       60211
       60236
       60325
       60338
       60387
       60428
       60518
       60536
       60608
       60707
       60785
       60788
       60826
       60850
       60934
       60949
       60962
       61023
       61026
       61121
       61174
       61235
       61270
       61296
       61349
       61350
       61438
       61516
       61598
       61604
       61690
       61692
       61733
       61747
       61801
       61862
       61882
       61939
       61951
       62019
       62067
       62104
       62120
       62199
       62235
       62277
       62348
       62354
       62391
       62410
       62466
       62484
       62522
       62598
       62609
       62680
       62768
       62816
       62825
       62890
       62905
       62974
       63021
       63071
       63119
       63191
       63258
       63284
       63383
       63391
       63488
       63546
       63640
       63678
       63741
       63749
       63847
       63924
       63942
       63979
       64063
       64113
       64176
       64248
       64312
       64349
       64438
       64533
       64553
       64567
       64643
       64691
       64755
       64771
       64814
       64878
       64936
       65009
       65082
       65170
       65205
       65218
       65256
       65353
       65406
       65481
       65576
       65619
       65657
       65748
       65847
       65881
       65944
       66029
       66118
       66118
       66169
       66260
       66306
       66400
       66462
       66504
       66585
       66637
       66669
       66742
       66838
       66891
       66901
       66956
       66994
       67054
       67084
       67127
       67200
       67275
       67323
       67406
       67426
       67446
       67482
       67568
       67656
       67674
       67703
       67720
       67745
       67813
       67886
       67919
       67946
       68037
       68059
       68132
       68221
       68228
       68267
       68340
       68425
       68488
       68544
       68590
       68607
       68677
       68686
       68695
       68793
       68843
       68890
       68906
       68975
       68990
       69080
       69163
       69241
       69267
       69355
       69421
       69463
       69463
       69488
       69555
       69575
       69658
       69699
       69775
       69779
       69786
       69810
       69899
       69979
       69989
       69998
       70046
       70108
       70171
       70254
       70323
       70404
       70407
       70459
       70490
       70532
       70542
       70545
       70642
       70730
       70790
       70855
       70889
       70924
       70972
       70983
       71026
       71037
       71040
       71097
       71117
       71187
       71206
       71253
       71274
       71307
       71347
       71379
       71411
       71426
       71518
       71569
       71604
       71637
       71707
       71710
       71717
       71751
       71789
       71868
       71917
       71962
       71987
       72048
       72078
       72134
       72160
       72250
       72310
       72354
       72392
       72418
       72477
       72537
       72567
       72587
       72682
       72758
       72825
       72885
       72982
       73053
       73067
       73079
       73174
       73226
       73289
       73329
       73342
       73362
       73437
       73508
       73579
       73580
       73654
       73718
       73783
       73787
       73822
       73908
       73939
       74019
       74095
       74149
       74150
       74219
       74237
       74255
       74276
       74330
       74399
       74473
       74475
       74517
       74549
       74557
       74589
       74669
       74734
       74809
       74894
       74912
       74938
       74953
       75014
       75069
       75158
       75179
       75190
       75217
       75241
       75259
       75260
       75326
       75376
       75468
       75526
       75532
       75616
       75708
       75748
       75789
       75828
       75900
       75941
       76029
       76076
       76115
       76158
       76178
       76227
       76238
       76310
       76317
       76329
       76355
       76413
       76504
       76585
       76639
       76646
       76648
       76673
       76703
       76755
       76801
       76836
       76869
       76869
       76968
       76984
       77038
       77041
       77048
       77089
       77171
       77192
       77240
       77266
       77345
       77354
       77434
       77476
       77574
       77617
       77625
       77659
       77751
       77807
       77842
       77903
       77954
       77975
       78067
       78091
       78102
       78161
       78196
       78269
       78317
       78364
       78377
       78439
       78471
       78547
       78559
       78593
       78663
       78665
       78667
       78678
       78761
       78833
       78877
       78962
       79007
       79092
       79151
       79241
       79269
       79280
       79300
       79324
       79403
       79456
       79505
       79562
       79607
       79617
       79664
       79736
       79777
       79823
       79877
       79905
       79986
       79997
       80091
       80157
       80233
       80291
       80368
       80448
       80524
       80589
       80650
       80733
       80787
       80880
       80897
       80900
       80907
       80963
       80990
       80993
       80993
       81045
       81111
       81182
       81222
       81272
       81301
       81327
       81403
       81469
       81513
       81577
       81594
       81644
       81739
       81803
       81867
       81923
       81950
       82003
       82079
       82159
       82195
       82212
       82258
       82296
       82368
       82399
       82420
       82461
       82474
       82562
       82580
       82641
       82726
       82755
       82800
       82885
       82922
       82998
       83024
       83042
       83090
       83108
       83137
       83236
       83302
       83333
       83429
       83431
       83492
       83509
       83578
       83593
       83668
       83702
       83791
       83869
       83968
       84042
       84062
       84066
       84084
       84128
       84213
       84292
       84326
       84377
       84377
       84424
       84511
       84567
       84637
       84732
       84751
       84767
       84772
       84871
       84911
       85005
       85104
       85106
       85118
       85155
       85219
       85275
       85292
       85368
       85371
       85435
       85523
       85600
       85625
       85719
       85804
       85877
       85953
       85976
       86042
       86085
       86133
       86212
       86295
       86296
       86371
       86423
       86475
       86484
       86528
       86620
       86681
       86736
       86769
       86778
       86803
       86832
       86885
       86977
       86988
       87042
       87083
       87158
       87231
       87256
       87305
       87342
       87377
       87408
       87473
       87496
       87549
       87596
       87603
       87698
       87738
       87818
       87912
       87958
       87992
       88037
       88082
       88124
       88141
       88206
       88262
       88305
       88338
       88344
       88401
       88453
       88523
       88576
       88600
       88631
       88705
       88796
       88894
       88933
       89001
       89048
       89127
       89182
       89196
       89213
       89221
       89257
       89314
       89361
       89449
       89537
       89626
       89662
       89756
       89837
       89845
       89874
       89880
       89962
       90011
       90036
       90121
       90213
       90272
       90293
       90377
       90400
       90469
       90548
       90610
       90616
       90670
       90717
       90794
       90799
       90862
       90879
       90969
       91016
       91032
       91089
       91162
       91248
       91248
       91332
       91371
       91460
       91533
       91541
       91610
       91647
       91650
       91696
       91794
       91832
       91832
       91857
       91879
       91885
       91918
       91927
       91944
       92009
       92053
       92126
       92213
       92256
       92338
       92377
       92431
       92512
       92571
       92666
       92678
       92731
       92826
       92845
       92928
       93008
       93102
       93135
       93185
       93252
       93309
       93363
       93429
       93453
       93536
       93574
       93576
       93596
       93607
       93608
       93633
       93705
       93779
       93784
       93816
       93891
       93948
       93966
       93992
       94053
       94116
       94189
       94243
       94275
       94320
       94393
       94489
       94574
       94662
       94694
       94704
       94739
       94811
       94869
       94878
       94910
       94917
       95012
       95076
       95118
       95149
       95190
       95254
       95347
       95441
       95540
       95625
       95683
       95687
       95728
       95766
       95808
       95832
       95881
       95881
       95924
       95983
       96018
       96110
       96196
       96235
       96265
       96349
       96394
       96474
       96514
       96522
       96536
       96629
       96688
       96748
       96800
       96819
       96886
       96900
       96978
       97025
       97122
       97189
       97270
       97347
       97443
       97457
       97525
       97603
       97652
       97668
       97704
       97801
       97815
       97913
       98001
       98056
       98091
       98106
       98145
       98223
       98316
       98371
       98437
       98529
       98618
       98623
       98666
       98761
       98764
       98828
       98842
       98886
       98939
       98957
       99006
       99073
       99151
       99240
       99280
       99280
       99351
       99405
       99455
       99466
       99534
       99624
       99716
       99805
       99826
       99916
       99996
      100048
      100054
      100105
      100189
      100279
      100306
      100367
      100405
      100405
      100483
      100524
      100601
      100603
      100661
      100720
      100816
      100879
      100965
      100981
      101069
      101074
      101120
      101127
      101139
      101182
      101274
      101360
      101374
      101414
      101505
      101598
      101639
      101670
      101686
      101697
      101732
      101740
      101811
      101813
      101899
      101961
      101994
      102073
      102075
      102173
      102201
      102247
      102284
      102370
      102462
      102513
      102569
      102610
      102682
      102760
      102841
      102895
      102911
      102972
      102994
      103019
      103091
      103125
      103200
      103289
      103361
      103361
      103364
      103462
      103498
      103504
      103538
      103597
      103686
      103733
      103782
      103790
      103852
      103939
      103945
      103966
      104015
      104020
      104027
      104106
      104154
      104183
      104201
      104278
      104345
      104393
      104408
      104464
      104500
      104585
      104628
      104670
      104762
      104797
      104891
      104910
      104936
      104957
      104965
      105004
      105054
      105065
      105146
      105192
      105290
      105301
      105394
      105477
      105498
      105585
      105677
      105698
      105728
      105728
      105775
      105869
      105904
      105975
      106070
      106102
      106181
      106262
      106323
      106359
      106360
      106422
      106431
      106493
      106558
      106604
      106648
      106671
      106761
      106767
      106781
      106863
      106892
      106963
      106981
      107007
      107056
      107095
      107137
      107227
      107297
      107344
      107351
      107360
      107433
      107450
      107456
      107546
      107551
      107576
      107614
      107637
      107697
      107716
      107798
      107830
      107922
      107946
      108025
      108035
      108067
      108150
      108178
      108245
      108323
      108402
      108487
      108511
      108525
      108601
      108668
      108681
      108696
      108793
      108890
      108924
      108936
      108975
      109036
      109043
      109121
      109219
      109304
      109326
      109335
      109362
      109363
      109368
      109465
      109506
      109573
      109590
      109633
      109656
      109669
      109762
      109764
      109798
      109813
      109834
      109842
      109854
      109908
      109931
      110008
      110105
      110190
      110250
      110306
      110308
      110391
      110482
      110484
      110494
      110581
      110664
      110719
      110725
      110822
      110910
      110990
      111026
      111058
      111147
      111220
      111252
      111302
      111385
      111447
      111458
      111515
      111527
      111623
      111698
      111760
      111800
      111890
      111929
      112021
      112030
      112069
      112146
      112166
      112262
      112283
      112304
      112310
      112352
      112417
      112488
      112560
      112570
      112657
      112721
      112819
      112845
      112880
      112951
      112971
      112998
      113066
      113142
      113156
      113168
      113233
      113285
      113296
      113378
      113459
      113499
      113509
      113556
      113594
      113688
      113786
      113789
      113880
      113935
      114027
      114079
      114111
      114162
      114214
      114263
      114333
      114348
      114370
      114423
      114511
      114512
      114566
      114622
      114653
      114654
      114749
      114776
      114843
      114922
      115010
      115081
      115174
      115259
      115299
      115357
      115441
      115451
      115510
      115542
      115621
      115633
      115637
      115708
      115786
      115849
      115923
      115942
      116021
      116078
      116175
      116181
      116199
      116213
      116276
      116335
      116401
      116418
      116473
      116548
      116555
      116570
      116586
      116638
      116656
      116697
      116718
      116767
      116822
      116848
      116914
      116973
      117011
      117071
      117079
      117089
      117172
      117255
      117289
      117296
      117377
      117461
      117478
      117528
      117602
      117668
      117728
      117815
      117848
      117850
      117940
      117946
      117988
      118087
      118174
      118180
      118230
      118298
      118302
      118377
      118435
      118456
      118519
      118536
      118597
      118653
      118745
      118794
      118796
      118883
      118945
      119001
      119063
      119073
      119119
      119136
      119202
      119207
      119251
      119258
      119283
      119337
      119346
      119433
      119517
      119541
      119573
      119585
      119652
      119692
      119773
      119827
      119861
      119864
      119933
      120010
      120036
      120088
      120165
      120232
      120247
      120261
      120295
      120324
      120376
      120426
      120471
      120535
      120559
      120583
      120654
      120669
      120705
      120779
      120782
      120815
      120849
      120863
      120887
      120958
      121053
      121095
      121160
      121211
      121228
      121294
      121391
      121417
      121457
      121518
      121583
      121622
      121647
      121654
      121713
      121758
      121810
      121880
      121970
      122047
      122096
      122163
      122217
      122248
      122270
      122346
      122411
      122426
      122498
      122509
      122606
      122650
      122670
      122756
      122851
      122943
      122985
      122994
      123087
      123126
      123222
      123227
      123258
      123348
      123435
      123534
      123541
      123552
      123558
      123568
      123611
      123682
      123780
      123863
      123911
      123993
      124003
      124029
      124109
      124187
      124201
      124221
      124317
      124325
      124367
      124425
      124524
      124604
      124662
      124751
      124808
      124837
      124893
      124966
      125052
      125096
      125158
      125197
      125254
      125277
      125296
      125336
      125369
      125463
      125510
      125546
      125581
      125652
      125700
      125783
      125804
      125881
      125902
      125993
      126075
      126090
      126134
      126213
      126269
      126292
      126385
      126474
      126540
      126609
      126632
      126674
      126697
      126745
      126841
      126846
      126885
      126962
      127060
      127133
      127159
      127165
      127258
      127270
      127347
      127416
      127466
      127526
      127605
      127636
      127670
      127730
      127828
      127901
      127929
      127929
      128012
      128109
      128189
      128282
      128338
      128391
      128412
      128504
      128543
      128637
      128708
      128742
      128745
      128813
      128826
      128913
      128995
      129041
      129050
      129091
      129149
      129162
      129244
      129260
      129332
      129397
      129422
      129479
      129498
      129589
      129687
      129693
      129723
      129767
      129794
      129801
      129900
      129956
      130012
      130082
      130176
      130270
      130318
      130329
      130386
      130388
      130440
      130504
      130576
      130588
      130637
      130646
      130679
      130735
      130738
      130792
      130838
      130839
      130897
      130897
      130935
      130957
      131010
      131021
      131117
      131126
      131199
      131200
      131264
      131339
      131339
      131379
      131393
      131465
      131473
      131570
      131647
      131679
      131741
      131821
      131876
      131953
      132004
      132080
      132171
      132250
      132260
      132316
      132385
      132388
      132414
      132414
      132431
      132488
      132540
      132597
      132657
      132665
      132734
      132793
      132840
      132874
      132915
      132959
      133001
      133063
      133074
      133133
      133154
      133169
      133239
      133334
      133382
      133420
      133439
      133488
      133520
      133577
      133623
      133710
      133793
      133795
      133840
      133890
      133919
      133967
      134052
      134077
      134139
      134208
      134238
      134275
      134318
      134382
      134470
      134554
      134575
      134612
      134633
      134636
      134650
      134675
      134681
      134764
      134817
      134913
      135000
      135080
      135109
      135200
      135290
      135305
      135382
      135437
      135437
      135479
      135502
      135588
      135667
      135744
      135787
      135788
      135887
      135969
      136017
      136045
      136101
      136174
      136230
      136319
      136375
      136383
      136417
      136483
      136516
      136555
      136602
      136640
      136655
      136659
      136715
      136748
      136773
      136823
      136867
      136878
      136951
      137023
      137106
      137134
      137202
      137231
      137255
      137339
      137418
      137433
      137524
      137577
      137583
      137633
      137697
      137749
      137807
      137895
      137918
      137930
      137976
      137987
      138076
      138120
      138215
      138232
      138309
      138323
      138380
      138433
      138452
      138503
      138601
      138629
      138718
      138787
      138802
      138839
      138860
      138950
      138969
      139049
      139062
      139114
      139115
      139207
      139294
      139372
      139415
      139443
      139509
      139526
      139622
      139697
      139726
      139796
      139889
      139945
      139992
      140065
      140125
      140165
      140225
      140317
      140329
      140329
      140402
      140414
      140435
      140436
      140440
      140516
      140574
      140591
      140627
      140701
      140758
      140806
      140877
      140944
      140985
      141011
      141037
      141093
      141119
      141205
      141234
      141280
      141317
      141326
      141380
      141411
      141454
      141526
      141536
      141603
      141620
      141662
      141705
      141803
      141850
      141926
      141959
      141961
      142001
      142051
      142073
      142073
      142085
      142094
      142192
      142216
      142311
      142355
      142415
      142436
      142491
      142565
      142603
      142658
      142736
      142806
      142808
      142869
      142901
      142947
      142948
      142949
      143001
      143096
      143142
      143159
      143201
      143296
      143371
      143453
      143503
      143506
      143517
      143524
      143613
      143709
      143759
      143771
      143817
      143837
      143934
      143991
      143995
      144003
      144033
      144108
      144160
      144171
      144209
      144269
      144295
      144351
      144387
      144453
      144490
      144498
      144525
      144540
      144544
      144567
      144649
      144691
      144744
      144751
      144829
      144837
      144842
      144907
      145004
      145069
      145159
      145204
      145237
      145240
      145289
      145319
      145367
      145390
      145442
      145505
      145584
      145609
      145673
      145676
      145730
      145788
      145852
      145876
      145952
      145978
      146037
      146058
      146093
      146143
      146205
      146300
      146335
      146365
      146460
      146519
      146574
      146634
      146647
      146681
      146753
      146794
      146811
      146837
      146874
      146913
      146966
      147025
      147074
      147108
      147125
      147193
      147230
      147265
      147343
      147373
      147428
      147509
      147511
      147523
      147538
      147576
      147604
      147699
      147704
      147763
      147780
      147801
      147891
      147903
      147919
      148000
      148066
      148111
      148165
      148243
      148311
      148400
      148412
      148499
      148519
      148519
      148558
      148594
      148614
      148703
      148742
      148763
      148790
      148861
      148934
      149020
      149051
      149063
      149125
      149144
      149199
      149209
      149271
      149286
      149373
      149424
      149453
      149516
      149549
      149593
      149664
      149681
      149767
      149788
      149812
      149882
      149952
      150037
      150075
      150164
      150206
      150213
      150229
      150254
      150333
      150356
      150406
      150442
      150482
      150552
      150569
      150615
      150652
      150655
      150668
      150725
      150734
      150753
      150852
      150951
      151000
      151064
      151092
      151128
      151221
      151315
      151325
      151361
      151392
      151454
      151531
      151629
      151670
      151732
      151735
      151781
      151809
      151907
      151913
      152004
      152032
      152079
      152121
      152143
      152149
      152240
      152285
      152345
      152425
      152447
      152491
      152496
      152568
      152657
      152718
      152781
      152791
      152868
      152919
      153013
      153061
      153149
      153200
      153214
      153259
      153300
      153305
      153381
      153476
      153506
      153543
      153618
      153683
      153701
      153774
      153873
      153957
      154027
      154046
      154060
      154112
      154180
      154252
      154343
      154372
      154390
      154406
      154477
      154509
      154592
      154631
      154676
      154769
      154822
      154860
      154959
      155046
      155141
      155225
      155295
      155387
      155457
      155499
      155543
      155550
      155638
      155665
      155752
      155756
      155838
      155894
      155900
      155910
      155937
      155969
      156030
      156115
      156184
      156237
      156274
      156309
      156350
      156409
      156507
      156561
      156641
      156706
      156794
      156814
      156884
      156892
      156949
      156954
      156995
      157069
      157105
      157157
      157247
      157297
      157334
      157356
      157394
      157487
      157516
      157542
      157547
      157638
      157723
      157760
      157832
      157900
      157904
      157942
      158010
      158035
      158107
      158206
      158235
      158303
      158305
      158382
      158413
      158465
      158545
      158630
      158688
      158693
      158774
      158809
      158855
      158906
      158997
      159024
      159058
      159099
      159178
      159262
      159282
      159357
      159419
      159437
      159509
      159575
      159615
      159676
      159718
      159740
      159749
      159803
      159840
      159925
      160001
      160055
      160061
      160130
      160198
      160253
      160301
      160324
      160412
      160495
      160509
      160561
      160649
      160672
      160686
      160783
      160854
      160891
      160939
      161006
      161070
      161145
      161222
      161315
      161338
      161391
      161431
      161523
      161614
      161665
      161716
      161727
      161736
      161785
      161815
      161859
      161926
      161970
      161998
      162012
      162057
      162133
      162138
      162188
      162273
      162292
      162326
      162419
      162456
      162503
      162550
      162561
      162591
      162593
      162674
      162734
      162744
      162772
      162864
      162926
      163007
      163092
      163169
      163256
      163266
      163330
      163404
      163498
      163531
      163536
      163590
      163673
      163762
      163791
      163887
      163935
      163994
      164050
      164119
      164148
      164195
      164280
      164364
      164453
      164478
      164569
      164583
      164678
      164741
      164781
      164801
      164862
      164898
      164938
      164959
      165033
      165104
      165172
      165180
      165203
      165294
      165313
      165407
      165503
      165563
      165578
      165632
      165699
      165797
      165860
      165876
      165937
      166022
      166041
      166087
      166181
      166277
      166321
      166332
      166354
      166446
      166485
      166511
      166524
      166565
      166572
      166596
      166636
      166691
      166772
      166823
      166902
      166902
      166909
      166917
      166961
      166980
      167036
      167086
      167092
      167143
      167143
      167237
      167285
      167360
      167436
      167523
      167528
      167593
      167632
      167685
      167691
      167705
      167724
      167819
      167857
      167941
      167959
      168030
      168103
      168139
      168141
      168193
      168255
      168306
      168330
      168404
      168419
      168498
      168566
      168581
      168646
      168683
      168756
      168829
      168902
      168911
      168955
      168971
      169043
      169090
      169135
      169228
      169305
      169398
      169481
      169500
      169518
      169543
      169567
      169654
      169722
      169735
      169773
      169859
      169860
      169904
      169975
      170023
      170105
      170191
      170206
      170281
      170305
      170333
      170426
      170496
      170538
      170538
      170606
      170685
      170720
      170762
      170792
      170887
      170927
      170988
      171033
      171128
      171204
      171250
      171303
      171326
      171393
      171455
      171529
      171622
      171643
      171666
      171680
      171691
      171722
      171809
      171843
      171911
      171974
      172033
      172123
      172181
      172183
      172207
      172216
      172263
      172306
      172404
      172480
      172497
      172556
      172655
      172726
      172766
      172813
      172835
      172857
      172862
      172928
      172933
      172983
      173066
      173095
      173182
      173237
      173331
      173427
      173480
      173484
      173508
      173579
      173611
      173640
      173706
      173743
      173751
      173770
      173842
      173880
      173958
      173958
      174033
      174084
      174124
      174185
      174274
      174302
      174361
      174379
      174463
      174502
      174513
      174608
      174651
      174659
      174745
      174777
      174803
      174862
      174890
      174953
      174990
      175068
      175165
      175202
      175286
      175294
      175331
      175406
      175410
      175465
      175513
      175553
      175619
      175628
      175674
      175705
      175753
      175837
      175923
      175957
      176056
      176094
      176153
      176203
      176295
      176363
      176431
      176520
      176559
      176634
      176728
      176754
      176760
      176822
      176901
      176915
      176934
      177012
      177085
      177121
      177123
      177167
      177263
      177326
      177336
      177409
      177428
      177471
      177513
      177558
      177637
      177715
      177769
      177789
      177881
      177915
      177988
      178015
      178094
      178166
      178169
      178268
      178324
      178364
      178424
      178514
      178545
      178634
      178695
      178697
      178744
      178783
      178844
      178884
      178975
      179039
      179072
      179105
      179163
      179207
      179243
      179293
      179351
      179435
      179514
      179542
      179635
      179637
      179647
      179662
      179670
      179701
      179800
      179895
      179898
      179991
      180057
      180141
      180190
      180204
      180265
      180316
      180415
      180510
      180600
      180605
      180699
      180792
      180863
      180929
      180977
      181070
      181144
      181243
      181288
      181383
      181458
      181540
      181616
      181659
      181672
      181714
      181728
      181818
      181822
      181879
      181918
      181927
      181940
      181947
      181965
      182005
      182013
      182076
      182123
      182190
      182227
      182312
      182385
      182421
      182445
      182494
      182532
      182593
      182673
      182694
      182791
      182807
      182899
      182940
      182970
      183022
      183089
      183115
      183124
      183129
      183212
      183232
      183298
      183344
      183416
      183435
      183522
      183537
      183577
      183641
      183652
      183715
      183743
      183837
      183906
      183989
      184026
      184071
      184071
      184096
      184105
      184178
      184202
      184258
      184276
      184363
      184411
      184432
      184457
      184485
      184502
      184533
      184577
      184641
      184712
      184787
      184800
      184846
      184859
      184902
      184917
      184976
      185005
      185104
      185153
      185202
      185264
      185358
      185454
      185477
      185487
      185534
      185630
      185719
      185817
      185830
      185924
      186022
      186085
      186116
      186135
      186184
      186273
      186367
      186410
      186462
      186543
      186638
      186709
      186755
      186811
      186889
      186947
      187042
      187088
      187176
      187217
      187261
      187276
      187328
      187337
      187415
      187446
      187455
      187503
      187539
      187613
      187622
      187676
      187743
      187769
      187783
      187875
      187924
      187924
      188018
      188069
      188140
      188216
      188294
      188339
      188392
      188467
      188544
      188562
      188573
      188620
      188646
      188686
      188729
      188819
      188891
      188968
      189053
      189124
      189221
      189269
      189362
      189390
      189390
      189426
      189449
      189514
      189569
      189584
      189631
      189682
      189721
      189748
      189800
      189830
      189876
      189886
      189946
      190036
      190046
      190060
      190100
      190137
      190160
      190192
      190257
      190307
      190395
      190424
      190448
      190463
      190501
      190504
      190542
      190628
      190628
      190727
      190754
      190852
      190935
      190938
      190988
      191047
      191090
      191180
      191182
      191184
      191223
      191303
      191345
      191404
      191415
      191436
      191483
      191533
      191628
      191682
      191683
      191764
      191840
      191885
      191931
      192023
      192058
      192111
      192187
      192284
      192331
      192410
      192420
      192459
      192527
      192555
      192652
      192663
      192752
      192847
      192862
      192877
      192963
      193012
      193101
      193111
      193184
      193263
      193264
      193300
      193318
      193369
      193437
      193475
      193547
      193613
      193701
      193768
      193848
      193907
      193934
      194005
      194047
      194070
      194099
      194116
      194215
      194231
      194321
      194337
      194429
      194514
      194612
      194652
      194738
      194757
      194791
      194870
      194906
      194961
      195054
      195137
      195215
      195243
      195317
      195325
      195376
      195398
      195492
      195558
      195621
      195689
      195724
      195801
      195866
      195914
      195977
      196046
      196052
      196062
      196127
      196209
      196291
      196331
      196426
      196493
      196511
      196544
      196603
      196693
      196790
      196824
      196911
      196972
      196994
      197052
      197081
      197114
      197192
      197252
      197315
      197333
      197432
      197464
      197483
      197545
      197632
      197699
      197740
      197762
      197858
      197923
      197989
      198027
      198119
      198199
      198256
      198304
      198384
      198418
      198432
      198492
      198556
      198611
      198645
      198731
      198781
      198871
      198917
      199003
      199029
      199109
      199129
      199142
      199192
      199244
      199319
      199374
      199436
      199522
      199588
      199593
      199644
      199645
      199740
      199759
      199847
      199874
      199961
      200055
      200124
      200205
      200300
      200383
      200430
      200497
      200546
      200572
      200622
      200625
      200708
      200800
      200844
      200870
      200889
      200978
      201039
      201097
      201131
      201148
      201189
      201268
      201310
      201335
      201344
      201436
      201467
      201487
      201488
      201583
      201607
      201644
      201743
      201797
      201872
      201954
      202037
      202092
      202117
      202213
      202251
      202294
      202372
      202436
      202528
      202609
      202613
      202683
      202758
      202783
      202844
      202844
      202905
      202981
      202990
      203038
      203116
      203174
      203268
      203340
      203432
      203444
      203527
      203548
      203606
      203692
      203740
      203746
      203802
      203890
      203910
      203959
      203965
      204048
      204057
      204115
      204161
      204230
      204268
      204339
      204356
      204383
      204402
      204422
      204480
      204559
      204600
      204649
      204650
      204684
      204687
      204721
      204773
      204793
      204808
      204828
      204881
      204958
      205019
      205098
      205159
      205183
      205252
      205261
      205272
      205307
      205396
      205404
      205461
      205507
      205579
      205637
      205638
      205736
      205776
      205830
      205918
      205986
      206065
      206083
      206158
      206235
      206241
      206286
      206316
      206339
      206413
      206468
      206521
      206614
      206627
      206692
      206714
      206764
      206856
      206939
      206987
      207023
      207031
      207129
      207195
      207284
      207330
      207372
      207463
      207518
      207584
      207660
      207722
      207819
      207867
      207954
      207999
      208014
      208033
      208055
      208151
      208207
      208247
      208319
      208322
      208350
      208429
      208526
      208527
      208547
      208582
      208590
      208596
      208622
      208663
      208698
      208761
      208833
      208908
      208908
      208984
      209026
      209121
      209167
      209245
      209298
      209328
      209414
      209466
      209475
      209494
      209555
      209573
      209575
      209588
      209600
      209654
      209671
      209735
      209805
      209853
      209929
      210016
      210029
      210039
      210073
      210163
      210250
      210294
      210308
      210315
      210328
      210369
      210408
      210496
      210517
      210535
      210574
      210611
      210655
      210664
      210698
      210735
      210770
      210790
      210868
      210922
      210995
      211035
      211124
      211131
      211141
      211225
      211294
      211308
      211382
      211399
      211400
      211450
