          52
          83
         172
         230
         254
         301
         309
         374
         416
         457
         518
         605
         673
         739
         764
         846
         863
         895
         923
         989
         992
        1074
        1123
        1188
        1277
        1342
        1391
        1406
        1501
        1525
        1557
        1600
        1667
        1675
        1721
        1776
        1835
        1900
        1997
        2078
        2113
        2212
        2267
        2347
        2353
        2430
        2477
        2570
        2585
        2637
        2638
        2674
        2751
        2796
        2797
        2849
        2941
        3006
        3090
        3126
        3192
        3209
        3243
        3336
        3414
        3485
        3584
        3634
        3696
        3751
        3752
        3809
        3823
        3886
        3973
        4035
        4132
        4205
        4208
        4229
        4271
        4346
        4437
        4516
        4537
        4560
        4572
        4620
        4642
        4691
        4696
        4729
        4745
        4749
        4837
        4886
        4966
        5000
        5035
        5111
        5132
        5148
        5219
        5224
        5267
        5294
        5338
        5365
        5444
        5523
        5558
        5562
        5591
        5614
        5658
        5719
        5760
        5778
        5830
        5910
        5982
        5991
        6049
        6086
        6161
        6221
        6301
        6343
        6412
        6473
        6502
        6550
        6595
        6610
        6674
        6773
        6795
        6796
        6890
        6946
        6950
        7001
        7045
        7124
        7220
        7258
        7315
        7331
        7369
        7454
        7540
        7567
        7606
        7629
        7641
        7699
        7721
        7772
        7850
        7923
        7965
        7975
        8069
        8131
        8182
        8256
        8270
        8288
        8330
        8362
        8376
        8414
        8449
        8454
        8507
        8577
        8613
        8648
        8742
        8753
        8818
        8895
        8917
        8939
        9031
        9081
        9096
        9185
        9255
        9284
        9348
        9363
        9396
        9453
        9539
        9567
        9607
        9647
        9647
        9728
        9770
        9789
        9814
        9864
        9879
        9974
        9989
        9996
       10049
       10068
       10111
       10183
       10198
       10210
       10248
       10334
       10382
       10437
       10463
       10533
       10547
       10581
       10666
       10742
       10794
       10824
       10830
       10839
       10840
       10918
       11008
       11038
       11131
       11196
       11271
       11302
       11377
       11422
       11486
       11581
       11617
       11678
       11710
       11794
       11836
       11882
       11970
       12044
       12083
       12144
       12171
       12212
       12220
       12250
       12331
       12402
       12463
       12531
       12553
       12555
       12561
       12653
       12731
       12742
       12759
       12782
       12784
       12788
       12838
       12845
       12890
       12912
       12958
       13029
       13037
       13076
       13106
       13194
       13251
       13339
       13401
       13423
       13436
       13452
       13526
       13614
       13663
       13757
       13836
       13857
       13939
       13960
       14017
       14082
       14137
       14140
       14167
       14223
       14260
       14349
       14416
       14428
       14461
       14489
       14553
       14556
       14654
       14663
       14670
       14682
       14764
       14813
       14900
       14923
       14974
       15060
       15104
       15121
       15186
       15200
       15266
       15360
       15438
       15444
       15523
       15614
       15614
       15630
       15721
       15746
       15834
       15873
       15905
       16001
       16087
       16128
       16155
       16155
       16210
       16302
       16367
       16415
       16479
       16500
       16535
       16608
       16688
       16776
       16842
       16919
       16972
       17036
       17053
       17096
       17190
       17277
       17373
       17395
       17463
       17485
       17558
       17574
       17591
       17665
       17723
       17735
       17815
       17902
       17936
       17982
       17992
       17992
       18003
       18010
       18059
       18105
       18167
       18266
       18310
       18375
       18422
       18519
       18524
       18553
       18602
       18661
       18754
       18815
       18888
       18979
       19039
       19057
       19133
       19177
       19265
       19318
       19354
       19357
       19425
       19506
       19559
       19578
       19613
       19663
       19746
       19778
       19831
       19913
       19929
       19937
       19997
       20047
       20087
       20130
       20220
       20249
       20318
       20377
       20432
       20435
       20466
       20492
       20575
       20589
       20670
       20704
       20795
       20886
       20976
       21063
       21126
       21182
       21227
       21308
       21334
       21365
       21395
       21438
       21453
       21477
       21571
       21641
       21711
       21712
       21769
       21858
       21877
       21964
       22060
       22122
       22185
       22271
       22278
       22290
       22347
       22418
       22506
       22588
       22655
       22724
       22728
       22789
       22835
       22843
       22889
       22933
       23005
       23018
       23108
       23200
       23211
       23214
       23296
       23305
       23357
       23360
       23409
       23410
       23483
       23567
       23659
       23708
       23759
       23780
       23863
       23868
       23897
       23977
       23986
       23996
       24000
       24064
       24142
       24158
       24217
       24261
       24315
       24403
       24466
       24524
       24570
       24587
       24666
       24682
       24695
       24794
       24880
       24923
       24933
       24993
       25077
       25150
       25150
       25235
       25306
       25337
       25351
       25420
       25433
       25480
       25569
       25637
       25698
       25747
       25845
       25872
       25915
       25945
       25961
       25988
       26014
       26029
       26114
       26166
       26204
       26222
       26274
       26356
       26406
       26491
       26542
       26629
       26689
       26760
       26789
       26844
       26869
       26910
       26917
       26933
       26967
       26988
       27038
       27110
       27178
       27193
       27252
       27336
       27338
       27415
       27480
       27561
       27581
       27624
       27637
       27637
       27652
       27682
       27742
       27779
       27784
       27878
       27897
       27968
       27997
       28014
       28030
       28076
       28145
       28205
       28253
       28301
       28301
       28315
       28401
       28452
       28527
       28609
       28686
       28746
       28750
       28804
       28823
       28849
       28921
       28986
       28997
       29090
       29138
       29148
       29223
       29322
       29402
       29404
       29479
       29520
       29574
       29659
       29670
       29738
       29750
       29827
       29911
       29976
       30005
       30006
       30071
       30124
       30167
       30199
       30232
       30239
       30328
       30420
       30472
       30515
       30612
       30645
       30697
       30777
       30843
       30877
       30923
       30927
       30936
       30983
       31005
       31028
       31046
       31100
       31179
       31214
       31246
       31257
       31348
       31358
       31453
       31534
       31580
       31597
       31659
       31753
       31786
       31788
       31820
       31872
       31887
       31951
       31978
       32064
       32130
       32152
       32220
       32305
       32314
       32367
       32368
       32383
       32445
       32455
       32480
       32575
       32576
       32654
       32723
       32813
       32845
       32944
       33030
       33034
       33066
       33080
       33170
       33245
       33312
       33393
       33479
       33481
       33580
       33631
       33633
       33675
       33697
       33772
       33863
       33891
       33899
       33964
       33998
       34012
       34091
       34155
       34169
       34210
       34239
       34267
       34277
       34283
       34317
       34400
       34415
       34474
       34553
       34557
       34560
       34630
       34684
       34722
       34803
       34870
       34898
       34989
       35023
       35038
       35043
       35098
       35176
       35239
       35298
       35364
       35438
       35490
       35560
       35593
       35640
       35657
       35706
       35768
       35839
       35893
       35988
       36019
       36031
       36089
       36112
       36179
       36191
       36257
       36269
       36299
       36390
       36474
       36568
       36580
       36634
       36664
       36763
       36811
       36879
       36931
       36987
       37021
       37105
       37142
       37164
       37247
       37341
       37372
       37417
       37429
       37527
       37597
       37657
       37694
       37708
       37735
       37738
       37822
       37823
       37851
       37864
       37872
       37971
       38036
       38105
       38187
       38252
       38329
       38362
       38453
       38534
       38541
       38570
       38626
       38688
       38729
       38733
       38787
       38806
       38886
       38906
       38991
       39002
       39053
       39114
       39128
       39173
       39192
       39264
       39288
       39314
       39404
       39467
       39529
       39577
       39599
       39678
       39741
       39749
       39847
       39924
       39998
       40090
       40188
       40225
       40320
       40320
       40336
       40352
       40404
       40464
       40500
       40525
       40544
       40610
       40615
       40656
       40711
       40773
       40850
       40940
       40974
       41058
       41058
       41124
       41135
       41187
       41285
       41359
       41375
       41440
       41532
       41623
       41673
       41695
       41783
       41845
       41859
       41887
       41979
       41998
       42033
       42118
       42122
       42175
       42256
       42317
       42333
       42340
       42351
       42366
       42451
       42531
       42556
       42629
       42668
       42716
       42750
       42835
       42911
       42951
       42959
       43033
       43051
       43067
       43099
       43135
       43190
       43223
       43230
       43296
       43317
       43371
       43393
       43478
       43567
       43598
       43666
       43726
       43746
       43754
       43796
       43883
       43918
       43981
       44070
       44129
       44129
       44186
       44189
       44237
       44256
       44274
       44295
       44340
       44365
       44436
       44445
       44457
       44548
       44626
       44659
       44688
       44722
       44745
       44832
       44898
       44902
       44967
       44990
       45085
       45104
       45137
       45221
       45319
       45331
       45410
       45413
       45459
       45516
       45526
       45581
       45640
       45673
       45676
       45759
       45792
       45861
       45946
       45955
       46039
       46137
       46139
       46173
       46179
       46190
       46218
       46275
       46370
       46410
       46470
       46506
       46581
       46626
       46678
       46739
       46764
       46781
       46818
       46876
       46907
       46911
       46928
       47009
       47093
       47108
       47183
       47256
       47273
       47360
       47415
       47440
       47501
       47538
       47633
       47654
       47695
       47731
       47812
       47820
       47882
       47976
       48045
       48047
       48138
       48212
       48249
       48275
       48297
       48328
       48340
       48381
       48421
       48482
       48521
       48600
       48658
       48718
       48789
       48847
       48927
       49004
       49042
       49089
       49140
       49218
       49277
       49352
       49412
       49465
       49545
       49552
       49639
       49732
       49764
       49845
       49862
       49956
       49970
       50068
       50071
       50123
       50206
       50267
       50346
       50388
       50485
       50492
       50525
       50594
       50662
       50670
       50715
       50788
       50873
       50956
       51032
       51056
       51141
       51166
       51231
       51250
       51284
       51325
       51385
       51462
       51535
       51625
       51719
       51783
       51845
       51866
       51964
       52054
       52130
       52174
       52185
       52244
       52283
       52326
       52366
       52380
       52419
       52420
       52435
       52531
       52535
       52573
       52615
       52706
       52741
       52821
       52838
       52867
       52937
       52991
       53035
       53073
       53142
       53166
       53258
       53323
       53350
       53432
       53531
       53603
       53677
       53720
       53800
       53849
       53869
       53918
       53972
       54045
       54074
       54108
       54137
       54200
       54292
       54339
       54369
       54418
       54488
       54533
       54628
       54662
       54693
       54776
       54824
       54892
       54913
       54999
       55065
       55125
       55164
       55189
       55277
       55319
       55372
       55431
       55468
       55468
       55488
       55540
       55632
       55695
       55747
       55799
       55843
       55928
       55993
       56056
       56104
       56195
       56220
       56259
       56275
       56292
       56363
       56398
       56420
       56433
       56463
       56553
       56651
       56721
       56771
       56864
       56959
       57031
       57101
       57183
       57229
       57269
       57329
       57421
       57462
       57522
       57576
       57633
       57656
       57721
       57730
       57799
       57822
       57840
       57897
       57948
       57969
       58019
       58080
       58173
       58217
       58298
       58317
       58352
       58380
       58462
       58530
       58591
       58648
       58660
       58680
       58761
       58761
       58786
       58811
       58906
       58931
       58975
       59053
       59078
       59171
       59217
       59230
       59292
       59373
       59412
       59452
       59551
       59643
       59697
       59748
       59768
       59823
       59876
       59877
       59894
       59951
       60043
       60064
       60078
       60145
       60190
       60246
       60263
       60356
       60356
       60426
       60469
       60500
       60509
       60538
       60614
       60673
       60676
       60744
       60796
       60823
       60919
       60973
       61051
       61146
       61182
       61281
       61378
       61411
       61427
       61469
       61488
       61560
       61565
       61613
       61693
       61770
       61858
       61861
       61924
       61980
       62037
       62058
       62067
       62163
       62255
       62267
       62306
       62365
       62463
       62545
       62593
       62620
       62700
       62761
       62848
       62870
       62948
       62963
       62979
       63032
       63108
       63143
       63196
       63278
       63346
       63429
       63472
       63511
       63578
       63658
       63733
       63781
       63853
       63945
       63988
       64024
       64071
       64158
       64244
       64314
       64413
       64445
       64448
       64483
       64495
       64564
       64565
       64633
       64666
       64735
       64780
       64814
       64874
       64923
       64938
       65030
       65034
       65071
       65106
       65127
       65198
       65254
       65302
       65368
       65448
       65467
       65485
       65530
       65604
       65609
       65610
       65696
       65749
       65815
       65883
       65981
       66043
       66091
       66161
       66206
       66273
       66281
       66315
       66347
       66387
       66424
       66469
       66495
       66529
       66532
       66559
       66627
       66629
       66710
       66807
       66821
       66913
       66937
       66998
       67002
       67093
       67138
       67219
       67276
       67330
       67364
       67432
       67499
       67513
       67550
       67559
       67630
       67668
       67733
       67760
       67840
       67842
       67894
       67934
       68002
       68034
       68124
       68136
       68215
       68270
       68299
       68325
       68331
       68375
       68450
       68506
       68522
       68532
       68600
       68611
       68635
       68678
       68775
       68832
       68876
       68884
       68933
       68982
       69053
       69115
       69187
       69278
       69372
       69400
       69458
       69476
       69574
       69628
       69693
       69781
       69789
       69870
       69871
       69966
       69975
       70046
       70134
       70179
       70210
       70215
       70226
       70320
       70370
       70466
       70523
       70538
       70575
       70581
       70584
       70654
       70716
       70782
       70849
       70893
       70913
       71006
       71028
       71048
       71054
       71076
       71158
       71233
       71304
       71355
       71368
       71432
       71473
       71489
       71496
       71540
       71575
       71653
       71724
       71787
       71821
       71900
       71906
       71948
       71975
       72027
       72119
       72183
       72227
       72228
       72301
       72349
       72393
       72478
       72500
       72559
       72620
       72621
       72710
       72794
       72841
       72842
       72873
       72884
       72929
       72998
       73093
       73110
       73187
       73198
       73253
       73266
       73275
       73335
       73413
       73426
       73474
       73567
       73567
       73616
       73628
       73659
       73667
       73734
       73822
       73876
       73909
       73965
       73970
       74049
       74130
       74135
       74143
       74198
       74247
       74281
       74332
       74354
       74358
       74374
       74417
       74462
       74550
       74556
       74642
       74687
       74687
       74761
       74798
       74806
       74841
       74925
       75020
       75070
       75122
       75184
       75193
       75280
       75302
       75391
       75474
       75476
       75555
       75653
       75741
       75832
       75898
       75984
       76016
       76045
       76095
       76135
       76181
       76241
       76245
       76332
       76409
       76449
       76487
       76521
       76573
       76667
       76675
       76685
       76765
       76793
       76832
       76838
       76917
       76959
       76990
       77007
       77018
       77093
       77128
       77142
       77172
       77233
       77289
       77297
       77356
       77411
       77432
       77526
       77531
       77596
       77670
       77769
       77854
       77895
       77916
       77935
       77941
       78023
       78037
       78062
       78140
       78168
       78173
       78181
       78268
       78333
       78429
       78510
       78534
       78629
       78696
       78712
       78769
       78815
       78879
       78950
       79002
       79040
       79076
       79165
       79182
       79198
       79198
       79221
       79226
       79278
       79336
       79364
       79386
       79397
       79407
       79443
       79486
       79505
       79589
       79668
       79738
       79828
       79849
       79897
       79957
       79969
       80006
       80076
       80109
       80146
       80242
       80294
       80347
       80375
       80471
       80497
       80512
       80551
       80633
       80645
       80683
       80717
       80735
       80780
       80843
       80868
       80962
       80981
       81007
       81060
       81086
       81101
       81113
       81206
       81216
       81216
       81310
       81399
       81433
       81508
       81567
       81569
       81648
       81684
       81724
       81783
       81857
       81882
       81927
       81999
       82002
       82016
       82065
       82066
       82084
       82113
       82154
       82182
       82250
       82292
       82362
       82398
       82474
       82524
       82604
       82678
       82695
       82708
       82790
       82793
       82866
       82884
       82952
       83016
       83053
       83076
       83087
       83181
       83194
       83271
       83274
       83283
       83345
       83372
       83446
       83457
       83525
       83619
       83632
       83728
       83806
       83829
       83876
       83929
       83947
       83955
       84015
       84056
       84081
       84162
       84226
       84291
       84377
       84453
       84506
       84556
       84655
       84740
       84795
       84854
       84909
       84987
       85004
       85076
       85162
       85217
       85232
       85309
       85389
       85461
       85523
       85566
       85588
       85600
       85633
       85658
       85703
       85756
       85805
       85827
       85894
       85956
       85997
       85997
       86063
       86111
       86204
       86204
       86234
       86304
       86396
       86404
       86466
       86482
       86504
       86516
       86555
       86610
       86639
       86735
       86816
       86860
       86874
       86895
       86905
       86975
       87052
       87114
       87129
       87185
       87269
       87281
       87333
       87415
       87471
       87543
       87578
       87660
       87694
       87730
       87792
       87867
       87907
       87912
       87931
       87983
       88000
       88046
       88054
       88056
       88111
       88134
       88158
       88243
       88302
       88344
       88364
       88439
       88525
       88581
       88611
       88689
       88764
       88830
       88837
       88893
       88971
       89062
       89157
       89222
       89239
       89290
       89336
       89349
       89405
       89432
       89447
       89513
       89536
       89622
       89676
       89764
       89826
       89877
       89950
       90013
       90097
       90159
       90228
       90317
       90332
       90419
       90487
       90509
       90597
       90694
       90737
       90757
       90820
       90864
       90908
       90931
       90983
       90989
       91007
       91020
       91043
       91120
       91182
       91225
       91286
       91308
       91361
       91395
       91454
       91487
       91498
       91578
       91609
       91656
       91684
       91727
       91733
       91743
       91755
       91842
       91864
       91961
       92056
       92135
       92136
       92174
       92210
       92283
       92294
       92342
       92401
       92461
       92520
       92542
       92639
       92733
       92794
       92868
       92889
       92892
       92915
       93011
       93041
       93057
       93142
       93164
       93245
       93254
       93312
       93374
       93421
       93449
       93462
       93468
       93483
       93556
       93611
       93656
       93742
       93804
       93826
       93880
       93966
       94042
       94129
       94146
       94163
       94167
       94179
       94192
       94232
       94239
       94247
       94307
       94357
       94370
       94387
       94445
       94473
       94500
       94525
       94619
       94696
       94765
       94801
       94891
       94910
       94932
       94949
       94981
       95015
       95056
       95069
       95111
       95117
       95196
       95256
       95279
       95361
       95419
       95451
       95521
       95604
       95606
       95668
       95725
       95787
       95863
       95916
       95922
       96012
       96028
       96109
       96192
       96206
       96211
       96283
       96322
       96355
       96387
       96420
       96447
       96463
       96468
       96478
       96495
       96497
       96557
       96642
       96684
       96769
       96776
       96814
       96873
       96878
       96888
       96972
       97018
       97079
       97141
       97223
       97230
       97321
       97407
       97471
       97534
       97545
       97598
       97673
       97683
       97696
       97734
       97755
       97800
       97867
       97899
       97972
       97987
       98052
       98113
       98152
       98220
       98266
       98360
       98443
       98537
       98620
       98652
       98687
       98755
       98799
       98825
       98897
       98908
       98955
       98964
       99011
       99054
       99129
       99155
       99161
       99187
       99278
       99375
       99397
       99404
       99428
       99452
       99518
       99575
       99625
       99661
       99751
       99826
       99895
       99912
       99952
      100032
      100051
      100085
      100097
      100117
      100146
      100190
      100286
      100334
      100354
      100443
      100469
      100497
      100517
      100536
      100592
      100616
      100706
      100742
      100770
      100865
      100945
      101036
      101089
      101132
      101154
      101252
      101260
      101317
      101335
      101347
      101411
      101502
      101516
      101590
      101605
      101612
      101626
      101724
      101776
      101820
      101886
      101937
      101981
      102024
      102082
      102094
      102156
      102248
      102329
      102367
      102462
      102477
      102547
      102615
      102673
      102717
      102724
      102727
      102803
      102899
      102974
      103070
      103089
      103171
      103245
      103304
      103334
      103399
      103477
      103526
      103602
      103603
      103657
      103711
      103724
      103738
      103804
      103854
      103894
      103944
      104000
      104071
      104142
      104169
      104233
      104267
      104300
      104376
      104406
      104411
      104510
      104515
      104552
      104605
      104694
      104773
      104845
      104895
      104944
      104994
      105093
      105168
      105227
      105278
      105370
      105394
      105479
      105485
      105503
      105551
      105606
      105685
      105710
      105722
      105729
      105782
      105854
      105906
      105979
      106078
      106089
      106187
      106280
      106361
      106449
      106480
      106525
      106611
      106707
      106762
      106803
      106871
      106923
      106948
      106973
      106984
      106997
      107081
      107081
      107168
      107234
      107256
      107309
      107372
      107443
      107524
      107577
      107653
      107661
      107663
      107665
      107666
      107671
      107760
      107797
      107830
      107892
      107919
      107919
      107995
      108009
      108106
      108138
      108199
      108213
      108232
      108259
      108287
      108381
      108470
      108533
      108534
      108568
      108595
      108636
      108666
      108696
      108773
      108778
      108790
      108816
      108875
      108923
      108944
      109034
      109056
      109107
      109156
      109219
      109277
      109343
      109411
      109468
      109489
      109566
      109599
      109644
      109732
      109787
      109846
      109896
      109942
      109996
      110051
      110098
      110145
      110163
      110246
      110285
      110373
      110402
      110437
      110442
      110443
      110443
      110452
      110473
      110542
      110613
      110694
      110701
      110715
      110730
      110816
      110847
      110896
      110962
      111026
      111099
      111152
      111223
      111260
      111350
      111425
      111486
      111510
      111597
      111688
      111693
      111784
      111805
      111900
      111966
      111980
      111994
      112005
      112095
      112151
      112236
      112248
      112334
      112352
      112393
      112398
      112454
      112547
      112570
      112651
      112712
      112745
      112758
      112825
      112876
      112907
      112928
      112961
      112992
      113019
      113067
      113132
      113155
      113192
      113205
      113302
      113353
      113385
      113405
      113502
      113601
      113661
      113750
      113777
      113789
      113877
      113898
      113962
      114004
      114092
      114154
      114176
      114223
      114287
      114360
      114457
      114459
      114535
      114542
      114600
      114696
      114697
      114706
      114733
      114752
      114803
      114869
      114917
      115010
      115056
      115149
      115174
      115266
      115336
      115399
      115423
      115432
      115527
      115583
      115602
      115659
      115714
      115754
      115776
      115813
      115859
      115880
      115921
      115994
      116004
      116008
      116079
      116161
      116241
      116246
      116267
      116306
      116307
      116348
      116411
      116482
      116536
      116632
      116693
      116714
      116722
      116743
      116775
      116815
      116908
      116911
      116959
      117048
      117054
      117063
      117161
      117175
      117243
      117313
      117328
      117400
      117485
      117528
      117622
      117649
      117739
      117833
      117921
      118019
      118076
      118159
      118164
      118194
      118237
      118315
      118335
      118414
      118423
      118451
      118493
      118497
      118571
      118629
      118680
      118767
      118801
      118833
      118931
      118969
      118969
      119040
      119119
      119182
      119269
      119323
      119368
      119412
      119455
      119498
      119584
      119666
      119757
      119801
      119803
      119851
      119918
      119930
      119997
      120024
      120030
      120092
      120191
      120198
      120277
      120335
      120361
      120448
      120493
      120554
      120640
      120649
      120717
      120793
      120872
      120930
      120993
      121004
      121062
      121109
      121181
      121240
      121246
      121345
      121389
      121479
      121561
      121574
      121627
      121698
      121786
      121847
      121925
      122020
      122113
      122136
      122182
      122221
      122316
      122392
      122467
      122530
      122551
      122558
      122609
      122695
      122704
      122753
      122811
      122847
      122875
      122969
      123015
      123052
      123097
      123196
      123286
      123360
      123409
      123494
      123571
      123644
      123725
      123755
      123811
      123826
      123880
      123937
      123948
      123977
      124071
      124169
      124232
      124330
      124415
      124424
      124494
      124562
      124660
      124672
      124752
      124779
      124855
      124945
      125022
      125079
      125177
      125242
      125245
      125313
      125387
      125399
      125442
      125466
      125547
      125586
      125623
      125647
      125668
      125715
      125729
      125755
      125778
      125851
      125902
      125952
      125982
      126040
      126093
      126102
      126111
      126136
      126159
      126171
      126193
      126271
      126364
      126387
      126427
      126455
      126478
      126530
      126613
      126703
      126781
      126841
      126858
      126902
      126959
      126960
      127050
      127058
      127121
      127121
      127166
      127231
      127314
      127399
      127470
      127540
      127559
      127576
      127626
      127634
      127701
      127798
      127864
      127902
      127921
      128019
      128067
      128085
      128117
      128155
      128186
      128241
      128309
      128336
      128402
      128477
      128544
      128544
      128554
      128646
      128655
      128740
      128812
      128882
      128890
      128932
      129005
