          20
          47
         110
         194
         194
         292
         389
         443
         503
         532
         572
         602
         701
         780
         803
         839
         933
        1024
        1032
        1086
        1106
        1116
        1206
        1244
        1317
        1412
        1453
        1464
        1484
        1519
        1609
        1637
        1728
        1799
        1810
        1860
        1899
        1990
        2087
        2176
        2185
        2253
        2285
        2295
        2348
        2422
        2477
        2537
        2537
        2594
        2662
        2732
        2826
        2908
        3002
        3013
        3043
        3053
        3118
        3159
        3230
        3240
        3277
        3368
        3398
        3445
        3497
        3502
        3583
        3596
        3637
        3682
        3724
        3779
        3811
        3827
        3877
        3941
        3957
        4015
        4045
        4103
        4136
        4143
        4230
        4249
        4260
        4286
        4289
        4349
        4444
        4481
        4562
        4655
        4661
        4685
        4770
        4864
        4885
        4905
        4974
        5049
        5079
        5079
        5111
        5131
        5168
        5260
        5264
        5279
        5348
        5439
        5537
        5559
        5609
        5625
        5671
        5703
        5747
        5767
        5776
        5798
        5839
        5934
        5975
        6020
        6115
        6178
        6253
        6337
        6428
        6489
        6568
        6583
        6592
        6652
        6730
        6733
        6810
        6842
        6926
        6932
        6964
        6978
        7024
        7053
        7053
        7145
        7231
        7248
        7313
        7361
        7455
        7472
        7493
        7584
        7667
        7745
        7751
        7753
        7828
        7899
        7910
        7923
        8003
        8062
        8124
        8157
        8191
        8243
        8256
        8266
        8348
        8436
        8440
        8458
        8519
        8523
        8617
        8695
        8733
        8800
        8803
        8823
        8843
        8940
        9003
        9096
        9105
        9130
        9143
        9174
        9254
        9323
        9414
        9512
        9529
        9561
        9643
        9658
        9748
        9832
        9918
        9932
        9979
       10007
       10009
       10096
       10189
       10248
       10251
       10349
       10352
       10446
       10454
       10480
       10551
       10643
       10650
       10674
       10675
       10714
       10782
       10809
       10896
       10965
       10989
       11064
       11158
       11213
       11218
       11264
       11273
       11296
       11317
       11389
       11404
       11472
       11564
       11581
       11631
       11641
       11654
       11686
       11745
       11773
       11864
       11961
       11995
       12073
       12099
       12197
       12201
       12255
       12346
       12423
       12461
       12489
       12564
       12570
       12635
       12687
       12772
       12855
       12936
       12988
       13059
       13131
       13203
       13220
       13244
       13284
       13314
       13371
       13391
       13435
       13489
       13539
       13631
       13708
       13805
       13853
       13875
       13878
       13966
       14044
       14096
       14149
       14172
       14199
       14238
       14287
       14319
       14321
       14338
       14402
       14444
       14459
       14545
       14631
       14714
       14794
       14841
       14864
       14881
       14963
       14976
       15003
       15067
       15099
       15180
       15214
       15295
       15317
       15396
       15414
       15507
       15548
       15621
       15636
       15639
       15643
       15695
       15749
       15810
       15810
       15908
       15971
       15975
       16047
       16140
       16230
       16285
       16366
       16400
       16406
       16458
       16538
       16625
       16630
       16712
       16740
       16761
       16791
       16851
       16947
       16995
       17065
       17089
       17112
       17158
       17177
       17223
       17226
       17262
       17334
       17339
       17368
       17449
       17530
       17531
       17603
       17621
       17698
       17781
       17821
       17913
       17996
       18001
       18065
       18160
       18249
       18263
       18348
       18438
       18524
       18602
       18654
       18726
       18738
       18754
       18810
       18842
       18908
       18993
       19034
       19125
       19196
       19226
       19273
       19279
       19349
       19391
       19407
       19442
       19493
       19509
       19566
       19588
       19621
       19688
       19779
       19872
       19892
       19920
       19920
       19988
       20061
       20106
       20134
       20139
       20191
       20197
       20226
       20316
       20340
       20401
       20423
       20462
       20517
       20533
       20555
       20651
       20694
       20744
       20775
       20815
       20851
       20856
       20873
       20915
       21002
       21057
       21131
       21151
       21173
       21260
       21291
       21364
       21391
       21403
       21412
       21498
       21576
       21600
       21663
       21746
       21773
       21869
       21916
       21941
       21966
       21998
       22060
       22116
       22207
       22299
       22306
       22373
       22403
       22442
       22528
       22540
       22588
       22645
       22694
       22761
       22777
       22838
       22921
       23020
       23104
       23147
       23150
       23197
       23206
       23236
       23332
       23392
       23454
       23534
       23623
       23705
       23734
       23822
       23871
       23881
       23965
       23989
       24046
       24123
       24145
       24211
       24275
       24342
       24380
       24381
       24473
       24554
       24618
       24620
       24630
       24665
       24676
       24720
       24728
       24816
       24836
       24897
       24904
       24943
       24979
       25022
       25089
       25124
       25180
       25206
       25242
       25297
       25333
       25416
       25479
       25552
       25645
       25723
       25742
       25756
       25768
       25861
       25902
       25983
       25990
       26080
       26158
       26255
       26281
       26351
       26433
       26504
       26570
       26635
       26683
       26765
       26833
       26848
       26852
       26949
       26959
       27020
       27056
       27115
       27116
       27121
       27196
       27267
       27324
       27333
       27356
       27408
       27412
       27467
       27543
       27591
       27612
       27664
       27727
       27762
       27821
       27832
       27902
       27996
       28064
       28097
       28154
       28245
       28325
       28368
       28400
       28495
       28569
       28622
       28690
       28715
       28808
       28849
       28933
       28967
       28997
       29054
       29136
       29147
       29156
       29232
       29246
       29318
       29338
       29360
       29422
       29494
       29570
       29639
       29705
       29735
       29781
       29805
       29861
       29944
       30009
       30075
       30149
       30216
       30223
       30248
       30306
       30383
       30411
       30459
       30522
       30572
       30573
       30627
       30649
       30655
       30697
       30748
       30824
       30837
       30850
       30906
       30966
       30966
       31057
       31121
       31131
       31146
       31148
       31245
       31318
       31352
       31405
       31470
       31503
       31580
       31613
       31642
       31648
       31670
       31735
       31745
       31769
       31829
       31844
       31884
       31933
       31939
       31997
       32002
       32037
       32082
       32151
       32179
       32179
       32223
       32238
       32321
       32325
       32358
       32427
       32475
       32517
       32546
       32592
       32646
       32723
       32782
       32799
       32882
       32882
       32924
       32996
       33025
       33034
       33098
       33109
       33128
       33154
       33165
       33200
       33244
       33317
       33397
       33478
       33556
       33641
       33673
       33746
       33820
       33864
       33902
       33906
       33925
       33933
       34011
       34096
       34127
       34185
       34234
       34271
       34295
       34300
       34377
       34433
       34463
       34501
       34600
       34653
       34729
       34780
       34877
       34950
       35001
       35066
       35163
       35190
       35243
       35312
       35322
       35419
       35465
       35542
       35570
       35652
       35726
       35759
       35808
       35862
       35874
       35955
       35992
       36011
       36050
       36057
       36080
       36093
       36130
       36204
       36220
       36269
       36366
       36382
       36394
       36468
       36504
       36515
       36597
       36687
       36689
       36713
       36743
       36767
       36798
       36858
       36880
       36928
       37013
       37013
       37062
       37084
       37137
       37202
       37229
       37237
       37283
       37367
       37466
       37525
       37541
       37599
       37681
       37691
       37754
       37774
       37811
       37892
       37946
       37997
       38020
       38026
       38072
       38078
       38104
       38200
       38248
       38277
       38367
       38430
       38512
       38541
       38599
       38634
       38724
       38782
       38794
       38843
       38914
       38969
       39063
       39142
       39177
       39260
       39358
       39378
       39422
       39501
       39540
       39557
       39557
       39613
       39654
       39747
       39755
       39801
       39822
       39867
       39895
       39927
       39966
       40055
       40098
       40111
       40155
       40202
       40270
       40346
       40441
       40484
       40512
       40540
       40597
       40621
       40693
       40695
       40719
       40723
       40763
       40860
       40956
       41044
       41122
       41164
       41193
       41196
       41225
       41322
       41324
       41367
       41367
       41423
       41457
       41460
       41536
       41573
       41658
       41713
       41720
       41729
       41803
       41841
       41873
       41934
       41967
       41998
       42007
       42091
       42184
       42253
       42321
       42346
       42398
       42401
       42424
       42445
       42451
       42534
       42609
       42633
       42712
       42771
       42832
       42877
       42894
       42992
       43082
       43152
       43166
       43252
       43338
       43353
       43362
       43430
       43479
       43577
       43582
       43595
       43684
       43716
       43749
       43808
       43884
       43896
       43935
       43973
       44024
       44038
       44137
       44175
       44204
       44273
       44284
       44330
       44421
       44520
       44589
       44660
       44683
       44713
       44773
       44830
       44898
       44989
       45041
       45058
       45109
       45162
       45172
       45192
       45193
       45289
       45350
       45405
       45446
       45525
       45551
       45625
       45670
       45684
       45777
       45859
       45898
       45959
       46006
       46010
       46011
       46029
       46121
       46192
       46202
       46244
       46340
       46344
       46399
       46467
       46536
       46594
       46669
       46721
       46801
       46879
       46967
       47034
       47129
       47149
       47246
       47291
       47304
       47370
       47412
       47507
       47524
       47558
       47649
       47678
       47756
       47851
       47924
       48019
       48107
       48124
       48156
       48189
       48249
       48294
       48374
       48404
       48464
       48467
       48499
       48589
       48621
       48687
       48767
       48770
       48820
       48866
       48935
       48958
       49005
       49029
       49125
       49132
       49224
       49318
       49398
       49431
       49434
       49489
       49586
       49646
       49739
       49750
       49833
       49906
       49988
       50051
       50113
       50121
       50139
       50180
       50210
       50284
       50357
       50417
       50434
       50523
       50531
       50607
       50666
       50714
       50745
       50748
       50776
       50870
       50944
       51029
       51056
       51138
       51138
       51163
       51176
       51203
       51241
       51315
       51395
       51433
       51525
       51574
       51623
       51657
       51739
       51748
       51801
       51810
       51878
       51936
       52031
       52085
       52177
       52196
       52215
       52234
       52325
       52398
       52458
       52489
       52559
       52627
       52724
       52784
       52826
       52922
       52959
       53023
       53052
       53085
       53148
       53230
       53304
       53361
       53381
       53427
       53492
       53502
       53516
       53606
       53699
       53715
       53780
       53848
       53924
       53955
       54051
       54097
       54168
       54264
       54353
       54403
       54411
       54464
       54505
       54595
       54678
       54762
       54768
       54813
       54891
       54912
       54913
       54938
       54940
       54959
       55054
       55070
       55105
       55164
       55200
       55202
       55265
       55328
       55411
       55481
       55518
       55539
       55608
       55609
       55640
       55676
       55768
       55852
       55853
       55933
       56028
       56109
       56206
       56230
       56298
       56359
       56420
       56426
       56440
       56529
       56562
       56626
       56648
       56735
       56779
       56862
       56881
       56901
       56915
       56994
       57080
       57154
       57224
       57241
       57322
       57333
       57352
       57396
       57464
       57553
       57607
       57631
       57661
       57741
       57833
       57922
       57984
       58009
       58051
       58054
       58093
       58098
       58170
       58253
       58281
       58297
       58346
       58398
       58435
       58470
       58494
       58514
       58576
       58651
       58659
       58747
       58773
       58866
       58935
       58986
       58997
       59022
       59028
       59091
       59093
       59160
       59231
       59249
       59340
       59354
       59432
       59433
       59482
       59570
       59599
       59612
       59660
       59715
       59727
       59804
       59843
       59861
       59932
       59976
       60074
       60077
       60096
       60118
       60181
       60223
       60279
       60329
       60420
       60471
       60528
       60559
       60648
       60686
       60733
       60788
       60859
       60939
       61024
       61123
       61200
       61245
       61290
       61294
       61381
       61430
       61479
       61550
       61605
       61640
       61693
       61791
       61807
       61890
       61957
       61957
       61964
       61996
       62090
       62161
       62181
       62184
       62189
       62220
       62255
       62302
       62391
       62432
       62475
       62529
       62570
       62618
       62673
       62716
       62719
       62757
       62842
       62867
       62913
       62951
       62990
       63085
       63164
       63257
       63344
       63398
       63417
       63452
       63512
       63514
       63536
       63546
       63570
       63638
       63679
       63755
       63842
       63875
       63909
       63933
       63950
       63986
       64068
       64136
       64210
       64309
       64326
       64398
       64480
       64537
       64617
       64657
       64748
       64814
       64876
       64964
       65048
       65147
       65235
       65289
       65359
       65377
       65460
       65523
       65596
       65648
       65655
       65692
       65753
       65821
       65905
       65941
       65983
       66017
       66061
       66086
       66090
       66110
       66127
       66168
       66245
       66271
       66353
       66417
       66499
       66562
       66572
       66616
       66648
       66659
       66710
       66730
       66730
       66793
       66826
       66865
       66949
       66974
       66979
       67060
       67073
       67125
       67145
       67238
       67246
       67269
       67339
       67428
       67476
       67481
       67505
       67580
       67677
       67701
       67705
       67782
       67805
       67834
       67859
       67860
       67925
       67978
       68052
       68064
       68133
       68164
       68184
       68267
       68323
       68367
       68420
       68437
       68485
       68529
       68612
       68675
       68755
       68809
       68888
       68940
       68964
       69014
       69095
       69188
       69267
       69298
       69320
       69338
       69394
       69470
       69500
       69578
       69629
       69720
       69723
       69762
       69767
       69802
       69893
       69934
       70033
       70041
       70112
       70178
       70186
       70195
       70273
       70366
       70379
       70420
       70511
       70553
       70570
       70640
       70712
       70774
       70835
       70880
       70939
       70995
       71002
       71067
       71160
       71211
       71255
       71273
       71337
       71405
       71476
       71498
       71501
       71559
       71584
       71617
       71654
       71692
       71772
       71868
       71905
       71923
       71943
       72034
       72055
       72108
       72169
       72212
       72309
       72328
       72393
       72408
       72485
       72536
       72569
       72633
       72707
       72728
       72786
       72836
       72911
       72925
       72985
       73065
       73078
       73084
       73086
       73142
       73193
       73204
       73277
       73281
       73331
       73400
       73430
       73464
       73467
       73477
       73534
       73543
       73631
       73686
       73752
       73833
       73895
       73923
       73943
       74032
       74113
       74182
       74233
       74272
       74285
       74359
       74410
       74503
       74595
       74612
       74641
       74662
       74750
       74766
       74849
       74855
       74951
       75025
       75029
       75057
       75131
       75190
       75237
       75274
       75313
       75366
       75451
       75521
       75615
       75650
       75749
       75801
       75820
       75916
       75947
       76039
       76064
       76101
       76117
       76209
       76290
       76307
       76313
       76376
       76435
       76479
       76562
       76617
       76692
       76704
       76773
       76811
       76900
       76914
       76944
       77020
       77107
       77145
       77192
       77204
       77222
       77257
       77307
       77369
       77383
       77445
       77451
       77550
       77584
       77676
       77739
       77824
       77916
       77919
       77929
       77934
       77944
       78043
       78135
       78228
       78238
       78320
       78413
       78481
       78509
       78600
       78634
       78723
       78738
       78807
       78889
       78925
       78988
       79038
       79131
       79224
       79251
       79343
       79378
       79394
       79461
       79533
       79578
       79657
       79730
       79815
       79860
       79886
       79957
       79972
       80029
       80098
       80118
       80190
       80219
       80301
       80323
       80404
       80449
       80500
       80589
       80687
       80778
       80856
       80934
       80934
       80992
       81027
       81040
       81082
       81168
       81188
       81213
       81244
       81338
       81381
       81447
       81474
       81485
       81498
       81588
       81615
       81689
       81733
       81763
       81824
       81892
       81969
       82045
       82046
       82054
       82117
       82215
       82218
       82271
       82342
       82347
       82430
       82487
       82542
       82566
       82659
       82703
       82780
       82782
       82807
       82900
       82914
       82929
       82992
       83064
       83094
       83185
       83252
       83293
       83366
       83429
       83472
       83474
       83481
       83528
       83604
       83652
       83690
       83720
       83797
       83840
       83928
       84010
       84095
       84175
       84250
       84327
       84351
       84416
       84484
       84569
       84634
       84706
       84792
       84861
       84942
       85009
       85045
       85113
       85189
       85268
       85340
       85363
       85380
       85397
       85464
       85469
       85476
       85555
       85577
       85655
       85687
       85702
       85798
       85897
       85907
       85966
       86008
       86024
       86091
       86110
       86178
       86218
       86231
       86264
       86300
       86300
       86344
       86407
       86481
       86547
       86636
       86686
       86782
       86872
       86937
       87009
       87104
       87139
       87147
       87242
       87257
       87339
       87363
       87383
       87391
       87433
       87527
       87586
       87611
       87649
       87716
       87807
       87905
       87921
       87971
       88029
       88107
       88180
       88182
       88203
       88298
       88367
       88374
       88432
       88530
       88592
       88636
       88718
       88752
       88847
       88881
       88964
       89040
       89043
       89086
       89184
       89282
       89352
       89446
       89512
       89578
       89674
       89773
       89805
       89841
       89917
       89969
       90063
       90144
       90195
       90223
       90245
       90334
       90412
       90498
       90520
       90530
       90596
       90684
       90691
       90708
       90756
       90808
       90902
       90974
       91044
       91048
       91141
       91214
       91275
       91318
       91345
       91388
       91468
       91506
       91593
       91679
       91705
       91794
       91869
       91965
       92064
       92159
       92225
       92300
       92362
       92427
       92492
       92567
       92646
       92658
       92663
       92728
       92728
       92771
       92841
       92940
       92952
       92976
       92989
       93010
       93059
       93117
       93174
       93232
       93316
       93405
       93504
       93597
       93664
       93711
       93764
       93815
       93914
       93993
       94045
       94052
       94130
       94159
       94164
       94255
       94300
       94313
       94392
       94395
       94470
       94547
       94573
       94639
       94668
       94715
       94792
       94825
       94911
       94985
       95050
       95128
       95140
       95165
       95236
       95239
       95270
       95297
       95377
       95437
       95442
       95526
       95532
       95545
       95573
       95641
       95676
       95761
       95762
       95845
       95943
       95999
       96000
       96059
       96060
       96146
       96187
       96226
       96245
       96342
       96349
       96402
       96407
       96462
       96467
       96504
       96593
       96604
       96689
       96731
       96822
       96921
       96941
       97008
       97052
       97064
       97148
       97216
       97268
       97366
       97417
       97479
       97510
       97552
       97626
       97642
       97697
       97734
       97770
       97801
       97805
       97861
       97925
       97967
       97974
       98054
       98057
       98074
       98100
       98138
       98154
       98199
       98203
       98292
       98381
       98406
       98503
       98554
       98644
       98656
       98663
       98750
       98795
       98807
       98858
       98908
       98947
       99033
       99076
       99164
       99200
       99297
       99315
       99374
       99405
       99479
       99487
       99579
       99626
       99695
       99749
       99749
       99799
       99859
       99936
       99959
       99987
      100034
      100121
      100174
      100203
      100272
      100359
      100373
      100393
      100398
      100437
      100484
      100490
      100501
      100520
      100520
      100573
      100588
      100618
      100701
      100726
      100748
      100766
      100831
      100902
      100976
      101034
      101131
      101136
      101225
      101323
      101330
      101410
      101461
      101546
      101596
      101619
      101705
      101742
      101780
      101848
      101883
      101976
      101990
      101997
      102003
      102046
      102059
      102083
      102128
      102169
      102227
      102281
      102307
      102336
      102422
      102434
      102467
      102495
      102520
      102552
      102568
      102600
      102684
      102779
      102829
      102843
      102869
      102908
      102939
      102961
      103014
      103033
      103050
      103080
      103082
      103175
      103210
      103284
      103306
      103336
      103392
      103471
      103491
      103497
      103564
      103615
      103702
      103770
      103779
      103866
      103896
      103956
      104031
      104043
      104078
      104094
      104167
      104167
      104175
      104258
      104317
      104338
      104363
      104413
      104430
      104508
      104517
      104539
      104553
      104563
      104602
      104607
      104686
      104780
      104864
      104937
      104945
      104949
      104992
      105074
      105165
      105166
      105186
      105187
      105247
      105261
      105321
      105361
      105456
      105483
      105563
      105637
      105648
      105682
      105695
      105762
      105830
      105927
      105946
      106026
      106095
      106165
      106254
      106342
      106361
      106376
      106398
      106460
      106498
      106530
      106586
      106588
      106629
      106716
      106778
      106842
      106856
      106937
      106963
      107019
      107084
      107107
      107185
      107262
      107346
      107395
      107433
      107479
      107490
      107522
      107545
      107562
      107646
      107712
      107795
      107883
      107900
      107941
      107955
      108050
      108096
      108188
      108258
      108265
      108269
      108328
      108403
      108437
      108527
      108559
      108578
      108633
      108641
      108670
      108687
      108767
      108848
      108893
      108908
      108939
      109021
      109054
      109089
      109135
      109166
      109240
      109256
      109308
      109401
      109438
      109501
      109524
      109607
      109697
      109751
      109812
      109859
      109905
      109934
      109960
      110013
      110077
      110145
      110238
      110298
      110397
      110401
      110459
      110483
      110508
      110601
      110691
      110694
      110773
      110862
      110881
      110921
      110941
      110991
      111030
      111104
      111122
      111197
      111203
      111289
      111327
      111368
      111464
      111465
      111544
      111556
      111565
      111631
      111651
      111743
      111838
      111905
      111942
      111954
      112019
      112087
      112093
      112096
      112149
      112228
      112305
      112313
      112407
      112429
      112488
      112525
      112577
      112657
      112665
      112729
      112784
      112845
      112849
      112934
      112959
      113008
      113068
      113107
      113157
      113217
      113267
      113318
      113406
      113436
      113517
      113590
      113633
      113682
      113687
      113784
      113873
      113891
      113904
      113990
      114084
      114182
      114255
      114255
      114276
      114328
      114397
      114465
      114476
      114481
      114489
      114510
      114552
      114615
      114684
      114698
      114774
      114868
      114946
      115025
      115047
      115134
      115154
      115154
      115212
      115308
      115392
      115481
      115553
      115589
      115673
      115705
      115797
      115893
      115898
      115967
      116001
      116091
      116099
      116188
      116267
      116334
      116403
      116421
      116499
      116581
      116591
      116611
      116651
      116746
      116826
      116887
      116895
      116912
      116977
      117015
      117018
      117087
      117112
      117182
      117235
      117249
      117319
      117418
      117508
      117535
      117604
      117684
      117698
      117756
      117839
      117899
      117924
      117957
      117996
      118081
      118117
      118145
      118167
      118199
      118277
      118338
      118426
      118436
      118454
      118473
      118546
      118626
      118628
      118720
      118781
      118828
      118912
      119005
      119089
      119091
      119156
      119218
      119270
      119312
      119346
      119439
      119441
      119503
      119585
      119611
      119621
      119664
      119697
      119708
      119758
      119824
      119901
      119939
      119951
      119966
      120065
      120143
      120192
      120271
      120329
      120374
      120416
      120463
      120478
      120484
      120503
      120592
      120651
      120664
      120665
      120672
      120760
      120787
      120883
      120935
      121002
      121068
      121071
      121131
      121183
      121278
      121321
      121340
      121387
      121449
      121526
      121526
      121612
      121620
      121652
      121746
      121776
      121875
      121880
      121940
      122031
      122083
      122135
      122170
      122211
      122268
      122291
      122383
      122482
      122517
      122580
      122659
      122732
      122739
      122755
      122802
      122900
      122995
      122996
      123049
      123081
      123082
      123177
      123208
      123303
      123366
      123432
      123460
      123541
      123578
      123667
      123685
      123706
      123758
      123810
      123898
      123986
      124039
      124099
      124124
      124222
      124307
      124321
      124415
      124417
      124480
      124483
      124519
      124545
      124579
      124580
      124629
      124725
      124821
      124871
      124951
      124961
      125022
      125090
      125110
      125170
      125195
      125261
      125271
      125284
      125371
      125441
      125453
      125552
      125561
      125594
      125677
      125732
      125786
      125846
      125918
      125951
      126026
      126043
      126119
      126205
      126234
      126269
      126366
      126410
      126430
      126522
      126579
      126596
      126620
      126633
      126638
      126697
      126702
      126796
      126892
      126944
      127010
      127061
      127142
      127163
      127248
      127266
      127274
      127371
      127422
      127481
      127526
      127610
      127621
      127656
      127690
      127755
      127784
      127870
      127911
      127952
      128018
      128106
      128197
      128277
      128372
      128455
      128490
      128576
      128580
      128607
      128683
      128761
      128769
      128799
      128866
      128940
      128987
      129071
      129083
      129110
      129181
      129240
      129283
      129347
      129393
      129434
      129445
      129460
      129555
      129561
      129575
      129662
      129721
      129775
      129869
      129904
      129984
      130005
      130095
      130116
      130143
      130187
      130200
      130239
      130324
      130389
      130476
      130571
      130587
      130610
      130691
      130714
      130724
      130764
      130830
      130919
      130961
      130973
      131048
      131060
      131104
      131134
      131137
      131221
      131250
      131267
      131308
      131385
      131397
      131399
      131412
      131453
      131542
      131611
      131677
      131685
      131722
      131798
      131839
      131907
      131994
      132011
      132044
      132071
      132157
      132253
      132257
      132320
      132338
      132356
      132366
      132419
      132506
      132526
      132535
      132598
      132679
      132774
      132856
      132930
      132954
      133019
      133039
      133063
      133116
      133134
      133232
      133242
      133292
      133312
      133332
      133399
      133436
      133464
      133512
      133519
      133567
      133617
      133619
      133691
      133756
      133838
      133856
      133941
      133998
      133999
      134051
      134144
      134203
      134291
      134341
      134364
      134446
      134476
      134506
      134584
      134656
      134720
      134782
      134814
      134841
      134856
      134885
      134913
      134970
      134979
      135049
      135111
      135190
      135193
      135288
      135373
      135374
      135411
      135448
      135538
      135603
      135675
      135703
      135794
      135877
      135971
      135982
      136017
      136048
      136097
      136164
      136208
      136224
      136316
      136365
      136367
      136446
      136543
      136588
      136686
      136718
      136779
      136860
      136931
      136990
      137050
      137113
      137160
      137254
      137346
      137389
      137449
      137494
      137582
      137592
      137689
      137759
      137815
      137857
      137910
      137938
      138018
      138079
      138169
      138210
      138239
      138266
      138294
      138332
      138411
      138435
      138458
      138513
      138546
      138638
      138672
      138760
      138773
      138786
      138851
      138886
      138917
      139006
      139080
      139140
      139160
      139215
      139290
      139342
      139375
      139419
      139508
      139593
      139671
      139749
      139825
      139905
      139929
      139981
      140045
      140059
      140121
      140164
      140207
      140303
      140324
      140411
      140497
      140577
      140664
      140670
      140750
      140818
      140845
      140902
      140986
      141046
      141051
      141108
      141117
      141213
      141243
      141294
      141347
      141438
      141483
      141492
      141588
      141641
      141707
      141788
      141799
      141816
      141879
      141978
      142000
      142066
      142071
      142161
      142171
      142202
      142216
      142281
      142363
      142381
      142469
      142485
      142524
      142566
      142590
      142617
      142653
      142712
      142777
      142780
      142781
      142810
      142853
      142936
      142963
      143045
      143072
      143168
      143207
      143306
      143385
      143419
      143471
      143511
      143584
      143646
      143702
      143744
      143821
      143832
      143855
      143946
      143949
      143993
      144057
      144116
      144206
      144220
      144224
      144264
      144337
      144394
      144453
      144510
      144589
      144673
      144693
      144749
      144757
      144837
      144926
      144979
      144981
      145006
      145082
      145087
      145156
      145226
      145247
      145288
      145343
      145419
      145445
      145535
      145605
      145680
      145717
      145722
      145818
      145821
      145838
      145879
      145936
      146008
      146063
      146089
      146139
      146160
      146219
      146233
      146307
      146317
      146357
      146451
      146482
      146506
      146553
      146608
      146679
      146724
      146790
      146860
      146920
      146920
      146972
      146977
      146988
      147068
      147145
      147224
      147285
      147328
      147358
      147385
      147448
      147448
      147471
      147472
      147563
      147606
      147663
      147728
      147731
      147742
      147821
      147871
      147911
      147968
      148058
      148107
      148191
      148211
      148249
      148261
      148275
      148343
      148441
      148450
      148503
      148579
      148637
      148657
      148719
      148731
      148765
      148793
      148844
      148884
      148978
      148985
      148992
      149068
      149109
      149136
      149178
      149257
      149330
      149349
      149445
      149519
      149548
      149570
      149666
      149734
      149780
      149850
      149888
      149920
      150019
      150082
      150162
      150163
      150214
      150230
      150269
      150323
      150349
      150434
      150447
      150522
      150588
      150627
      150668
      150696
      150759
      150832
      150852
      150947
      150971
      150980
      150995
      151046
      151123
      151170
      151196
      151221
      151264
      151317
      151338
      151415
      151420
      151509
      151517
      151611
      151624
      151660
      151711
      151737
      151755
      151815
      151912
      151988
      152081
      152106
      152192
      152238
      152249
      152302
      152383
      152389
      152467
      152489
      152506
      152531
      152606
      152616
      152659
      152677
      152714
      152737
      152825
      152899
      152904
      152977
      153011
      153078
      153088
      153094
      153134
      153210
      153217
      153239
      153290
      153360
      153446
      153526
      153537
      153584
      153659
      153682
      153701
      153791
      153800
      153847
      153850
      153856
      153875
      153936
      153992
      154068
      154134
      154181
      154205
      154285
      154291
      154379
      154384
      154450
      154527
      154541
      154595
      154660
      154694
      154700
      154712
      154753
      154848
      154848
      154848
      154869
      154947
      154954
      155013
      155073
      155130
      155220
      155257
      155282
      155332
      155333
      155380
      155416
      155477
      155480
      155538
      155607
      155621
      155695
      155781
      155879
      155907
      155908
      155972
      156068
      156137
      156199
      156286
      156354
      156413
      156443
      156509
      156529
      156615
      156616
      156680
      156699
      156716
      156742
      156813
      156876
      156945
      157007
      157025
      157074
      157105
      157193
      157233
      157254
      157341
      157344
      157398
      157459
      157483
      157537
      157588
      157640
      157679
      157744
      157822
      157835
      157894
      157914
      157988
      157992
      158022
      158057
      158115
      158153
      158173
      158270
      158317
      158397
      158480
      158495
      158537
      158542
      158575
      158665
      158744
      158816
      158910
      159006
      159076
      159133
      159150
      159211
      159300
      159362
      159418
      159459
      159469
      159500
      159535
      159611
      159707
      159720
      159761
      159771
      159818
      159853
      159904
      159942
      160001
      160065
      160120
      160182
      160279
      160353
      160396
      160466
      160533
      160546
      160558
      160642
      160696
      160748
      160789
      160804
      160870
      160901
      160969
      161026
      161057
      161071
      161136
      161173
      161249
      161278
      161338
      161413
      161460
      161487
      161516
      161597
      161675
      161683
      161717
      161719
      161762
      161848
      161897
      161961
      161995
      162079
      162117
      162130
      162206
      162267
      162313
      162396
      162445
      162490
      162570
      162662
      162731
      162803
      162858
      162867
      162896
      162935
      162977
      163009
      163094
      163164
      163228
      163324
      163384
      163434
      163495
      163543
      163571
      163575
      163599
      163617
      163680
      163690
      163708
      163758
      163760
      163841
      163872
      163903
      163944
      164014
      164024
      164116
      164116
      164161
      164260
      164312
      164328
      164400
      164458
      164465
      164493
      164519
      164573
      164602
      164676
      164698
      164782
      164869
      164948
      165044
      165105
      165182
      165255
      165290
      165343
