          23
          64
         132
         219
         290
         313
         361
         421
         510
         562
         593
         679
         724
         772
         827
         885
         902
         981
        1028
        1079
        1109
        1187
        1283
        1295
        1379
        1387
        1468
        1540
        1550
        1648
        1723
        1764
        1827
        1921
        1928
        1970
        2026
        2117
        2157
        2185
        2272
        2345
        2443
        2506
        2527
        2596
        2602
        2660
        2753
        2768
        2849
        2912
        2993
        3077
        3131
        3181
        3261
        3316
        3337
        3392
        3405
        3421
        3441
        3486
        3517
        3547
        3638
        3665
        3750
        3757
        3775
        3854
        3893
        3985
        4021
        4051
        4150
        4238
        4298
        4317
        4393
        4478
        4523
        4542
        4549
        4622
        4717
        4814
        4865
        4884
        4928
        5025
        5048
        5136
        5200
        5240
        5284
        5351
        5379
        5417
        5470
        5542
        5635
        5701
        5716
        5804
        5873
        5954
        5978
        5983
        6063
        6155
        6223
        6270
        6326
        6417
        6481
        6577
        6651
        6726
        6803
        6811
        6833
        6923
        7001
        7002
        7002
        7030
        7084
        7155
        7160
        7176
        7254
        7310
        7371
        7456
        7464
        7486
        7551
        7643
        7693
        7753
        7845
        7863
        7873
        7912
        7949
        7988
        8058
        8104
        8108
        8204
        8284
        8316
        8361
        8433
        8436
        8494
        8577
        8629
        8688
        8783
        8818
        8865
        8920
        8921
        9004
        9102
        9182
        9241
        9338
        9360
        9401
        9461
        9465
        9547
        9593
        9669
        9760
        9820
        9849
        9850
        9872
        9939
        9990
       10060
       10080
       10101
       10189
       10212
       10289
       10297
       10308
       10332
       10425
       10523
       10534
       10613
       10710
       10739
       10764
       10791
       10881
       10913
       10919
       10972
       11000
       11060
       11116
       11215
       11311
       11402
       11497
       11516
       11529
       11598
       11645
       11654
       11730
       11763
       11837
       11889
       11988
       11998
       12015
       12044
       12076
       12113
       12137
       12188
       12216
       12218
       12222
       12227
       12257
       12305
       12379
       12450
       12484
       12548
       12617
       12633
       12647
       12717
       12733
       12769
       12840
       12925
       12969
       13015
       13022
       13119
       13207
       13259
       13352
       13383
       13438
       13450
       13499
       13566
       13633
       13731
       13777
       13820
       13862
       13900
       13948
       14030
       14036
       14042
       14070
       14138
       14214
       14221
       14292
       14326
       14402
       14415
       14458
       14481
       14526
       14528
       14549
       14598
       14697
       14782
       14793
       14824
       14867
       14966
       15030
       15038
       15069
       15112
       15140
       15179
       15249
       15273
       15322
       15384
       15431
       15445
       15543
       15607
       15628
       15687
       15777
       15838
       15880
       15949
       15989
       16020
       16055
       16071
       16148
       16190
       16233
       16279
       16306
       16324
       16408
       16423
       16434
       16492
       16548
       16583
       16610
       16653
       16664
       16733
       16827
       16871
       16931
       16992
       17076
       17090
       17164
       17190
       17273
       17311
       17399
       17469
       17523
       17530
       17576
       17584
       17642
       17681
       17681
       17684
       17699
       17702
       17719
       17749
       17792
       17811
       17871
       17901
       17904
       17997
       18091
       18105
       18138
       18205
       18246
       18303
       18353
       18430
       18483
       18557
       18627
       18627
       18705
       18729
       18797
       18892
       18907
       18915
       18928
       18930
       18935
       18950
       18982
       18997
       19004
       19007
       19019
       19087
       19094
       19180
       19274
       19300
       19363
       19424
       19425
       19445
       19488
       19498
       19569
       19587
       19594
       19635
       19658
       19687
       19713
       19786
       19856
       19941
       19991
       20079
       20145
       20216
       20314
       20383
       20402
       20470
       20522
       20561
       20625
       20640
       20686
       20712
       20769
       20811
       20866
       20912
       20914
       21004
       21089
       21104
       21122
       21209
       21289
       21363
       21364
       21441
       21514
       21518
       21612
       21635
       21673
       21768
       21857
       21934
       21958
       22008
       22103
       22200
       22278
       22351
       22373
       22421
       22452
       22472
       22570
       22633
       22718
       22718
       22775
       22844
       22872
       22882
       22973
       23044
       23087
       23186
       23238
       23258
       23264
       23274
       23283
       23370
       23405
       23435
       23466
       23474
       23538
       23625
       23629
       23650
       23674
       23773
       23838
       23839
       23856
       23894
       23970
       23996
       24048
       24083
       24124
       24138
       24156
       24231
       24311
       24395
       24437
       24467
       24498
       24586
       24620
       24657
       24720
       24810
       24838
       24905
       25001
       25078
       25167
       25194
       25212
       25270
       25350
       25418
       25499
       25502
       25600
       25640
       25669
       25703
       25719
       25729
       25751
       25752
       25763
       25850
       25940
       26016
       26082
       26100
       26150
       26182
       26214
       26239
       26248
       26319
       26367
       26392
       26402
       26467
       26557
       26643
       26723
       26772
       26777
       26846
       26882
       26936
       26958
       27009
       27028
       27080
       27108
       27149
       27176
       27218
       27300
       27384
       27407
       27415
       27509
       27588
       27655
       27659
       27705
       27797
       27892
       27896
       27969
       27977
       27979
       28014
       28084
       28091
       28158
       28228
       28230
       28237
       28288
       28323
       28347
       28381
       28428
       28506
       28517
       28569
       28598
       28656
       28731
       28738
       28832
       28843
       28890
       28901
       28992
       29022
       29064
       29085
       29133
       29225
       29248
       29308
       29364
       29372
       29385
       29470
       29485
       29564
       29627
       29724
       29818
       29828
       29879
       29882
       29891
       29899
       29908
       30006
       30081
       30147
       30202
       30296
       30386
       30465
       30524
       30556
       30591
       30621
       30674
       30688
       30783
       30871
       30877
       30965
       30995
       31063
       31081
       31090
       31160
       31195
       31249
       31263
       31357
       31426
       31479
       31569
       31654
       31690
       31727
       31784
       31802
       31818
       31834
       31853
       31913
       31916
       31919
       31988
       32056
       32060
       32108
       32198
       32205
       32213
       32303
       32336
       32338
       32432
       32465
       32483
       32560
       32613
       32683
       32713
       32772
       32786
       32839
       32845
       32859
       32887
       32964
       33026
       33112
       33155
       33215
       33254
       33347
       33421
       33492
       33576
       33623
       33681
       33685
       33742
       33834
       33882
       33902
       33955
       33994
       34050
       34064
       34125
       34212
       34299
       34310
       34365
       34401
       34464
       34555
       34641
       34736
       34751
       34799
       34808
       34873
       34969
       35050
       35069
       35138
       35184
       35276
       35277
       35353
       35383
       35421
       35440
       35443
       35524
       35580
       35636
       35654
       35738
       35748
       35821
       35868
       35950
       35958
       35975
       36067
       36125
       36204
       36236
       36266
       36271
       36349
       36374
       36447
       36480
       36513
       36561
       36618
       36620
       36657
       36720
       36740
       36755
       36836
       36873
       36955
       37000
       37087
       37183
       37214
       37239
       37322
       37369
       37394
       37396
       37409
       37445
       37490
       37502
       37508
       37539
       37576
       37651
       37675
       37744
       37780
       37854
       37896
       37911
       38004
       38038
       38133
       38166
       38219
       38300
       38393
       38402
       38430
       38526
       38549
       38623
       38651
       38718
       38745
       38758
       38824
       38860
       38912
       39010
       39032
       39059
       39066
       39075
       39105
       39167
       39211
       39297
       39307
       39385
       39474
       39526
       39533
       39631
       39687
       39770
       39796
       39799
       39848
       39849
       39873
       39959
       40005
       40034
       40065
       40088
       40123
       40123
       40166
       40245
       40254
       40326
       40387
       40406
       40455
       40479
       40519
       40570
       40617
       40636
       40720
       40779
       40807
       40884
       40910
       40954
       40963
       41031
       41044
       41139
       41179
       41258
       41285
       41348
       41376
       41381
       41420
       41481
       41555
       41572
       41609
       41610
       41676
       41726
       41740
       41835
       41923
       41988
       42060
       42102
       42122
       42157
       42171
       42212
       42252
       42344
       42374
       42428
       42468
       42510
       42567
       42604
       42604
       42637
       42695
       42771
       42787
       42841
       42906
       42914
       43007
       43058
       43088
       43147
       43155
       43194
       43213
       43274
       43308
       43377
       43391
       43427
       43448
       43473
       43496
       43514
       43601
       43649
       43693
       43694
       43771
       43845
       43848
       43870
       43958
       43979
       44017
       44038
       44128
       44198
       44297
       44347
       44368
       44458
       44557
       44568
       44618
       44673
       44739
       44807
       44861
       44893
       44938
       44994
       45083
       45138
       45197
       45206
       45270
       45328
       45387
       45464
       45471
       45500
       45540
       45576
       45593
       45617
       45656
       45712
       45777
       45837
       45877
       45903
       45932
       45980
       46003
       46098
       46184
       46198
       46270
       46272
       46278
       46288
       46369
       46391
       46459
       46555
       46614
       46622
       46695
       46751
       46837
       46923
       46949
       46949
       46958
       46974
       47006
       47092
       47114
       47161
       47217
       47315
       47397
       47493
       47553
       47639
       47673
       47676
       47703
       47718
       47791
       47822
       47853
       47881
       47911
       47939
       48033
       48117
       48175
       48227
       48294
       48323
       48398
       48431
       48474
       48566
       48646
       48718
       48724
       48745
       48830
       48888
       48890
       48963
       49049
       49118
       49191
       49236
       49285
       49367
       49418
       49475
       49529
       49580
       49679
       49748
       49807
       49815
       49815
       49855
       49912
       49976
       50046
       50099
       50106
       50156
       50212
       50220
       50294
       50321
       50349
       50354
       50407
       50432
       50453
       50482
       50543
       50562
       50588
       50659
       50716
       50810
       50898
       50990
       51040
       51045
       51101
       51140
       51158
       51253
       51271
       51341
       51375
       51459
       51555
       51559
       51561
       51615
       51713
       51737
       51751
       51790
       51885
       51938
       51978
       51979
       52064
       52111
       52169
       52203
       52296
       52314
       52342
       52434
       52497
       52536
       52590
       52599
       52617
       52653
       52742
       52830
       52883
       52899
       52929
       52934
       53000
       53035
       53115
       53191
       53261
       53272
       53316
       53394
       53398
       53416
       53487
       53518
       53562
       53615
       53644
       53659
       53752
       53799
       53894
       53960
       53975
       54064
       54154
       54200
       54220
       54286
       54327
       54394
       54473
       54564
       54601
       54680
       54744
       54792
       54831
       54919
       55003
       55017
       55043
       55103
       55106
       55188
       55205
       55286
       55381
       55409
       55454
       55538
       55637
       55722
       55750
       55815
       55862
       55923
       55981
       56008
       56083
       56139
       56171
       56241
       56291
       56380
       56479
       56488
       56570
       56613
       56701
       56753
       56824
       56845
       56894
       56933
       56941
       57004
       57021
       57040
       57111
       57208
       57283
       57338
       57361
       57423
       57427
       57470
       57514
       57582
       57675
       57752
       57821
       57821
       57880
       57903
       57956
       58010
       58102
       58142
       58171
       58206
       58218
       58287
       58365
       58433
       58484
       58519
       58543
       58574
       58614
       58633
       58694
       58699
       58778
       58792
       58869
       58909
       58959
       59000
       59006
       59035
       59125
       59159
       59212
       59281
       59313
       59411
       59472
       59553
       59593
       59613
       59650
       59744
       59812
       59889
       59965
       60020
       60115
       60128
       60145
       60178
       60198
       60277
       60291
       60365
       60368
       60399
       60472
       60488
       60548
       60608
       60651
       60654
       60677
       60703
       60718
       60796
       60802
       60858
       60912
       60955
       61006
       61055
       61080
       61116
       61165
       61254
       61313
       61399
       61463
       61475
       61475
       61532
       61620
       61648
       61720
       61727
       61752
       61812
       61814
       61871
       61889
       61944
       61994
       62036
       62062
       62134
       62202
       62203
       62256
       62280
       62364
       62405
       62449
       62525
       62571
       62653
       62738
       62741
       62741
       62821
       62824
       62845
       62902
       62935
       62960
       63002
       63096
       63141
       63173
       63221
       63285
       63336
       63346
       63405
       63408
       63506
       63523
       63547
       63608
       63626
       63708
       63801
       63806
       63816
       63882
       63950
       64021
       64022
       64033
       64115
       64214
       64245
       64276
       64292
       64313
       64372
       64398
       64476
       64534
       64619
       64657
       64755
       64821
       64919
       65001
       65060
       65152
       65198
       65198
       65220
       65259
       65266
       65353
       65390
       65437
       65484
       65561
       65584
       65622
       65687
       65752
       65809
       65853
       65869
       65968
       66051
       66143
       66208
       66299
       66331
       66346
       66413
       66427
       66475
       66564
       66611
       66674
       66682
       66747
       66842
       66865
       66913
       66988
       67061
       67091
       67111
       67113
       67193
       67245
       67255
       67325
       67404
       67426
       67507
       67581
       67621
       67623
       67701
       67711
       67762
       67811
       67879
       67954
       67994
       68040
       68066
       68072
       68171
       68211
       68215
       68235
       68317
       68344
       68360
       68445
       68502
       68536
       68538
       68602
       68669
       68690
       68723
       68811
       68867
       68901
       68905
       68956
       69049
       69101
       69127
       69224
       69298
       69375
       69449
       69494
       69541
       69542
       69632
       69688
       69759
       69812
       69885
       69905
       69987
       70025
       70075
       70141
       70220
       70232
       70237
       70255
       70257
       70354
       70366
       70374
       70456
       70480
       70481
       70517
       70574
       70596
       70642
       70694
       70752
       70787
       70794
       70878
       70894
       70987
       71041
       71069
       71104
       71193
       71223
       71313
       71377
       71425
       71451
       71454
       71472
       71493
       71592
       71684
       71752
       71779
       71858
       71862
       71923
       72007
       72013
       72089
       72163
       72164
       72233
       72250
       72294
       72343
       72428
       72524
       72533
       72613
       72695
       72747
       72786
       72844
       72885
       72894
       72978
       72994
       73079
       73151
       73195
       73207
       73258
       73292
       73356
       73405
       73433
       73510
       73538
       73592
       73656
       73704
       73793
       73877
       73893
       73967
       74058
       74127
       74196
       74283
       74302
       74331
       74408
       74503
       74568
       74657
       74658
       74669
       74763
       74772
       74864
       74937
       74964
       74986
       75048
       75121
       75206
       75305
       75403
       75442
       75541
       75551
       75609
       75609
       75690
       75759
       75817
       75904
       75956
       76048
       76123
       76145
       76195
       76284
       76344
       76357
       76370
       76412
       76427
       76514
       76570
       76662
       76664
       76742
       76759
       76793
       76862
       76921
       76988
       77070
       77074
       77132
       77216
       77302
       77347
       77377
       77437
       77447
       77450
       77456
       77516
       77545
       77573
       77584
       77633
       77672
       77677
       77707
       77791
       77833
       77862
       77936
       78027
       78087
       78183
       78222
       78245
       78328
       78384
       78423
       78492
       78557
       78579
       78664
       78664
       78758
       78773
       78847
       78876
       78876
       78953
       78953
       79042
       79116
       79161
       79241
       79280
       79319
       79353
       79368
       79456
       79506
       79571
       79572
       79597
       79617
       79695
       79728
       79734
       79831
       79930
       80022
       80070
       80142
       80197
       80199
       80257
       80316
       80350
       80422
       80482
       80508
       80532
       80593
       80616
       80674
       80712
       80714
       80790
       80869
       80948
       80959
       80973
       81042
       81106
       81128
       81212
       81282
       81300
       81385
       81477
       81499
       81563
       81646
       81659
       81668
       81757
       81843
       81908
       81975
       81976
       82023
       82106
       82108
       82144
       82192
       82194
       82210
       82255
       82334
       82394
       82441
       82491
       82537
       82634
       82706
       82784
       82858
       82884
       82927
       83025
       83093
       83138
       83159
       83188
       83229
       83235
       83292
       83365
       83450
       83532
       83572
       83612
       83704
       83732
       83814
       83887
       83921
       83967
       84054
       84111
       84144
       84151
       84242
       84244
       84324
       84416
       84481
       84533
       84578
       84585
       84629
       84640
       84665
       84758
       84850
       84901
       84959
       85010
       85050
       85149
       85245
       85304
       85371
       85403
       85406
       85434
       85489
       85586
       85679
       85724
       85794
       85825
       85868
       85953
       86033
       86068
       86147
       86214
       86233
       86330
       86331
       86411
       86412
       86466
       86508
       86519
       86534
       86623
       86717
       86805
       86896
       86934
       87004
       87069
       87164
       87181
       87257
       87287
       87356
       87357
       87441
       87474
       87537
       87620
       87682
       87750
       87763
       87779
       87847
       87939
       87962
       88011
       88033
       88066
       88134
       88138
       88207
       88297
       88363
       88457
       88459
       88487
       88526
       88593
       88614
       88692
       88767
       88862
       88930
       88935
       88936
       89035
       89089
       89107
       89153
       89243
       89271
       89343
       89386
       89413
       89476
       89520
       89612
       89702
       89746
       89836
       89881
       89910
       89959
       89991
       90010
       90027
       90114
       90151
       90193
       90244
       90249
       90272
       90273
       90330
       90409
       90476
       90503
       90557
       90584
       90617
       90713
       90806
       90840
       90856
       90945
       90999
       91069
       91140
       91206
       91289
       91360
       91402
       91458
       91465
       91533
       91568
       91648
       91725
       91763
       91861
       91936
       91968
       91980
       92035
       92071
       92150
       92248
       92321
       92324
       92346
       92391
       92403
       92497
       92569
       92574
       92599
       92601
       92645
       92669
       92712
       92796
       92797
       92806
       92818
       92857
       92927
       92948
       92959
       92982
       93064
       93090
       93121
       93137
       93210
       93257
       93268
       93275
       93331
       93379
       93412
       93503
       93505
       93550
       93617
       93681
       93744
       93764
       93852
       93907
       93916
       93991
       94007
       94016
       94096
       94114
       94131
       94179
       94196
       94221
       94223
       94250
       94310
       94404
       94501
       94562
       94571
       94632
       94668
       94750
       94836
       94894
       94943
       95004
       95094
       95148
       95220
       95250
       95331
       95421
       95426
       95486
       95517
       95561
       95640
       95737
       95768
       95811
       95902
       95982
       96060
       96134
       96208
       96217
       96251
       96266
       96298
       96348
       96436
       96535
       96535
       96538
       96615
       96665
       96701
       96772
       96793
       96801
       96879
       96912
       96957
       96992
       97046
       97086
       97126
       97202
       97284
       97322
       97381
       97437
       97474
       97553
       97575
       97616
       97656
       97748
       97842
       97855
       97923
       97992
       98022
       98030
       98031
       98091
       98132
       98165
       98171
       98176
       98210
       98271
       98336
       98362
       98372
       98404
       98422
       98430
       98477
       98573
       98585
       98641
       98679
       98765
       98775
       98839
       98862
       98906
       98932
       99022
       99084
       99140
       99228
       99288
       99316
       99411
       99477
       99486
       99547
       99609
       99622
       99696
       99794
       99863
       99898
       99961
      100031
      100121
      100218
      100300
      100365
      100436
      100467
      100509
      100586
      100620
      100701
      100713
      100757
      100759
      100847
      100939
      101031
      101091
      101133
      101169
      101172
      101257
      101346
      101438
      101520
      101608
      101701
      101749
      101768
      101794
      101814
      101898
      101955
      102052
      102099
      102131
      102223
      102320
      102381
      102408
      102462
      102530
      102556
      102562
      102632
      102674
      102701
      102758
      102794
      102892
      102989
      103083
      103109
      103191
      103197
      103218
      103233
      103251
      103280
      103298
      103370
      103439
      103529
      103558
      103581
      103581
      103608
      103698
      103728
      103797
      103868
      103870
      103918
      103974
      103991
      104082
      104129
      104217
      104289
      104312
      104330
      104404
      104423
      104458
      104543
      104599
      104638
      104703
      104719
      104782
      104854
      104938
      104981
      105072
      105077
      105134
      105224
      105310
      105344
      105358
      105368
      105398
      105444
      105533
      105572
      105581
      105661
      105745
      105783
      105821
      105828
      105840
      105891
      105976
      106007
      106059
      106065
      106090
      106154
      106170
      106206
      106247
      106297
      106336
      106336
      106411
      106458
      106478
      106559
      106651
      106709
      106762
      106770
      106851
      106861
      106907
      106946
      106952
      106982
      106994
      107069
      107121
      107208
      107250
      107338
      107416
      107488
      107508
      107607
      107669
      107758
      107846
      107926
      107949
      108015
      108077
      108160
      108201
      108223
      108224
      108228
      108308
      108406
      108429
      108496
      108587
      108611
      108640
      108727
      108801
      108854
      108901
      108978
      109000
      109084
      109142
      109156
      109243
      109293
      109339
      109376
      109382
      109467
      109512
      109542
      109590
      109671
      109721
      109755
      109812
      109860
      109881
      109891
      109988
      110063
      110079
      110134
      110180
      110194
      110252
      110300
      110335
      110421
      110452
      110517
      110578
      110629
      110691
      110714
      110716
      110812
      110824
      110909
      110932
      110941
      110973
      111036
      111106
      111189
      111272
      111279
      111301
      111353
      111368
      111385
      111427
      111470
      111529
      111607
      111636
      111675
      111701
      111788
      111824
      111870
      111887
      111905
      111952
      112034
      112056
      112147
      112245
      112280
      112342
      112369
      112410
      112504
      112526
      112601
      112675
      112763
      112800
      112845
      112879
      112972
      112987
      113016
      113054
      113088
      113137
      113138
      113199
      113281
      113300
      113366
      113447
      113521
      113580
      113607
      113674
      113677
      113730
      113749
      113811
      113876
      113892
      113928
      113936
      113966
      114050
      114055
      114137
      114160
      114179
      114223
      114272
      114313
      114393
      114411
      114443
      114462
      114470
      114516
      114583
      114675
      114700
      114734
      114762
      114801
      114842
      114845
      114871
      114880
      114945
      115027
      115037
      115054
      115056
      115090
      115102
      115146
      115203
      115291
      115380
      115459
      115537
      115555
      115607
      115673
      115691
      115776
      115807
      115904
      115920
      116017
      116017
      116049
      116148
      116246
      116305
      116349
      116399
      116498
      116552
      116552
      116559
      116604
      116633
      116664
      116740
      116750
      116845
      116919
      116974
      117052
      117121
      117133
      117183
      117222
      117276
      117326
      117355
      117403
      117458
      117487
      117505
      117570
      117604
      117606
      117648
      117677
      117686
      117740
      117771
      117859
      117947
      118004
      118013
      118057
      118092
      118164
      118228
      118254
      118343
      118366
      118373
      118401
      118406
      118464
      118484
      118547
      118592
      118665
      118679
      118714
      118753
      118754
      118784
      118821
      118853
      118894
      118959
      119021
      119055
      119077
      119122
      119208
      119271
      119360
      119371
      119422
      119475
      119522
      119618
      119632
      119677
      119735
      119818
      119861
      119960
      119962
      120008
      120012
      120068
      120140
      120148
      120190
      120238
      120301
      120311
      120401
      120419
      120431
      120450
      120460
      120550
      120558
      120607
      120651
      120724
      120801
      120845
      120928
      120990
      121046
      121116
      121132
      121164
      121186
      121259
      121289
      121323
      121412
      121465
      121467
      121550
      121557
      121653
      121679
      121762
      121782
      121800
      121815
      121830
      121840
      121923
      121965
      121975
      121978
      122028
      122126
      122186
      122199
      122231
      122283
      122283
      122328
      122414
      122512
      122516
      122613
      122676
      122705
      122730
      122793
      122812
      122818
      122910
      122930
      122952
      122993
      122996
      123076
      123081
      123104
      123123
      123171
      123228
      123282
      123352
      123367
      123367
      123392
      123444
      123541
      123542
      123629
      123639
      123722
      123779
      123860
      123948
      124028
      124065
      124160
      124217
      124254
      124332
      124357
      124441
      124522
      124548
      124611
      124706
      124711
      124722
      124727
      124743
      124825
      124845
      124893
      124975
      125025
      125096
      125118
      125206
      125210
      125221
      125245
      125343
      125398
      125401
      125482
      125526
      125536
      125589
      125619
      125641
      125699
      125705
      125763
      125780
      125799
      125811
      125875
      125880
      125888
      125939
      125947
      125951
      125995
      125997
      126042
      126079
      126118
      126145
      126208
      126263
      126313
      126400
      126428
      126513
      126568
      126647
      126737
      126785
      126797
      126883
      126964
      127057
      127083
      127138
      127162
      127236
      127305
      127334
      127383
      127412
      127458
      127548
      127624
      127685
      127783
      127863
      127912
      127925
      128011
      128012
      128037
      128097
      128162
      128172
      128197
      128263
      128355
      128409
      128506
      128551
      128647
      128681
      128711
      128777
      128786
      128835
      128884
      128923
      128963
      129046
      129140
      129221
      129284
      129293
      129357
      129410
      129500
      129539
      129559
      129559
      129611
      129702
      129741
      129779
      129807
      129816
      129831
      129921
      129963
      129981
      129982
      130042
      130128
      130190
      130223
      130263
      130284
      130326
      130380
      130474
      130496
      130503
      130568
      130584
      130625
      130677
      130692
      130752
      130780
      130844
      130935
      131013
      131103
      131189
      131197
      131206
      131225
      131253
      131330
      131351
      131407
      131443
      131445
      131487
      131539
      131631
      131654
      131730
      131826
      131851
      131932
      131953
      131975
      132058
      132114
      132180
      132248
      132270
      132308
      132320
      132370
      132437
      132467
      132476
      132524
      132578
      132608
      132632
      132636
      132647
      132668
      132752
      132821
      132822
      132913
      133003
      133080
      133105
      133200
      133241
      133336
      133413
      133422
      133471
      133485
      133551
      133601
      133688
      133715
      133745
      133780
      133869
      133961
      133990
      134065
      134146
      134186
      134265
      134306
      134314
      134329
      134340
      134344
      134368
      134386
      134462
      134557
      134596
      134667
      134760
      134770
      134831
      134906
      134996
      135066
      135128
      135211
      135306
      135405
      135453
      135464
      135526
      135552
      135606
      135615
      135620
      135670
      135748
      135839
      135875
      135929
      135943
      136017
      136105
      136150
      136182
      136198
      136256
      136345
      136375
      136380
      136400
      136486
      136495
      136575
      136648
      136670
      136724
      136726
      136743
      136828
      136892
      136959
      137012
      137080
      137099
      137112
      137143
      137226
      137318
      137369
      137369
      137410
      137425
      137445
      137468
      137492
      137535
      137551
      137630
      137635
      137636
      137698
      137796
      137812
      137903
      137924
      137954
      137988
      138066
      138126
      138188
      138232
      138296
      138301
      138362
      138427
      138520
      138559
      138644
      138692
      138753
      138796
      138842
      138875
      138880
      138966
      138971
      138999
      139050
      139126
      139195
      139267
      139301
      139380
      139384
      139433
      139463
      139562
      139629
      139642
      139672
      139681
      139749
      139837
      139852
      139869
      139883
      139979
      140022
      140081
      140139
      140233
      140302
      140375
      140395
      140402
      140496
      140504
      140575
      140618
      140649
      140746
      140818
      140873
      140946
      141019
      141106
      141180
      141240
      141260
      141352
      141398
      141479
      141566
      141635
      141639
      141672
      141684
      141724
      141764
      141855
      141867
      141904
      141984
      142014
      142085
      142177
      142251
      142269
      142303
      142308
      142336
      142358
      142384
      142480
      142494
      142515
      142613
      142677
      142707
      142765
      142811
      142904
      142965
      142991
      143044
      143125
      143174
      143273
      143280
      143369
      143414
      143498
      143548
      143571
      143620
      143635
      143721
      143795
      143805
      143904
      143977
      144013
      144040
      144070
      144131
      144152
      144243
      144318
      144372
      144375
      144463
      144544
      144624
      144678
      144681
      144734
      144746
      144798
      144827
      144847
      144855
      144911
      144920
      144993
      145043
      145066
      145117
      145186
      145206
      145248
      145296
      145348
      145427
      145518
      145549
      145641
      145740
      145831
      145833
      145908
      145937
      145966
      146065
      146082
      146136
      146189
      146213
      146224
      146284
      146341
      146433
      146473
      146533
      146541
      146618
      146669
      146717
      146797
      146797
      146852
      146925
      146948
      147043
      147067
      147132
      147210
      147276
      147365
      147449
      147508
      147516
      147541
      147605
      147660
      147707
      147735
      147770
      147800
      147855
      147877
      147924
      148009
      148021
      148051
      148051
      148133
      148221
      148230
      148286
      148336
      148343
      148354
      148365
      148371
      148450
      148463
      148536
      148595
      148637
      148651
      148701
      148736
      148758
      148796
      148885
      148950
      149042
      149068
      149117
      149158
      149181
      149190
      149238
      149307
      149312
      149363
      149378
      149440
      149530
      149558
      149582
      149608
      149652
      149677
      149733
      149791
      149860
      149917
      150003
      150003
      150026
      150037
      150088
      150131
      150194
      150209
      150259
      150342
      150358
      150440
      150441
      150494
      150571
      150624
      150643
      150730
      150829
      150894
      150959
      151033
      151040
      151121
      151144
      151221
      151285
      151294
      151359
      151416
      151466
      151488
      151525
      151544
      151588
      151683
      151720
      151815
      151888
      151934
      151977
      152035
      152125
      152188
      152260
      152279
      152286
      152342
      152387
      152413
      152445
      152458
      152549
      152646
      152704
      152769
      152816
      152886
      152903
      152925
      152946
      152983
      153056
      153149
      153187
      153229
      153263
      153272
      153352
      153363
      153379
      153429
      153486
      153527
      153604
      153683
      153756
      153844
      153913
      153943
      153999
      154083
      154125
      154151
      154151
      154240
      154245
      154304
      154395
      154459
      154534
      154621
      154667
      154724
      154771
      154785
      154840
      154923
      154952
      154990
      155065
      155122
      155131
      155222
      155279
      155328
      155348
      155429
      155496
      155507
      155552
      155646
      155709
      155781
      155814
      155866
      155871
      155912
      155924
      155934
      155991
      156003
      156098
      156153
      156207
      156273
      156352
      156425
      156451
      156499
      156589
      156651
      156669
      156743
      156799
      156840
      156885
      156984
      157061
      157142
      157239
      157277
      157288
      157386
      157388
      157487
      157573
      157576
      157596
      157629
      157718
      157772
      157794
      157834
      157846
      157922
      157935
      158023
      158028
      158031
      158088
      158179
      158186
      158220
      158284
      158324
      158371
      158446
      158483
      158533
      158606
      158646
      158693
      158726
      158751
      158795
      158887
      158958
      159057
      159109
      159146
      159158
      159176
      159214
      159232
      159254
      159273
      159315
      159400
      159494
      159529
      159563
      159624
      159698
      159771
      159824
      159839
      159922
      159947
      160012
      160021
      160040
      160106
      160191
      160245
      160264
      160339
      160361
      160432
      160466
      160563
      160626
      160638
      160669
      160743
      160789
      160853
      160877
      160949
      161008
      161027
      161108
      161125
      161126
      161182
      161227
      161249
      161249
      161300
      161317
      161348
      161379
      161467
      161554
      161570
      161657
      161683
      161747
      161814
      161898
      161956
      162011
      162032
      162087
      162163
      162208
      162286
      162358
      162375
      162384
      162449
      162536
      162567
      162599
      162643
      162665
      162676
      162755
      162833
      162833
      162909
      162924
      162945
      163029
      163034
      163087
      163139
      163193
      163228
      163256
      163289
      163351
      163421
      163506
      163568
      163614
      163698
      163771
      163843
      163883
      163979
      164011
      164093
      164174
      164239
      164273
      164291
      164357
      164392
      164462
      164534
      164572
      164614
      164702
      164727
      164740
      164813
      164870
      164873
      164972
      164993
      165079
      165091
      165111
      165127
      165160
      165199
      165288
      165367
      165453
      165467
      165494
      165589
      165654
      165710
      165784
      165882
      165944
      165964
      166049
      166109
      166202
      166224
      166297
      166324
      166347
      166381
      166411
      166502
      166518
      166543
      166587
      166611
      166700
      166769
      166769
      166798
      166888
      166980
      166997
      167056
      167133
      167211
      167300
      167364
      167446
      167506
      167586
      167639
      167673
      167709
      167802
      167852
      167930
      168006
      168022
      168047
      168122
      168182
      168275
      168337
      168395
      168428
      168509
      168521
      168579
      168641
      168695
      168716
      168721
      168788
      168820
      168889
      168961
      169004
      169053
      169085
      169128
      169174
      169223
      169313
      169376
      169443
      169498
      169549
      169569
      169662
      169690
      169735
      169834
      169839
      169849
      169892
      169984
      170028
      170050
      170076
      170103
      170143
      170159
      170191
      170283
      170344
      170416
      170467
      170506
      170548
      170567
      170581
      170590
      170676
      170767
      170865
      170944
      171008
      171102
      171114
      171196
      171206
      171288
      171292
      171332
      171363
      171441
      171489
      171522
      171533
      171580
      171605
      171660
      171668
      171676
      171691
      171769
      171853
      171898
      171986
      172041
      172130
      172204
      172302
      172316
      172323
      172404
      172464
      172527
      172586
      172640
      172727
      172742
      172742
      172826
      172832
      172835
      172916
      172953
      173005
      173067
      173108
      173121
      173152
      173181
      173197
      173197
      173259
      173266
      173307
      173401
      173480
      173540
      173573
      173578
      173631
      173657
      173668
      173738
      173818
      173833
      173835
      173860
      173919
      173947
      174037
      174054
      174117
      174201
      174250
      174288
      174363
      174406
      174436
      174501
      174511
      174538
      174606
      174610
      174666
      174672
      174689
      174689
      174730
      174732
      174830
      174862
      174871
      174955
      174962
      174988
      175069
      175074
      175093
      175117
      175194
      175269
      175295
      175311
      175311
      175326
      175416
      175500
      175587
      175659
      175690
      175750
      175756
      175815
      175817
      175840
      175857
      175879
      175925
      175953
      175967
      176032
      176125
      176224
      176226
      176254
      176353
      176376
      176447
      176467
      176482
      176545
      176560
      176581
      176601
      176627
      176683
      176696
      176789
      176873
      176884
      176899
      176972
      176976
      176997
      177080
      177151
      177223
      177224
      177273
      177356
      177417
      177436
      177439
      177439
      177441
      177531
      177541
      177557
      177590
      177647
      177713
      177791
      177859
      177860
      177938
      177952
      177971
      177976
      178030
      178047
      178116
      178206
      178217
      178245
      178322
      178404
      178485
      178503
      178557
      178611
      178628
      178708
      178733
      178773
      178812
      178909
      178978
      179077
      179135
      179144
      179195
      179212
      179216
      179242
      179261
      179327
      179379
      179444
      179452
      179514
      179538
      179578
      179595
      179634
      179665
      179694
      179771
      179801
      179877
      179957
      179971
      179997
      180025
      180035
      180131
      180184
      180225
      180231
      180276
      180287
      180318
      180414
      180480
      180502
      180600
      180646
      180716
      180809
      180884
      180910
      180969
      180995
      181050
      181129
      181167
      181221
      181316
      181401
      181481
      181532
      181534
      181579
      181636
      181680
      181689
      181748
      181836
      181899
      181908
      182006
      182084
      182121
      182188
      182192
      182268
      182314
      182402
      182464
      182512
      182545
      182601
      182642
      182707
      182726
      182806
      182865
      182927
      183025
      183098
      183112
      183143
      183176
      183221
      183236
      183283
      183362
      183430
      183519
      183546
      183591
      183649
      183734
      183806
      183830
      183841
      183928
      184008
      184071
      184168
      184234
      184324
      184423
      184482
      184521
      184535
      184613
      184645
      184704
      184730
      184754
      184836
      184917
      185008
      185077
      185137
      185217
      185218
      185245
      185262
      185335
      185392
      185429
      185490
      185544
      185634
      185695
      185733
      185775
      185813
      185871
      185909
      185941
      185959
      186037
      186097
      186136
      186202
      186222
      186299
      186397
      186438
      186464
      186471
      186480
      186509
      186601
      186687
      186718
      186766
      186798
      186841
      186859
      186932
      186962
      186999
      187024
      187067
      187123
      187203
      187239
      187271
      187331
      187370
      187468
      187495
      187533
      187570
      187662
      187693
      187713
      187764
      187768
      187850
      187943
      188013
      188085
      188092
      188152
      188163
      188197
      188275
      188367
      188424
      188500
      188599
      188607
      188704
      188731
      188828
      188850
      188920
      189015
      189032
      189086
      189150
      189173
      189196
      189278
      189288
      189343
      189434
      189532
      189588
      189646
      189720
      189808
      189884
      189927
      189957
      189964
      189964
      189989
      190033
      190069
      190128
      190221
      190268
      190364
      190364
      190448
      190462
      190557
      190624
      190642
      190680
      190763
      190860
      190922
      190953
      191010
      191022
      191095
      191152
      191209
      191289
      191329
      191330
      191331
      191384
      191397
      191437
      191498
      191502
      191576
      191607
      191691
      191708
      191757
      191770
      191778
      191783
      191868
      191948
      192024
      192064
      192070
      192086
      192114
      192200
      192267
      192273
      192326
      192356
      192432
      192473
      192503
      192516
      192593
      192654
      192751
      192819
      192904
      192910
      192946
      193002
      193014
      193022
      193081
      193103
      193131
      193202
      193230
      193257
      193337
      193370
      193402
      193420
      193432
      193444
      193530
      193593
      193601
      193645
      193655
      193657
      193697
      193757
      193807
      193875
      193960
      194043
      194047
      194093
      194173
      194219
      194297
      194383
      194456
      194486
      194515
      194539
      194566
      194586
      194643
      194696
      194772
      194801
      194803
      194837
      194871
      194883
      194939
      194963
      194978
      195030
      195114
      195200
      195250
      195296
      195345
      195354
      195386
      195445
      195529
      195595
      195637
      195661
      195747
      195786
      195822
      195877
      195895
      195933
      195970
      195993
      196038
      196063
      196096
      196158
      196181
      196188
      196245
      196296
      196304
      196328
      196368
      196436
      196515
      196564
      196597
      196605
      196682
      196720
      196728
      196744
      196836
      196857
      196875
      196905
      196955
      197050
      197057
      197082
      197142
      197234
      197286
      197353
      197387
      197408
      197432
      197433
      197470
      197532
      197623
      197628
      197722
      197790
      197877
      197943
      197997
      198064
      198113
      198128
      198137
      198222
      198270
      198328
      198336
      198339
      198368
      198436
      198516
      198609
      198675
      198687
      198777
      198786
      198857
      198916
      198969
      199006
      199049
      199050
      199068
      199144
      199194
      199292
      199366
      199370
      199424
      199512
      199526
      199592
      199651
      199670
      199742
      199823
      199851
      199918
      199935
      200015
      200063
      200096
      200167
      200214
      200217
      200278
      200320
      200410
      200485
      200519
      200521
      200588
      200674
      200744
      200834
      200924
      200987
      200988
      201083
      201182
      201264
      201308
      201337
      201436
      201464
      201479
      201540
      201627
      201654
      201669
      201707
      201760
      201796
      201815
      201825
      201885
      201969
      202059
      202110
      202173
      202271
      202291
      202358
      202412
      202445
      202496
      202496
      202560
      202593
      202640
      202731
      202750
      202814
      202846
      202856
      202889
      202945
      203028
      203050
      203083
      203108
      203176
      203213
      203252
      203332
      203358
      203411
      203466
      203498
      203583
      203628
      203637
      203660
      203668
      203725
      203755
      203783
      203819
      203863
      203946
      204019
      204082
      204088
      204126
      204184
      204283
      204366
      204381
      204440
      204517
      204611
      204669
      204674
      204762
      204846
      204871
      204966
      205049
      205139
      205199
      205208
      205219
      205252
      205271
      205346
      205382
      205452
      205535
      205596
      205677
      205704
      205779
      205841
      205940
      206026
      206027
      206060
      206131
      206148
      206167
      206196
      206240
      206338
      206431
      206487
      206508
      206601
      206689
      206735
      206809
      206891
      206904
      206999
      207000
      207064
      207069
      207143
      207198
      207252
      207311
      207316
      207396
      207434
      207523
      207607
      207686
      207745
      207789
      207810
      207818
      207840
      207936
      207969
      208037
      208119
      208131
      208206
      208236
      208291
      208366
      208387
      208484
      208500
      208573
      208634
      208714
      208796
      208798
      208856
      208896
      208956
      208958
      208976
      209065
      209123
      209129
      209214
      209247
      209344
      209394
      209448
      209535
      209624
      209686
      209759
      209826
      209903
      209911
      209940
      209989
      210003
      210037
      210053
      210117
      210168
      210236
      210282
      210297
      210326
      210345
      210369
      210409
      210420
      210466
      210538
      210543
      210613
      210651
      210678
      210771
      210837
      210900
      210965
      210969
      210994
      211039
      211109
      211117
      211192
      211211
      211253
      211264
      211282
      211325
      211343
      211376
      211455
      211466
      211467
      211561
      211611
      211682
      211741
      211746
      211771
      211848
      211929
      211996
      212071
      212156
      212216
      212222
      212225
      212229
      212285
      212321
      212361
      212432
      212432
      212492
      212577
      212607
      212615
      212692
      212739
      212779
      212847
      212918
      212953
      212981
      213047
      213132
      213146
      213179
      213242
      213304
      213371
      213373
      213386
      213386
      213448
      213538
      213623
      213709
      213781
      213867
      213952
      213961
      214056
      214118
      214140
      214235
      214324
      214374
      214446
      214509
      214540
      214625
      214684
      214692
      214733
      214799
      214863
      214866
      214903
      214959
      214996
      215021
      215044
      215127
      215207
      215283
      215322
      215370
      215378
      215385
      215432
      215467
      215475
      215502
      215569
      215600
      215635
      215711
      215754
      215780
      215819
      215831
      215878
      215959
      216029
      216066
      216162
      216250
      216321
      216348
      216381
      216424
      216480
      216546
      216608
      216638
      216694
      216706
      216759
      216763
      216814
      216877
      216903
      216979
      216992
      217049
      217102
      217177
      217250
      217252
      217269
      217284
      217339
      217397
      217475
      217558
      217641
      217705
      217783
      217833
      217866
      217901
      217970
      217984
      217987
      218047
      218095
      218134
      218174
      218217
      218256
      218344
      218432
      218525
      218554
      218620
      218668
      218752
      218799
      218852
      218934
      218989
      219083
      219093
      219191
      219283
      219313
      219315
      219350
      219449
      219538
      219560
      219638
      219694
      219793
      219817
      219861
      219951
      220028
      220118
      220136
      220174
      220270
      220294
      220323
      220413
      220455
      220466
      220535
      220609
      220703
      220788
      220847
      220850
      220883
      220887
      220922
      220986
      221016
      221091
      221142
      221164
      221203
      221230
      221238
      221248
      221252
      221294
      221309
      221384
      221438
      221508
      221523
      221588
      221643
      221690
      221755
      221814
      221836
      221881
      221902
      221955
      222027
      222028
      222095
      222162
      222207
      222218
      222233
      222268
      222285
      222344
      222431
      222452
      222549
      222562
      222621
      222689
      222690
      222734
      222825
      222847
      222862
      222961
      223035
      223125
      223211
      223251
      223280
      223370
      223405
      223462
      223486
      223531
      223612
      223692
      223711
      223764
      223810
      223854
      223897
      223973
      223982
      223987
      224012
      224095
      224142
      224208
      224254
      224352
      224416
      224499
      224590
      224598
      224662
      224710
      224762
      224811
      224831
      224837
      224867
      224966
      224989
      225027
      225120
      225143
      225151
      225228
      225296
      225350
      225362
      225458
      225466
      225522
      225544
      225581
      225587
      225623
      225686
      225780
      225818
      225886
      225941
      226031
      226047
      226138
      226141
      226196
      226223
      226239
      226281
      226281
      226364
      226388
      226406
      226470
      226515
      226563
      226587
      226671
      226741
      226773
      226788
      226826
      226847
      226847
      226929
      227002
      227030
      227059
      227065
      227160
      227226
      227274
      227335
      227420
      227492
      227509
      227532
      227535
      227581
      227668
      227721
      227770
      227844
      227886
      227985
      227998
      228015
      228044
      228070
      228108
      228190
      228218
      228246
      228320
      228359
      228433
      228458
      228509
      228570
      228662
      228753
      228799
      228891
      228905
      228942
      228976
      229021
      229083
      229112
      229175
      229273
      229338
      229365
      229370
      229431
      229473
      229479
      229563
      229600
      229634
      229690
      229698
      229731
      229739
      229816
      229870
      229910
      229989
      230020
      230116
      230180
      230244
      230294
      230387
      230420
      230456
      230516
      230558
      230622
      230695
      230778
      230871
      230904
      230916
      230925
      230934
      230981
      231048
      231143
      231190
      231286
      231356
      231433
      231464
      231512
      231570
      231622
      231625
      231639
      231659
      231665
      231688
      231763
      231853
      231883
      231918
      231947
      231947
      231980
      232039
      232105
      232203
      232222
      232287
      232364
      232460
      232535
      232609
      232684
      232740
      232813
      232862
      232871
      232877
      232923
      232976
      232990
      233011
      233094
      233108
      233140
      233173
      233216
      233243
      233301
      233305
      233385
      233425
      233427
      233480
      233495
      233537
      233575
      233604
      233675
      233684
      233709
      233775
      233851
      233943
      234021
      234049
      234062
      234108
      234134
      234211
      234260
      234346
      234383
      234469
      234479
      234565
      234616
      234656
      234724
      234773
      234851
      234933
      234933
      235003
      235005
      235068
      235089
      235168
      235208
      235274
      235363
      235428
      235516
      235588
      235628
      235645
      235738
      235772
      235852
      235861
      235895
      235975
      236041
      236097
      236126
      236204
      236253
      236301
      236317
      236350
      236407
      236439
      236457
      236466
      236540
      236617
      236663
      236697
      236787
      236874
      236893
      236893
      236920
      236983
      237029
      237076
      237120
      237126
      237184
      237214
      237216
      237233
      237261
      237336
      237368
      237417
      237443
      237480
      237537
      237613
      237657
      237709
      237732
      237767
      237857
      237896
      237926
      238018
      238099
      238179
      238252
      238286
      238349
      238349
      238390
      238438
      238465
      238480
      238560
      238569
      238628
      238644
      238680
      238704
      238772
      238792
      238800
      238876
      238947
      239043
      239080
      239155
      239192
      239238
      239273
      239342
      239419
      239507
      239582
      239671
      239708
      239751
      239762
      239840
      239861
      239956
      240027
      240100
      240130
      240219
      240288
      240367
      240404
      240456
      240462
      240554
      240568
      240658
      240722
      240780
      240809
      240902
      240953
      241010
      241010
      241014
      241070
      241163
      241248
      241333
      241376
      241390
      241480
      241485
      241568
      241660
      241668
      241693
      241743
      241743
      241785
      241810
      241864
      241928
      241982
      242031
      242054
      242134
      242186
      242236
      242297
      242321
      242326
      242337
      242378
      242430
      242431
      242477
      242528
      242593
      242616
      242704
      242791
      242807
      242836
      242859
      242945
      242952
      242973
      243064
      243150
      243214
      243232
      243247
      243287
      243300
      243302
      243397
      243451
      243466
      243471
      243488
      243517
      243565
      243596
      243653
      243741
      243763
      243776
      243839
      243868
      243877
      243886
      243977
      243992
      244085
      244182
      244192
      244225
      244287
      244377
      244406
      244484
      244504
      244515
      244521
      244607
      244701
      244741
      244800
      244870
      244957
      244990
      245057
      245081
      245119
      245143
      245154
      245161
      245248
      245315
      245372
      245442
      245457
      245548
      245628
      245720
      245819
      245878
      245943
      246021
      246118
      246165
      246200
      246269
      246330
      246365
      246433
      246497
      246532
      246611
      246690
      246726
      246785
      246841
      246848
      246910
      246982
      247014
      247024
      247082
      247126
      247169
      247247
      247333
      247356
      247400
      247437
      247491
      247518
      247526
      247596
      247611
      247654
      247748
      247824
      247872
      247880
      247922
      248007
      248044
      248112
      248193
      248262
      248335
      248425
      248452
      248498
      248582
      248611
      248659
      248725
      248777
      248842
      248874
      248969
      248975
      248980
      249020
      249082
      249091
      249187
      249261
      249339
      249347
      249440
      249484
      249502
      249561
      249620
      249717
      249779
      249832
      249851
      249940
      249994
      250074
      250099
      250190
      250283
      250319
      250351
      250446
      250493
      250557
      250562
      250640
      250704
      250772
      250813
      250911
      250918
      251011
      251055
      251145
      251179
      251268
      251312
      251355
      251413
      251485
      251518
      251519
      251529
      251584
      251653
      251723
      251815
      251892
      251962
      251995
      252002
      252032
      252061
      252077
      252092
      252129
      252182
      252198
      252263
      252357
      252362
      252372
      252460
      252470
      252530
      252569
      252615
      252625
      252626
      252645
      252670
      252730
      252765
      252842
      252855
      252871
      252961
      253019
      253034
      253049
      253092
      253147
      253162
      253257
      253344
      253378
      253409
      253441
      253523
      253541
      253632
      253660
      253690
      253769
      253862
      253916
      254004
      254088
      254103
      254199
      254297
      254388
      254465
      254530
      254533
      254596
      254649
      254713
      254723
      254811
      254830
      254849
      254916
      254955
      254976
      255022
      255103
      255152
      255189
      255285
      255303
      255342
      255347
      255379
      255386
      255440
      255479
      255556
      255627
      255685
      255725
      255759
      255812
      255900
      255925
      255960
      256035
      256123
      256154
      256232
      256284
      256377
      256407
      256487
      256530
      256573
      256641
      256730
      256774
      256801
      256864
      256895
      256897
      256992
      256995
      257069
      257152
      257205
      257236
      257325
      257389
      257394
      257447
      257492
      257509
      257605
      257655
      257679
      257682
      257695
      257776
      257791
      257840
      257877
      257902
      257988
      258001
      258080
      258112
      258129
      258130
      258186
      258265
      258356
      258374
      258378
      258384
      258467
      258555
      258623
      258656
      258692
      258719
      258774
      258774
      258822
      258870
      258909
      258987
      259015
      259025
      259043
      259079
      259094
      259130
      259166
      259199
      259246
      259301
      259327
      259344
      259406
      259426
      259473
      259561
      259641
      259698
      259784
      259867
      259869
      259883
      259936
      260026
      260030
      260043
      260122
      260176
      260272
      260336
      260390
      260408
      260431
      260487
