          67
         100
         124
         132
         174
         209
         253
         323
         408
         484
         545
         605
         674
         730
         749
         817
         872
         917
         918
         983
        1033
        1038
        1084
        1153
        1172
        1204
        1238
        1283
        1285
        1296
        1298
        1364
        1365
        1461
        1551
        1582
        1606
        1644
        1651
        1696
        1742
        1754
        1836
        1855
        1949
        2040
        2121
        2131
        2211
        2214
        2241
        2248
        2257
        2338
        2383
        2420
        2438
        2439
        2457
        2490
        2509
        2514
        2598
        2625
        2692
        2749
        2837
        2869
        2926
        2990
        3070
        3123
        3183
        3254
        3332
        3343
        3399
        3494
        3542
        3546
        3554
        3578
        3629
        3630
        3685
        3723
        3771
        3802
        3889
        3980
