          65
         141
         186
         281
         342
         352
         401
         454
         471
         484
         578
         628
         723
         786
         823
         846
         925
         937
        1009
        1108
        1166
        1186
        1225
        1296
        1337
        1427
        1515
        1595
        1641
        1652
        1681
        1776
        1808
        1858
        1923
        1963
        2034
        2116
        2116
        2147
        2165
        2213
        2252
        2342
        2370
        2465
        2555
        2653
        2692
        2762
        2858
        2894
        2951
        2951
        3005
        3037
        3133
        3210
        3264
        3344
        3426
        3445
        3450
        3452
        3466
        3518
        3553
        3628
        3678
        3681
        3705
        3744
        3780
        3864
        3961
        3991
        4079
        4086
        4127
        4140
        4165
        4186
        4243
        4337
        4353
        4440
        4518
        4577
        4619
        4667
        4685
        4767
        4823
        4888
        4920
        4963
        5024
        5060
        5125
        5203
        5262
        5279
        5290
        5321
        5420
        5495
        5511
        5579
        5607
        5679
        5696
        5787
        5817
        5906
        5996
        6003
        6091
        6115
        6119
        6194
        6202
        6267
        6274
        6291
        6305
        6305
        6364
        6376
        6461
        6487
        6492
        6507
        6600
        6605
        6605
        6620
        6671
        6701
        6712
        6747
        6838
        6895
        6944
        7008
        7022
        7113
        7126
        7178
        7235
        7291
        7383
        7383
        7453
        7473
        7473
        7562
        7582
        7651
        7730
        7751
        7763
        7808
        7812
        7875
        7923
        7924
        7929
        7931
        7974
        7982
        8057
        8153
        8200
        8226
        8307
        8377
        8450
        8477
        8551
        8564
        8565
        8610
        8682
        8748
        8768
        8840
        8896
        8916
        8952
        9046
        9098
        9122
        9165
        9243
        9255
        9278
        9358
        9386
        9456
        9552
        9615
        9696
        9712
        9730
        9775
        9781
        9808
        9864
        9899
        9955
       10005
       10058
       10089
       10168
       10194
       10268
       10285
       10320
       10408
       10496
       10582
       10605
       10622
       10665
       10760
       10834
       10933
       10994
       11034
       11064
       11066
       11143
       11182
       11195
       11218
       11225
       11304
       11314
       11349
       11406
       11439
       11468
       11513
       11520
       11609
       11701
       11721
       11758
       11855
       11951
       12031
       12068
       12116
       12171
       12252
       12341
       12440
       12471
       12529
       12575
       12651
       12737
       12744
       12795
       12877
       12961
       13036
       13074
       13147
       13213
       13268
       13303
       13383
       13436
       13451
       13487
       13525
       13540
       13560
       13636
       13720
       13740
       13828
       13840
       13898
       13898
       13982
       14017
       14093
       14155
       14165
       14188
       14262
       14301
       14337
       14387
       14473
       14476
       14491
       14557
       14603
       14702
       14787
       14831
       14900
       14939
       14981
       15080
       15123
       15219
       15317
       15358
       15375
       15389
       15447
       15529
       15601
       15697
       15725
       15770
       15840
       15878
       15888
       15951
       16040
       16134
       16159
       16183
       16252
       16284
       16297
       16344
       16419
       16483
       16547
       16637
       16670
       16695
       16707
       16770
       16814
       16888
       16925
       16926
       17003
       17018
       17027
       17046
       17060
       17117
       17214
       17313
       17335
       17373
       17446
       17539
       17604
       17664
       17725
       17773
       17856
       17860
       17905
       17965
       18030
       18113
       18155
       18207
       18306
       18314
       18366
       18420
       18517
       18570
       18620
       18662
       18753
       18797
       18838
       18842
       18880
       18975
       18977
       19005
       19018
       19096
       19180
       19255
       19319
       19338
       19353
       19358
       19389
       19479
       19504
       19592
       19651
       19687
       19785
       19828
       19913
       20010
       20059
       20088
       20135
       20154
       20176
       20218
       20273
       20330
       20337
       20360
       20392
       20451
       20492
       20568
       20638
       20659
       20724
       20791
       20855
       20898
       20931
       20955
       21021
       21092
       21149
       21153
       21234
       21308
       21385
       21427
       21505
       21514
       21599
       21697
       21739
       21796
       21802
       21814
       21889
       21897
       21937
       21974
       21991
       22080
       22083
       22088
       22156
       22204
       22248
       22268
       22288
       22318
       22331
       22426
       22492
       22580
       22586
       22671
       22756
       22806
       22810
       22898
       22932
       22948
       23025
       23058
       23086
       23175
       23197
       23244
       23249
       23262
       23301
       23399
       23490
       23494
       23554
       23590
       23628
       23725
       23805
       23811
       23812
       23883
       23956
       23969
       24028
       24050
       24072
       24145
       24215
       24243
       24316
       24412
       24500
       24595
       24644
       24733
       24817
       24844
       24863
       24891
       24963
       25048
       25079
       25110
       25144
       25146
       25242
       25251
       25267
       25317
       25390
       25477
       25504
       25518
       25617
       25671
       25711
       25754
       25800
       25801
       25845
       25904
       25946
       25985
       26011
       26087
       26109
       26128
       26128
       26173
       26222
       26265
       26302
       26325
       26332
       26428
       26462
       26561
       26596
       26645
       26695
       26752
       26834
       26866
       26947
       26991
       27052
       27112
       27181
       27202
       27242
       27267
       27291
       27317
       27402
       27419
       27493
       27585
       27614
       27695
       27701
       27753
       27837
       27907
       27935
       27992
       28088
       28129
       28150
       28164
       28239
       28266
       28304
       28315
       28329
       28426
       28452
       28458
       28471
       28524
       28623
       28681
       28701
       28797
       28890
       28958
       29008
       29072
       29141
       29199
       29207
       29221
       29248
       29279
       29337
       29416
       29449
       29481
       29539
       29571
       29620
       29719
       29808
       29819
       29861
       29875
       29880
       29940
       30024
       30070
       30098
       30191
       30269
       30301
       30363
       30411
       30500
       30508
       30555
       30647
       30733
       30818
       30911
       30998
       31062
       31100
       31117
       31213
       31291
       31381
       31443
       31467
       31516
       31586
       31599
       31619
       31647
       31681
       31720
       31786
       31882
       31888
       31934
       32026
       32085
       32164
       32251
       32255
       32343
       32343
       32419
       32508
       32510
       32597
       32621
       32623
       32644
       32677
       32769
       32800
       32885
       32981
       33069
       33162
       33251
       33335
       33396
       33432
       33447
       33493
       33503
       33556
       33613
       33688
       33728
       33793
       33853
       33875
       33886
       33929
       33938
       33981
       34032
       34037
       34105
       34136
       34159
       34205
       34261
       34352
       34425
       34429
       34500
       34562
       34582
       34681
       34768
       34808
       34850
       34937
       35034
       35066
       35084
       35156
       35164
       35228
       35300
       35382
       35440
       35502
       35503
       35571
       35578
       35599
       35648
       35663
       35698
       35759
       35763
       35818
       35840
       35937
       35965
       36009
       36056
       36132
       36221
       36307
       36360
       36457
       36552
       36555
       36625
       36650
       36652
       36727
       36778
       36805
       36820
       36888
       36924
       36999
       37007
       37094
       37177
       37184
       37256
       37345
       37440
       37529
       37546
       37629
       37717
       37810
       37814
       37871
       37936
       38002
       38075
       38104
       38107
       38108
       38152
       38227
       38311
       38399
       38451
       38522
       38533
       38625
       38680
       38690
       38751
       38841
       38845
       38864
       38928
       38942
       38996
       39058
       39087
       39156
       39195
       39223
       39314
       39384
       39460
       39533
       39560
       39591
       39674
       39705
       39733
       39806
       39817
       39872
       39904
       39935
       39995
       39996
       40014
       40100
       40191
       40259
       40285
       40345
       40393
       40416
       40471
       40497
       40568
       40659
       40715
       40812
       40828
       40921
       41019
       41092
       41183
       41184
       41192
       41268
       41283
       41305
       41305
       41395
       41418
       41456
       41468
       41499
       41524
       41607
       41629
       41650
       41669
       41737
       41772
       41852
       41868
       41941
       41975
       42013
       42093
       42177
       42275
       42326
       42335
       42411
       42444
       42497
       42592
       42684
       42706
       42782
       42790
       42868
       42891
       42900
       42919
       42967
       42980
       43055
       43103
       43167
       43265
       43337
       43337
       43425
       43524
       43572
       43578
       43631
       43692
       43734
       43780
       43865
       43900
       43991
       44001
       44007
       44105
       44147
       44234
       44245
       44254
       44331
       44343
       44396
       44462
       44561
       44619
       44655
       44667
       44757
       44782
       44828
       44867
       44914
       44963
       45048
       45133
       45201
       45250
       45282
       45289
       45299
       45338
       45366
       45400
       45438
       45510
       45546
       45628
       45723
       45726
       45803
       45878
       45938
       45985
       46024
       46083
       46178
       46230
       46230
       46266
       46289
       46310
       46311
       46374
       46413
       46482
       46504
       46579
       46648
       46678
       46700
       46738
       46745
       46837
       46868
       46883
       46954
       46969
       46981
       47037
       47078
       47081
       47162
       47237
       47299
       47360
       47385
       47397
       47423
       47515
       47532
       47559
       47657
       47700
       47757
       47787
       47825
       47868
       47935
       47992
       48016
       48111
       48207
       48246
       48332
       48398
       48401
       48474
       48479
       48536
       48592
       48661
       48737
       48779
       48828
       48895
       48991
       49043
       49096
       49184
       49217
       49304
       49365
       49436
       49521
       49607
       49627
       49642
       49690
       49695
       49717
       49765
       49834
       49864
       49906
       49983
       50004
       50068
       50149
       50176
       50228
       50228
       50267
       50342
       50388
       50465
       50540
       50639
       50705
       50789
       50834
       50842
       50939
       50993
       51054
       51113
       51195
       51285
       51375
       51379
       51414
       51488
       51564
       51577
       51585
       51620
       51707
       51799
       51839
       51845
       51937
       51989
       52011
       52082
       52167
       52242
       52329
       52391
       52481
       52535
       52603
       52675
       52685
       52691
       52758
       52784
       52845
       52924
       53005
       53013
       53068
       53167
       53170
       53233
       53267
       53362
       53369
       53467
       53510
       53599
       53608
       53625
       53647
       53703
       53780
       53868
       53945
       53957
       53981
       54057
       54107
       54185
       54228
       54293
       54314
       54344
       54410
       54488
       54567
       54577
       54613
       54696
       54793
       54812
       54843
       54847
       54917
       54991
       55014
       55034
       55074
       55166
       55256
       55274
       55309
       55394
       55452
       55499
       55542
       55593
       55638
       55706
       55795
       55892
       55927
       55961
       55977
       56016
       56111
       56158
       56161
       56206
       56247
       56254
       56327
       56409
       56493
       56557
       56646
       56703
       56740
       56811
       56877
       56940
       56948
       56998
       57003
       57083
       57174
       57199
       57242
       57251
       57274
       57330
       57370
       57427
       57473
       57531
       57603
       57634
       57683
       57740
       57779
       57852
       57936
       58005
       58085
       58182
       58238
       58308
       58333
       58333
       58382
       58453
       58456
       58491
       58516
       58597
       58634
       58687
       58763
       58783
       58814
       58866
       58952
       59013
       59075
       59093
       59132
       59176
       59263
       59299
       59320
       59363
       59373
       59408
       59500
       59556
       59611
       59660
       59691
       59741
       59832
       59865
       59918
       59921
       59988
       60079
       60081
       60107
       60176
       60235
       60305
       60388
       60480
       60493
       60527
       60609
       60614
       60643
       60658
       60692
       60776
       60790
       60847
       60938
       61009
       61045
       61131
       61169
       61222
       61295
       61345
       61403
       61450
       61510
       61542
       61544
       61604
       61675
       61696
       61723
       61783
       61880
       61971
       62036
       62121
       62199
       62286
       62366
       62455
       62493
       62544
       62551
       62577
       62639
       62643
       62692
       62742
       62778
       62819
       62853
       62861
       62943
       62953
       62991
       63013
       63074
       63105
       63156
       63198
       63297
       63301
       63400
       63484
       63486
       63499
       63499
       63598
       63684
       63757
       63854
       63917
       63985
       64015
       64019
       64064
       64128
       64218
       64279
       64292
       64372
       64413
       64439
       64528
       64567
       64607
       64625
       64663
       64761
       64763
       64822
       64853
       64870
       64871
       64948
       64975
       65048
       65062
       65133
       65208
       65224
       65294
       65393
       65428
       65513
       65573
       65602
       65664
       65684
       65769
       65854
       65921
       65944
       66041
       66080
       66128
       66168
       66186
       66188
       66244
       66282
       66302
       66360
       66360
       66381
       66437
       66459
       66467
       66562
       66652
       66673
       66769
       66789
       66796
       66826
       66910
       66995
       67043
       67094
       67181
       67208
       67268
       67327
       67369
       67382
       67452
       67550
       67562
       67586
       67651
       67722
       67773
       67794
       67865
       67872
       67971
       67999
       68057
       68064
       68091
       68184
       68274
       68357
       68412
       68453
       68483
       68486
       68530
       68628
       68682
       68739
       68745
       68776
       68782
       68853
       68895
       68919
       68921
       68941
       68966
       69043
       69087
       69105
       69193
       69231
       69287
       69317
       69333
       69420
       69468
       69486
       69568
       69585
       69613
       69662
       69731
       69781
       69847
       69858
       69899
       69949
       70035
       70054
       70122
       70186
       70274
       70299
       70317
       70386
       70395
       70442
       70446
       70484
       70497
       70520
       70558
       70580
       70669
       70703
       70789
       70818
       70852
       70898
       70956
       70988
       71060
       71112
       71193
       71277
       71318
       71411
       71472
       71518
       71599
       71656
       71678
       71718
       71813
       71856
       71906
       71961
       71976
       72051
       72065
       72141
       72163
       72260
       72337
       72433
       72469
       72506
       72532
       72583
       72613
       72667
       72721
       72802
       72858
       72938
       73018
       73088
       73159
       73246
       73337
       73402
       73465
       73489
       73505
       73553
       73617
       73700
       73727
       73731
       73743
       73840
       73884
       73895
       73914
       73991
       74043
       74063
       74093
       74170
       74249
       74318
       74384
       74457
       74474
       74565
       74573
       74635
       74655
       74663
       74685
       74755
       74778
       74802
       74864
       74925
       74941
       75029
       75115
       75206
       75237
       75254
       75285
       75365
       75405
       75436
       75486
       75571
       75658
       75690
       75743
       75814
       75840
       75868
       75872
       75946
       76039
       76120
       76172
       76211
       76240
       76325
       76363
       76458
       76556
       76603
       76655
       76668
       76728
       76789
       76874
       76912
       76917
       76942
       76959
       76971
       77023
       77034
       77100
       77195
       77259
       77338
       77361
       77458
       77499
       77539
       77590
       77663
       77670
       77703
       77766
       77865
       77955
       78012
       78024
       78122
       78127
       78195
       78214
       78274
       78329
       78417
       78471
       78473
       78537
       78570
       78658
       78746
       78779
       78784
       78862
       78882
       78931
       78946
       79020
       79100
       79164
       79182
       79269
       79343
       79418
       79509
       79557
       79604
       79610
       79648
       79733
       79758
       79787
       79817
       79903
       79944
       79957
       79995
       80018
       80035
       80064
       80088
       80138
       80191
       80241
       80250
       80274
       80316
       80323
       80358
       80453
       80476
       80519
       80553
       80555
       80594
       80640
       80703
       80798
       80857
       80880
       80901
       80936
       80956
       80969
       81024
       81033
       81123
       81206
       81245
       81336
       81424
       81506
       81511
       81609
       81676
       81738
       81760
       81772
       81807
       81856
       81947
       82016
       82031
       82036
       82063
       82121
       82215
       82314
       82327
       82361
       82416
       82451
       82538
       82556
       82645
       82713
       82722
       82771
       82774
       82778
       82847
       82864
       82949
       82962
       82967
       82971
       83004
       83072
       83078
       83103
       83199
       83292
       83319
       83375
       83389
       83445
       83449
       83537
       83585
       83598
       83632
       83672
       83673
       83729
       83787
       83847
       83921
       83932
       84012
       84020
       84106
       84173
       84267
       84339
       84403
       84453
       84456
       84485
       84490
       84522
       84532
       84537
       84552
       84576
       84652
       84742
       84794
       84849
       84915
       84927
       85007
       85091
       85154
       85222
       85298
       85382
       85453
       85491
       85516
       85547
       85585
       85590
       85602
       85649
       85737
       85797
       85855
       85911
       85937
       85976
       86062
       86096
       86154
       86176
       86267
       86362
       86387
       86415
       86430
       86515
       86592
       86654
       86731
       86819
       86852
       86869
       86871
       86941
       86955
       86960
       86978
       87067
       87088
       87162
       87261
       87306
       87351
       87364
       87461
       87503
       87554
       87580
       87662
       87713
       87758
       87783
       87788
       87837
       87934
       88026
       88087
       88101
       88177
       88197
       88214
       88224
       88253
       88294
       88327
       88420
       88444
       88486
       88574
       88657
       88739
       88828
       88904
       88934
       89002
       89075
       89132
       89214
       89291
       89347
       89371
       89440
       89466
       89565
       89618
       89706
       89798
       89859
       89943
       89953
       89957
       90051
       90115
       90173
       90249
       90293
       90379
       90469
       90562
       90653
       90740
       90827
       90913
       90977
       90993
       91082
       91121
       91145
       91145
       91223
       91292
       91345
       91356
       91412
       91445
       91474
       91493
       91527
       91563
       91655
       91725
       91744
       91809
       91897
       91981
       92027
       92072
       92164
       92204
       92225
       92310
       92358
       92415
       92485
       92517
       92598
       92623
       92669
       92683
       92780
       92849
       92939
       92949
       92981
       93057
       93113
       93147
       93161
       93179
       93191
       93221
       93245
       93321
       93388
       93471
       93538
       93542
       93546
       93593
       93684
       93762
       93857
       93888
       93921
       94016
       94071
       94114
       94128
       94179
       94202
       94211
       94276
       94302
       94310
       94362
       94431
       94523
       94556
       94653
       94676
       94685
       94743
       94773
       94807
       94902
       94994
       95005
       95079
       95160
       95179
       95239
       95267
       95340
       95402
       95417
       95500
       95580
       95637
       95651
       95686
       95760
       95781
       95791
       95821
       95882
       95971
       95989
       96025
       96063
       96150
       96203
       96247
       96344
       96346
       96392
       96445
       96449
       96516
       96607
       96638
       96733
       96826
       96899
       96969
       97003
       97072
       97141
       97232
       97311
       97364
       97417
       97429
       97492
       97571
       97598
       97651
       97660
       97670
       97717
       97753
       97783
       97798
       97877
       97901
       97942
       97945
       97976
       97999
       98066
       98134
       98144
       98218
       98290
       98367
       98429
       98465
       98550
       98570
       98607
       98663
       98722
       98760
       98846
       98850
       98926
       98939
       99021
       99031
       99082
       99119
       99149
       99222
       99241
       99289
       99331
       99402
       99462
       99492
       99529
       99597
       99683
       99708
       99730
       99791
       99885
       99885
       99957
       99991
      100028
      100121
      100124
      100197
      100263
      100282
      100304
      100376
      100444
      100461
      100557
      100606
      100611
      100612
      100615
      100625
      100713
      100750
      100760
      100817
      100861
      100951
      101005
      101009
      101071
      101107
      101152
      101203
      101266
      101333
      101416
      101480
      101517
      101570
      101623
      101661
      101734
      101775
      101803
      101886
      101898
      101905
      101944
      101965
      102041
      102059
      102112
      102121
      102137
      102162
      102255
      102320
      102330
      102381
      102422
      102449
      102476
      102525
      102606
      102682
      102780
      102786
      102830
      102899
      102911
      102920
      102956
      103034
      103077
      103080
      103097
      103188
      103246
      103316
      103369
      103402
      103470
      103541
      103603
      103646
      103697
      103751
      103804
      103901
      103974
      104032
      104110
      104170
      104248
      104253
      104296
      104374
      104472
      104483
      104507
      104578
      104647
      104647
      104693
      104740
      104773
      104829
      104861
      104923
      105010
      105067
      105137
      105214
      105263
      105329
      105418
      105431
      105451
      105500
      105568
      105651
      105716
      105801
      105891
      105967
      106023
      106087
      106112
      106131
      106160
      106237
      106327
      106391
      106391
      106484
      106583
      106676
      106747
      106797
      106893
      106955
      107029
      107071
      107076
      107135
      107154
      107169
      107197
      107232
      107330
      107413
      107441
      107535
      107622
      107622
      107669
      107713
      107744
      107798
      107888
      107946
      107956
      108001
      108007
      108091
      108170
      108211
      108240
      108282
      108296
      108379
      108429
      108458
      108544
      108602
      108616
      108653
      108720
      108720
      108799
      108878
      108925
      108980
      108997
      109093
      109167
      109189
      109268
      109311
      109321
      109416
      109434
      109491
      109563
      109596
      109597
      109648
      109740
      109830
      109875
      109967
      110047
      110142
      110183
      110250
      110341
      110433
      110509
      110539
      110557
      110643
      110738
      110741
      110766
      110825
      110850
      110933
      111004
      111101
      111166
      111251
      111286
      111309
      111400
      111452
      111455
      111470
      111480
      111574
      111661
      111743
      111804
      111822
      111826
      111850
      111881
      111892
      111892
      111914
      111945
      111977
      112003
      112085
      112147
      112200
      112251
      112311
      112358
      112408
      112421
      112440
      112527
      112543
      112618
      112628
      112724
      112760
      112808
      112817
      112898
      112981
      113063
      113113
      113191
      113285
      113301
      113338
      113346
      113384
      113391
      113476
      113522
      113608
      113642
      113699
      113786
      113830
      113905
      114001
      114066
      114086
      114140
      114178
      114193
      114204
      114285
      114301
      114318
      114391
      114459
      114540
      114569
      114571
      114644
      114693
      114754
      114845
      114854
      114889
      114958
      115004
      115039
      115110
      115207
      115275
      115359
      115424
      115449
      115455
      115483
      115582
      115678
      115775
      115829
      115855
      115879
      115973
      115982
      115996
      116079
      116156
      116248
      116332
      116417
      116506
      116509
      116535
      116538
      116622
      116640
      116674
      116708
      116775
      116799
      116804
      116823
      116894
      116904
      116943
      117028
      117091
      117173
      117243
      117335
      117423
      117485
      117575
      117674
      117756
      117820
      117905
      117931
      117964
      117970
      118049
      118075
      118140
      118143
      118207
      118218
      118309
      118357
      118373
      118400
      118433
      118504
      118575
      118616
      118696
      118773
      118791
      118857
      118875
      118923
      118946
      118967
      119035
      119075
      119167
      119196
      119250
      119268
      119312
      119375
      119412
      119416
      119476
      119529
      119601
      119647
      119693
      119751
      119778
      119779
      119833
      119836
      119884
      119901
      119940
      120036
      120045
      120090
      120100
      120132
      120181
      120223
      120313
      120331
      120359
      120384
      120403
      120428
      120526
      120562
      120614
      120666
      120733
      120816
      120836
      120910
      120920
      120930
      120931
      120947
      120998
      121074
      121098
      121128
      121131
      121168
      121254
      121328
      121330
      121410
      121470
      121471
      121494
      121564
      121615
      121677
      121767
      121787
      121817
      121829
      121866
      121899
      121993
      122042
      122137
      122170
      122262
      122340
      122393
      122492
      122563
      122609
      122662
      122756
      122788
      122873
      122955
      123034
      123109
      123157
      123185
      123269
      123310
      123406
      123500
      123525
      123548
      123624
      123705
      123752
      123817
      123830
      123929
      123997
      124021
      124118
      124131
      124226
      124285
      124296
      124360
      124412
      124481
      124550
      124560
      124568
      124601
      124647
      124740
      124825
      124839
      124881
      124924
      124975
      125002
      125086
      125176
      125216
      125270
      125293
      125365
      125436
      125531
      125564
      125583
      125633
      125679
      125718
      125735
      125785
      125792
      125855
      125953
      126019
      126061
      126111
      126160
      126203
      126238
      126322
      126397
      126465
      126529
      126591
      126661
      126684
      126783
      126827
      126880
      126895
      126936
      127010
      127052
      127059
      127150
      127165
      127219
      127224
      127287
      127349
      127380
      127449
      127483
      127541
      127567
      127644
      127669
      127736
      127782
      127850
      127949
      128048
      128062
      128161
      128179
      128181
      128225
      128227
      128233
      128306
      128341
      128412
      128488
      128537
      128621
      128651
      128724
      128728
      128743
      128810
      128857
      128936
      128974
      129060
      129082
      129091
      129167
      129167
      129238
      129333
      129356
      129389
      129451
      129470
      129538
      129613
      129706
      129744
      129807
      129896
      129994
      130022
      130100
      130106
      130142
      130212
      130224
      130321
      130417
      130466
      130523
      130580
      130646
      130727
      130731
      130756
      130772
      130779
      130787
      130855
      130891
      130913
      130972
      131028
      131103
      131182
      131251
      131296
      131357
      131363
      131419
      131445
      131452
      131535
      131555
      131635
      131719
      131791
      131823
      131826
      131869
      131901
      131971
      132069
      132162
      132232
      132300
      132388
      132389
      132420
      132442
      132481
      132552
      132608
      132645
      132735
      132817
      132856
      132858
      132898
      132984
      133001
      133028
      133110
      133114
      133121
      133178
      133262
      133310
      133367
      133414
      133480
      133495
      133544
      133571
      133618
      133666
      133705
      133798
      133864
      133932
      133982
      134020
      134110
      134188
      134261
      134277
      134287
      134381
      134429
      134482
      134532
      134563
      134615
      134696
      134707
      134722
      134746
      134774
      134835
      134887
      134913
      134962
      135055
      135134
      135213
      135270
      135285
      135376
      135396
      135426
      135467
      135480
      135530
      135623
      135680
      135778
      135864
      135894
      135912
      135974
      135996
      136018
      136033
      136131
      136166
      136261
      136295
      136390
      136450
      136479
      136513
      136598
      136666
      136736
      136768
      136864
      136952
      137028
      137112
      137151
      137202
      137234
      137305
      137372
      137386
      137456
      137461
      137484
      137487
      137492
      137574
      137669
      137682
      137746
      137837
      137898
      137968
      138020
      138062
      138118
      138189
      138259
      138332
      138407
      138410
      138444
      138458
      138513
      138530
      138613
      138664
      138713
      138786
      138856
      138917
      138947
      139000
      139033
      139059
      139106
      139150
      139194
      139226
      139265
      139325
      139422
      139493
      139564
      139645
      139671
      139731
      139753
      139805
      139841
      139932
      139956
      140033
      140108
      140198
      140225
      140310
      140331
      140356
      140450
      140470
      140548
      140573
      140590
      140650
      140675
      140765
      140800
      140887
      140948
      140975
      141032
      141043
      141123
      141206
      141254
      141261
      141316
      141386
      141387
      141432
      141482
      141521
      141615
      141620
      141641
      141693
      141755
      141770
      141816
      141860
      141921
      141934
      142014
      142100
      142118
      142121
      142125
      142190
      142215
      142294
      142364
      142395
      142447
      142457
      142544
      142556
      142557
      142627
      142678
      142714
      142793
      142882
      142976
      142978
      143057
      143147
      143169
      143207
      143232
      143236
      143266
      143358
      143436
      143514
      143527
      143602
      143618
      143682
      143771
      143810
      143848
      143914
      143917
      143945
      143972
      143998
      144006
      144032
      144082
      144156
      144251
      144299
      144327
      144378
      144456
      144468
      144480
      144482
      144579
      144655
      144745
      144796
      144855
      144860
      144944
      144970
      145053
      145098
      145185
      145281
      145317
      145378
      145448
      145515
      145522
      145542
      145599
      145655
      145709
      145742
      145833
      145862
      145944
      146043
      146091
      146159
      146231
      146304
      146368
      146444
      146529
      146620
      146704
      146750
      146777
      146874
      146929
      146936
      147034
      147051
      147061
      147105
      147170
      147243
      147311
      147337
      147430
      147511
      147548
      147622
      147692
      147702
      147713
      147725
      147779
      147856
      147947
      148001
      148063
      148082
      148106
      148135
      148158
      148201
      148286
      148377
      148396
      148446
      148475
      148487
      148565
      148580
      148652
      148668
      148767
      148858
      148946
      149003
      149041
      149061
      149127
      149163
      149215
      149234
      149234
      149320
      149361
      149442
      149504
      149578
      149656
      149742
      149840
      149862
      149916
      149976
      150074
      150104
      150179
      150204
      150214
      150214
      150257
      150315
      150373
      150383
      150474
      150482
      150508
      150518
      150542
      150547
      150593
      150626
      150690
      150778
      150868
      150888
      150966
      151044
      151128
      151139
      151207
      151213
      151310
      151387
      151410
      151486
      151562
      151648
      151680
      151680
      151761
      151765
      151819
      151900
      151903
      151961
      151996
      152039
      152136
      152162
      152225
      152305
      152334
      152378
      152439
      152530
      152574
      152623
      152703
      152734
      152773
      152791
      152838
      152863
      152927
      152936
      153019
      153087
      153157
      153219
      153267
      153310
      153326
      153387
      153469
      153478
      153567
      153646
      153675
      153772
      153777
      153868
      153892
      153982
      154007
      154074
      154164
      154184
      154283
      154366
      154436
      154500
      154558
      154559
      154617
      154690
      154709
      154722
      154772
      154797
      154853
      154905
      154995
      155062
      155085
      155172
      155238
      155299
      155374
      155419
      155432
      155525
      155570
      155596
      155669
      155721
      155753
      155812
      155884
      155887
      155902
      155930
      156028
      156067
      156144
      156183
      156265
      156281
      156335
      156388
      156478
      156519
      156545
      156579
      156615
      156702
      156723
      156796
      156873
      156895
      156962
      157025
      157047
      157108
      157140
      157217
      157303
      157359
      157452
      157524
      157579
      157592
      157643
      157660
      157711
      157762
      157819
      157833
      157876
      157959
      158049
      158077
      158097
      158101
      158131
      158205
      158257
      158317
      158343
      158370
      158411
      158490
      158506
      158537
      158600
      158676
      158741
      158829
      158850
      158878
      158906
      158935
      159002
      159022
      159083
      159106
      159163
      159234
      159270
      159361
      159361
      159432
      159457
      159514
      159560
      159563
      159657
      159703
      159714
      159767
      159852
      159912
      159989
      160076
      160096
      160167
      160207
      160231
      160284
      160372
      160445
      160486
      160521
      160607
      160609
      160704
      160739
      160789
      160878
      160939
      160955
      160970
      161068
      161096
      161115
      161164
      161194
      161274
      161307
      161370
      161370
      161453
      161493
      161585
      161656
      161706
      161736
      161769
      161778
      161829
      161884
      161893
      161896
      161994
      162049
      162095
      162194
      162232
      162326
      162381
      162427
      162457
      162497
      162596
      162675
      162735
      162774
      162815
      162822
      162897
      162914
      162979
      162989
      163083
      163112
      163137
      163201
      163207
      163243
      163272
      163292
      163374
      163431
      163465
      163506
      163583
      163639
      163697
      163719
      163752
      163757
      163836
      163851
      163902
      163905
      164002
      164065
      164072
      164119
      164127
      164136
      164176
      164229
      164237
      164281
      164346
      164428
      164524
      164579
      164590
      164682
      164775
      164784
      164881
      164944
      164970
      165069
      165107
      165204
      165227
      165287
      165309
      165379
      165388
      165455
      165519
      165521
      165568
      165587
      165629
      165688
      165734
      165742
      165792
      165794
      165865
      165915
      165963
      166038
      166095
      166107
      166170
      166225
      166259
      166321
      166413
      166466
      166475
      166487
      166535
      166541
      166559
      166605
      166632
      166687
      166713
      166743
      166763
      166784
      166812
      166901
      166935
      166941
      166981
      167002
      167047
      167054
      167097
      167143
      167235
      167282
      167359
      167428
      167436
      167522
      167594
      167637
      167725
      167736
      167822
      167831
      167878
      167886
      167973
      167995
      168037
      168115
      168212
      168253
      168313
      168314
      168386
      168446
      168493
      168590
      168620
      168663
      168721
      168801
      168835
      168856
      168912
      168924
      168939
      168944
      169039
      169125
      169157
      169217
      169285
      169328
      169409
      169470
      169568
      169587
      169608
      169658
      169717
      169725
      169824
      169918
      169954
      170030
      170063
      170129
      170169
      170173
      170251
      170331
      170337
      170392
      170482
      170580
      170647
      170678
      170718
      170814
      170873
      170910
      170973
      171049
      171107
      171108
      171118
      171180
      171241
      171336
      171389
      171446
      171465
      171521
      171550
      171574
      171593
      171627
      171682
      171684
      171782
      171796
      171879
      171924
      171982
      171992
      172066
      172091
      172163
      172229
      172319
      172375
      172426
      172516
      172568
      172661
      172662
      172743
      172837
      172929
      172968
      173026
      173071
      173114
      173200
      173292
      173362
      173435
      173467
      173509
      173519
      173614
      173628
      173630
      173681
      173724
      173757
      173800
      173865
      173938
      174023
      174100
      174101
      174161
      174183
      174254
      174317
      174328
      174398
      174417
      174455
      174477
      174523
      174607
      174652
      174665
      174764
      174773
      174800
      174889
      174895
      174963
      175019
      175099
      175166
      175216
      175298
      175346
      175370
      175392
      175483
      175494
      175546
      175595
      175642
      175710
      175746
      175752
      175827
      175839
      175937
      175950
      175985
      176061
      176126
      176144
      176180
      176250
      176322
      176341
      176360
      176374
      176427
      176445
      176538
      176555
      176629
      176648
      176709
      176731
      176782
      176858
      176918
      176971
      177026
      177109
      177151
      177208
      177254
      177349
      177361
      177368
      177400
      177494
      177513
      177559
      177625
      177701
      177751
      177764
      177843
      177896
      177970
      178064
      178083
      178166
      178232
      178255
      178291
      178304
      178340
      178374
      178405
      178501
      178599
      178626
      178701
      178717
      178788
      178847
      178913
      178962
      178980
      178998
      179040
      179063
      179138
      179204
      179224
      179239
      179312
      179367
      179374
      179467
      179481
      179487
      179506
      179517
      179615
      179616
      179643
      179655
      179729
      179794
      179885
      179939
      179999
      180004
      180034
      180091
      180187
      180272
      180350
      180396
      180419
      180476
      180544
      180629
      180712
      180789
      180804
      180899
      180940
      180970
      181025
      181098
      181098
      181113
      181209
      181256
      181285
      181309
      181338
      181412
      181420
      181469
      181545
      181606
      181646
      181713
      181742
      181757
      181834
      181894
      181904
      181921
      181946
      181965
      182048
      182051
      182115
      182160
      182167
      182244
      182278
      182319
      182335
      182342
      182389
      182472
      182524
      182570
      182651
      182686
      182737
      182748
      182811
      182853
      182917
      182980
      183008
      183043
      183117
      183117
      183143
      183196
      183277
      183325
      183339
      183404
      183480
      183481
      183544
      183587
      183598
      183621
      183649
      183690
      183705
      183739
      183828
      183926
      183941
      184013
      184037
      184044
      184122
      184147
      184175
      184210
      184217
      184250
      184304
      184379
      184431
      184510
      184560
      184567
      184583
      184664
      184763
      184791
      184875
      184897
      184915
      184941
      185000
      185044
      185055
      185139
      185152
      185195
      185226
      185272
      185329
      185399
      185498
      185594
      185631
      185642
      185649
      185739
      185778
      185875
      185898
      185944
      185962
      185989
      186031
      186090
      186121
      186128
      186152
      186158
      186201
      186255
      186330
      186376
      186427
      186458
      186496
      186515
      186573
      186646
      186663
      186696
      186717
      186772
      186807
      186903
      186939
      186995
      187051
      187108
      187186
      187267
      187300
      187391
      187483
      187516
      187607
      187665
      187705
      187773
      187852
      187892
      187902
      187966
      188042
      188044
      188140
      188151
      188215
      188311
      188351
      188431
      188481
      188526
      188559
      188609
      188671
      188769
      188809
      188824
      188877
      188942
      189038
      189104
      189179
      189266
      189320
      189366
      189391
      189449
      189482
      189576
      189608
      189677
      189731
      189756
      189817
      189888
      189934
      189949
      189987
      190008
      190040
      190102
      190119
      190189
      190264
      190317
      190386
      190446
      190540
      190590
      190660
      190750
      190802
      190882
      190953
      190954
      191004
      191063
      191097
      191160
      191247
      191292
      191301
      191366
      191423
      191472
      191547
      191549
      191561
      191565
      191626
      191704
      191731
      191749
      191785
      191861
      191936
      191992
      192058
      192082
      192087
      192179
      192179
      192240
      192282
      192371
      192438
      192508
      192559
      192598
      192676
      192715
      192756
      192840
      192924
      192957
      193048
      193051
      193051
      193139
      193223
      193280
      193353
      193411
      193427
      193476
      193497
      193582
      193599
      193626
      193696
      193755
      193762
      193775
      193810
      193868
      193903
      193985
      194020
      194059
      194066
      194160
      194252
      194294
      194386
      194431
      194458
      194472
      194477
      194555
      194556
      194575
      194650
      194713
      194803
      194831
      194908
      194997
      195064
      195131
      195206
      195295
      195328
      195421
      195493
      195514
      195571
      195647
      195713
      195806
      195848
      195910
      195968
      196014
      196021
      196104
      196135
      196171
      196245
      196272
      196278
      196368
      196388
      196447
      196499
      196542
      196598
      196624
      196656
      196687
      196759
      196761
      196818
      196833
      196841
      196861
      196916
      196978
      197026
      197045
      197070
      197089
      197129
      197177
      197183
      197183
      197184
      197187
      197190
      197215
      197304
      197365
      197410
      197481
      197527
      197545
      197551
      197592
      197624
      197661
      197690
      197761
      197831
      197907
      197951
      197966
      198058
      198066
      198096
      198099
      198170
      198188
      198286
      198313
      198314
      198323
      198371
      198401
      198500
      198577
      198607
      198662
      198676
      198700
      198796
      198871
      198942
      198976
      199075
      199106
      199177
      199239
      199302
      199389
      199480
      199490
      199521
      199524
      199577
      199587
      199686
      199707
      199803
      199823
      199855
      199888
      199946
      200010
      200095
      200185
      200227
      200230
      200259
      200326
      200383
      200461
      200479
      200482
      200493
      200572
      200645
      200655
      200727
      200769
      200816
      200872
      200966
      200971
      201003
      201089
      201177
      201227
      201291
      201329
      201350
      201394
      201430
      201473
      201513
      201541
      201639
      201674
      201758
      201805
      201819
      201890
      201912
      201915
      201939
      201949
      201960
      201989
      202013
      202021
      202072
      202077
      202155
      202188
      202263
      202302
      202350
      202394
      202488
      202570
      202607
      202673
      202764
      202839
      202916
      202944
      202968
      202968
      203059
      203059
      203156
      203180
      203239
      203241
      203311
      203394
      203476
      203573
      203608
      203694
      203711
      203808
      203846
      203916
      203916
      203978
      204067
      204086
      204182
      204243
      204282
      204372
      204383
      204440
      204493
      204580
      204638
      204712
      204780
      204820
      204826
      204885
      204977
      205047
      205131
      205229
      205271
      205295
      205391
      205479
      205489
      205519
      205614
      205658
      205741
      205774
      205813
      205904
      205981
      206064
      206112
      206174
      206271
      206271
      206298
      206393
      206460
      206553
      206569
      206580
      206678
      206706
      206805
      206904
      206952
      207027
      207070
      207097
      207186
      207250
      207256
      207270
      207325
      207331
      207354
      207398
      207431
      207491
      207577
      207603
      207610
      207657
      207700
      207714
      207794
      207816
      207835
      207847
      207920
      207940
      207969
      207989
      208046
      208109
      208112
      208131
      208185
      208279
      208291
      208381
      208433
      208475
      208536
      208628
      208719
      208813
      208820
      208870
      208909
      208949
      209040
      209052
      209067
      209114
      209120
      209142
      209157
      209158
      209200
      209208
      209229
      209245
      209289
      209353
      209377
      209424
      209442
      209484
      209493
      209576
      209675
      209691
      209717
      209782
      209808
      209850
      209893
      209983
      210046
      210047
      210114
      210187
      210230
      210296
      210387
      210450
      210458
      210492
      210492
      210499
      210565
      210650
      210670
      210720
      210759
      210765
      210791
      210795
      210803
      210831
      210891
      210927
      211016
      211016
      211043
      211107
      211127
      211203
      211256
      211345
      211441
      211519
      211573
      211588
      211660
      211683
      211769
      211808
      211812
      211854
      211932
      211955
      211964
      212063
      212136
      212183
      212248
      212310
      212385
      212462
      212555
      212649
      212678
      212708
      212758
      212848
      212933
      213005
      213062
      213135
      213159
      213234
      213242
      213341
      213428
      213470
      213483
      213506
      213549
      213556
      213570
      213649
      213652
      213670
      213728
      213752
      213769
      213795
      213803
      213900
      213931
      213993
      214029
      214062
      214112
      214154
      214184
      214239
      214253
      214327
      214384
      214407
      214441
      214466
      214539
      214559
      214572
      214629
      214709
      214787
      214787
      214873
      214932
      214976
      214986
      215080
      215088
      215136
      215222
      215222
      215297
      215372
      215428
      215461
      215474
      215560
      215567
      215633
      215663
      215744
      215758
      215814
      215868
      215877
      215878
      215915
      215959
      216052
      216119
      216122
      216144
      216174
      216235
      216313
      216412
      216490
      216533
      216537
      216587
      216675
      216699
      216726
      216757
      216835
      216901
      216912
      216998
      217052
      217134
      217173
      217229
      217290
      217339
      217367
      217414
      217435
      217498
      217564
      217661
      217704
      217735
      217805
      217895
      217944
      217999
      218079
      218135
      218165
      218212
      218309
      218346
      218359
      218360
      218368
      218461
      218535
      218562
      218654
      218741
      218796
      218885
      218893
      218906
      218918
      218944
      219025
      219113
      219158
      219161
      219236
      219314
      219327
      219407
      219437
      219444
      219526
      219619
      219663
      219715
      219745
      219759
      219791
      219854
      219922
      219928
      219949
      219987
      220030
      220044
      220095
      220182
      220188
      220254
      220292
      220322
      220388
      220438
      220497
      220568
      220605
      220678
      220718
      220802
      220901
      220916
      220975
      221003
      221058
      221137
      221210
      221265
      221353
      221371
      221464
      221551
      221581
      221590
      221655
      221753
      221807
      221834
      221861
      221867
      221936
      221970
      221977
      222073
      222093
      222150
      222203
      222224
      222226
      222305
      222327
      222423
      222428
      222468
      222496
      222557
      222626
      222718
      222742
      222752
      222809
      222874
      222898
      222923
      222939
      222959
      222986
      223057
      223116
      223164
      223172
      223261
      223307
      223308
      223397
      223490
      223546
      223645
      223734
      223778
      223847
      223929
      223986
      224077
      224169
      224255
      224338
      224395
      224414
      224447
      224477
      224515
      224596
      224673
      224684
      224709
      224717
      224730
      224772
      224805
      224851
      224857
      224926
      224953
      224975
      225065
      225150
      225174
      225210
      225304
      225399
      225413
      225478
      225569
      225609
      225628
      225662
      225734
      225830
      225843
      225893
      225933
      226027
      226051
      226129
      226210
      226265
      226296
      226317
      226322
      226326
      226391
      226408
      226445
      226528
      226601
      226680
      226749
      226787
      226790
      226852
      226911
      226914
      226967
      227060
      227114
      227160
      227213
      227218
      227253
      227280
      227295
      227363
      227449
      227514
      227594
      227633
      227683
      227694
      227782
      227878
      227967
      227982
      227990
      228017
      228085
      228172
      228229
      228287
      228378
      228424
      228424
      228480
      228541
      228630
      228655
      228662
      228688
      228771
      228785
      228788
      228873
      228930
      228962
      229004
      229087
      229113
      229180
      229183
      229186
      229195
      229265
      229284
      229371
      229424
      229523
      229578
      229617
      229701
      229711
      229713
      229756
      229758
      229813
      229897
      229941
      229986
      230003
      230008
      230078
      230088
      230116
      230188
      230201
      230240
      230324
      230372
      230468
      230468
      230528
      230536
      230635
      230643
      230648
      230745
      230754
      230826
      230910
      231003
      231016
      231076
      231078
      231132
      231202
      231295
      231329
      231362
      231446
      231480
      231481
      231578
      231649
      231736
      231766
      231859
      231889
      231954
      232051
      232051
      232134
      232138
      232199
      232242
      232321
      232358
      232360
      232415
      232460
      232466
      232504
      232588
      232672
      232713
      232714
      232735
      232772
      232839
      232922
      233010
      233016
      233032
      233082
      233092
      233160
      233235
      233283
      233353
      233386
      233391
      233409
      233437
      233492
      233568
      233645
      233730
      233737
      233754
      233768
      233866
      233951
      234019
      234118
      234125
      234148
      234158
      234166
      234207
      234258
      234268
      234353
      234435
      234447
      234479
      234543
      234641
      234711
      234804
      234866
      234884
      234896
      234916
      234976
      235030
      235052
      235087
      235152
      235204
      235237
      235335
      235384
      235443
      235491
      235536
      235599
      235682
      235726
      235825
      235839
      235903
      235907
      235977
      236042
      236083
      236143
      236179
      236229
      236240
      236267
      236294
      236334
      236382
      236396
      236495
      236574
      236634
      236713
      236772
      236781
      236862
      236870
      236899
      236926
      236963
      237051
      237122
      237145
      237162
      237222
      237258
      237344
      237354
      237420
      237428
      237487
      237510
      237511
      237597
      237651
      237680
      237715
      237795
      237889
      237908
      237926
      237997
      238093
      238160
      238216
      238307
      238402
      238475
      238481
      238547
      238630
      238704
      238720
      238766
      238775
      238850
      238941
      239009
      239034
      239057
      239156
      239245
      239344
      239388
      239410
      239411
      239433
      239440
      239512
      239599
      239621
      239651
      239667
      239700
      239749
      239808
      239906
      239978
      240041
      240050
      240123
      240192
      240222
      240266
      240325
      240361
      240421
      240450
      240506
      240506
      240527
      240604
      240694
      240736
      240834
      240843
      240894
      240934
      241028
      241042
      241101
      241174
      241270
      241334
      241405
      241470
      241550
      241639
      241734
      241775
      241825
      241840
      241848
      241865
      241866
      241930
      242008
      242057
      242101
      242152
      242246
      242323
      242364
      242365
      242383
      242393
      242437
      242523
      242580
      242666
      242732
      242802
      242813
      242892
      242894
      242906
      242937
      242970
      243005
      243067
      243076
      243172
      243251
      243279
      243349
      243371
      243417
      243436
      243456
      243481
      243518
      243533
      243627
      243718
      243735
      243776
      243859
      243916
      243964
      244050
      244095
      244161
      244231
      244240
      244253
      244317
      244336
      244355
      244376
      244446
      244522
      244537
      244579
      244622
      244640
      244703
      244738
      244752
      244831
      244924
      244981
      245000
      245029
      245085
      245129
      245154
      245161
      245215
      245237
      245263
      245288
      245338
      245353
      245429
      245507
      245550
      245631
      245659
      245676
      245758
      245797
      245817
      245884
      245898
      245938
      246001
      246011
      246013
      246034
      246090
      246174
      246264
      246294
      246296
      246330
      246351
      246362
      246410
      246423
      246434
      246527
      246534
      246621
      246713
      246750
      246803
      246805
      246872
      246905
      246971
      247001
      247085
      247181
      247242
      247266
      247308
      247353
      247379
      247458
      247467
      247525
      247527
      247601
      247611
      247612
      247643
      247682
      247721
      247728
      247733
      247815
      247914
      247928
      247931
      247970
      248038
      248112
      248113
      248148
      248215
      248258
      248319
      248371
      248388
      248400
      248438
      248489
      248571
      248571
      248583
      248650
      248690
      248769
      248858
      248861
      248865
      248926
      248955
      248955
      249026
      249111
      249130
      249173
      249198
      249294
      249386
      249404
      249452
      249500
      249583
      249674
      249682
      249744
      249801
      249894
      249978
      250007
      250076
      250138
      250188
      250243
      250288
      250366
      250385
      250483
      250503
      250569
      250654
      250730
      250822
      250857
      250952
      250955
      250998
      251082
      251176
      251263
      251335
      251352
      251370
      251408
      251447
      251465
      251467
      251566
      251646
      251732
      251751
      251764
      251852
      251935
      252027
      252073
      252154
      252195
      252201
      252296
      252347
      252348
      252392
      252463
      252555
      252601
      252699
      252707
      252761
      252802
      252872
      252914
      252973
      253006
      253103
      253132
      253201
      253229
      253314
      253341
      253397
      253416
      253469
      253545
      253552
      253651
      253702
      253774
      253803
      253859
      253894
      253967
      254014
      254038
      254096
      254194
      254223
      254302
      254336
      254368
      254410
      254504
      254601
      254673
      254728
      254787
      254805
      254879
      254973
      255006
      255016
      255073
      255108
      255203
      255233
      255245
      255310
      255409
      255463
      255559
      255632
      255727
      255805
      255870
      255916
      255968
      256003
      256076
      256153
      256234
      256269
      256307
      256307
      256365
      256432
      256497
      256512
      256576
      256603
      256655
      256735
      256826
      256857
      256906
      256935
      256968
      257044
      257080
      257163
      257190
      257273
      257274
      257309
      257342
      257396
      257484
      257565
      257657
      257698
      257748
      257844
      257882
      257902
      257943
      257963
      258038
      258066
      258090
      258146
      258216
      258236
      258258
      258284
      258346
      258403
      258469
      258502
      258560
      258610
      258668
      258762
      258774
      258824
      258848
      258877
      258975
      259016
      259066
      259106
      259161
      259222
      259312
      259404
      259467
      259475
      259524
      259549
      259559
      259604
      259624
      259663
      259664
      259715
      259806
      259832
      259869
      259926
      259960
      260010
      260064
      260141
      260162
      260217
      260277
      260340
      260402
      260436
      260497
      260546
      260567
      260641
      260723
      260763
      260810
      260882
      260918
      260943
      261024
      261079
      261085
      261109
      261131
      261180
      261231
      261294
      261377
      261451
      261542
      261592
      261640
      261642
      261666
      261763
      261847
      261944
      262026
      262115
      262157
      262167
      262250
      262260
      262279
      262364
      262426
      262440
      262497
      262498
      262526
      262545
      262605
      262701
      262706
      262746
      262781
      262865
      262909
      262973
      263054
      263072
      263080
      263129
      263181
      263274
      263286
      263310
      263386
      263445
      263541
      263589
      263662
      263675
      263695
      263718
      263803
      263855
      263866
      263912
      263913
      263986
      264077
      264112
      264161
      264256
      264315
      264366
      264401
      264419
      264425
      264439
      264445
      264521
      264581
      264597
      264689
      264699
      264779
      264851
      264897
      264988
      265079
      265097
      265150
      265235
      265249
      265322
      265415
      265427
      265434
      265513
      265562
      265602
      265608
      265654
      265711
      265809
      265834
      265885
      265975
      266030
      266083
      266091
      266137
      266198
      266293
      266305
      266347
      266425
      266458
      266527
      266547
      266598
      266638
      266735
      266763
      266813
      266885
      266981
      267027
      267085
      267094
      267119
      267190
      267208
      267299
      267353
      267392
      267402
      267402
      267455
      267508
      267520
      267520
      267534
      267568
      267574
      267657
      267734
      267806
      267878
      267885
      267932
      267933
      267991
      268032
      268101
      268181
      268238
      268307
      268363
      268435
      268472
      268490
      268513
      268547
      268623
      268649
      268712
      268731
      268781
      268827
      268867
      268892
      268974
      269039
      269118
      269178
      269257
      269335
      269406
      269491
      269588
      269671
      269708
      269717
      269783
      269856
      269950
      270034
      270080
      270164
      270223
      270271
      270317
      270399
      270399
      270471
      270549
      270585
      270659
      270666
      270728
      270814
      270861
      270911
      270963
      270985
      271040
      271054
      271105
      271126
      271206
      271260
      271350
      271371
      271452
      271511
      271583
      271603
      271691
      271790
      271802
      271889
      271926
      271978
      272008
      272053
      272114
      272156
      272165
      272223
      272315
      272392
      272484
      272573
      272671
      272676
      272714
      272732
      272753
      272837
      272883
      272923
      273017
      273100
      273199
      273205
      273225
      273225
      273323
      273366
      273396
      273492
      273505
      273577
      273620
      273655
      273703
      273752
      273840
      273843
      273940
      273985
      274035
      274129
      274174
      274183
      274200
      274268
      274287
      274360
      274414
      274457
      274458
      274485
      274570
      274644
      274669
      274698
      274737
      274822
      274866
      274954
      274987
      275063
      275160
      275248
      275316
      275370
      275429
      275463
      275547
      275639
      275697
      275714
      275807
      275878
      275921
      276012
      276031
      276110
      276206
      276246
      276344
      276421
      276423
      276518
      276604
      276619
      276628
      276684
      276697
      276714
      276770
      276862
      276895
      276903
      277000
      277086
      277100
      277128
      277206
      277219
      277248
      277334
      277362
      277430
      277508
      277553
      277638
      277701
      277764
      277820
      277840
      277908
      277974
      277990
      278021
      278099
      278175
      278252
      278334
      278428
      278521
      278576
      278628
      278665
      278726
      278747
      278769
      278810
      278887
      278981
      279056
      279056
      279094
      279145
      279187
      279197
      279219
      279220
      279279
      279334
      279353
      279450
      279496
      279557
      279584
      279663
      279684
      279686
      279739
      279740
      279760
      279786
      279812
      279872
      279894
      279930
      279998
      280032
      280088
      280167
      280179
      280243
      280329
      280414
      280429
      280458
      280534
      280557
      280639
      280640
      280738
      280739
      280790
      280833
      280918
      280934
      281004
      281096
      281116
      281215
      281226
      281314
      281328
      281372
      281378
      281453
      281515
      281519
      281617
      281628
      281719
      281773
      281858
      281937
      281981
      282007
      282047
      282075
      282087
      282147
      282199
      282265
      282322
      282336
      282342
      282431
      282490
      282589
      282615
      282641
      282683
      282766
      282791
      282832
      282930
      283015
      283087
      283111
      283138
      283160
      283176
      283232
      283250
      283317
      283370
      283436
      283459
      283478
      283506
      283592
      283596
      283623
      283677
      283761
      283850
      283934
      283986
      284075
      284122
      284128
      284179
      284275
      284357
      284380
      284410
      284474
      284545
      284585
      284642
      284707
      284779
      284808
      284878
      284964
      284987
      285016
      285024
      285123
      285141
      285210
      285266
      285276
      285329
      285336
      285425
      285456
      285545
      285549
      285644
      285707
      285790
      285873
      285932
      286026
      286032
      286083
      286129
      286179
      286219
      286270
      286347
      286431
      286528
      286619
      286711
      286781
      286865
      286955
      286988
      287081
      287102
      287123
      287141
      287170
      287196
      287240
      287328
      287417
      287461
      287557
      287644
      287695
      287698
      287703
      287796
      287803
      287885
      287952
      287958
      288057
      288093
      288143
      288181
      288260
      288269
      288362
      288447
      288476
      288519
      288538
      288551
      288553
      288624
      288640
      288687
      288729
      288742
      288803
      288881
      288971
      289060
      289118
      289200
      289231
      289329
      289388
      289485
      289511
      289593
      289618
      289710
      289756
      289777
      289871
      289926
      290001
      290016
      290115
      290180
      290209
      290226
      290300
      290312
      290338
      290392
      290439
      290528
      290560
      290596
      290672
      290769
      290788
      290796
      290857
      290878
      290972
      291007
      291027
      291073
      291165
      291171
      291247
      291334
      291412
      291412
      291423
      291459
      291540
      291578
      291636
      291715
      291754
      291821
      291907
      291943
      291969
      292062
      292137
      292189
      292204
      292254
      292307
      292350
      292370
      292453
      292500
      292572
      292657
      292703
      292764
      292846
      292937
      292997
      293079
      293120
      293171
      293249
      293326
      293416
      293469
      293471
      293522
      293605
      293650
      293747
      293833
      293891
      293929
      293949
      294044
      294141
      294200
      294238
      294335
      294359
      294376
      294407
      294485
      294522
      294522
      294526
      294575
      294582
      294654
      294751
      294781
      294819
      294907
      294956
      294985
      294990
      295011
      295044
      295128
      295159
      295180
      295264
      295309
      295319
      295401
      295489
      295518
      295604
      295617
      295631
      295699
      295762
      295791
      295805
      295833
      295871
      295873
      295890
      295954
      296036
      296083
      296091
      296165
      296222
      296311
      296316
      296321
      296370
      296448
      296459
      296532
      296544
      296642
      296684
      296739
      296811
      296870
      296914
      296955
      297050
      297145
      297210
      297297
      297322
      297408
      297484
      297487
      297581
      297666
      297761
      297791
      297878
      297942
      298008
      298077
      298160
      298234
      298286
      298370
      298457
      298541
      298581
      298616
      298709
      298741
      298831
      298893
      298925
      298976
      299020
      299076
      299100
      299140
      299192
      299193
      299252
      299320
      299342
      299424
      299499
      299549
      299570
      299593
      299607
      299636
      299669
      299757
      299827
      299839
      299845
      299882
      299909
      300006
      300056
      300139
      300234
      300264
      300340
      300371
      300421
      300503
      300570
      300652
      300694
      300734
      300774
      300780
      300815
      300823
      300894
      300961
      300972
      301013
      301047
      301074
      301168
      301236
      301284
      301329
      301393
      301440
      301514
      301570
      301650
      301701
      301797
      301817
      301824
      301843
      301914
      301925
      301976
      302048
      302049
      302097
      302132
      302152
      302221
      302257
      302296
      302320
      302337
      302392
      302447
      302485
      302549
      302562
      302568
      302617
      302689
      302711
      302805
      302896
      302963
      302999
      303062
      303133
      303199
      303252
      303349
      303373
      303469
      303503
      303513
      303535
      303602
      303650
      303671
      303768
      303864
      303899
      303976
      303985
      304045
      304058
      304126
      304210
      304250
      304292
      304388
      304455
      304488
      304553
      304598
      304678
      304685
      304721
      304818
      304823
      304837
      304927
      304927
      304964
      304964
      305058
      305065
      305089
      305158
      305251
      305303
      305326
      305415
      305453
      305495
      305502
      305522
      305586
      305600
      305646
      305698
      305725
      305740
      305743
      305762
      305815
      305834
      305928
      305963
      305967
      306050
      306100
      306125
      306136
      306164
      306256
      306300
      306386
      306402
      306419
      306458
      306474
      306487
      306540
      306603
      306623
      306685
      306712
      306739
      306794
      306816
      306892
      306925
      306986
      307080
      307142
      307236
      307290
      307335
      307393
      307436
      307534
      307613
      307655
      307678
      307772
      307805
      307805
      307877
      307889
      307943
      307944
      307988
      308086
      308094
      308164
      308206
      308269
      308352
      308421
      308449
      308483
      308506
      308550
      308578
      308664
      308749
      308780
      308781
      308876
      308876
      308944
      309003
      309089
      309103
      309162
      309220
      309292
      309322
      309404
      309480
      309485
      309489
      309496
      309592
      309610
      309702
      309771
      309837
      309887
      309919
      309990
      310074
      310156
      310231
      310240
      310294
      310340
      310377
      310399
      310496
      310513
      310517
      310599
      310628
      310652
      310705
      310751
      310778
      310847
      310940
      310958
      310993
      311068
      311114
      311124
      311195
      311217
      311223
      311271
      311363
      311389
      311440
      311475
      311517
      311554
      311652
      311727
      311755
      311827
      311871
      311932
      311993
      312082
      312171
      312255
      312281
      312318
      312368
      312463
      312498
      312595
      312649
      312685
      312701
      312771
      312795
      312798
      312846
      312918
      312974
      313036
      313059
      313078
      313087
      313180
      313265
      313353
      313399
      313436
      313462
      313479
      313539
      313583
      313599
      313663
      313720
      313793
      313832
      313899
      313946
      313974
      314055
      314120
      314188
      314270
      314352
      314421
      314441
      314446
      314543
      314620
      314712
      314715
      314798
      314872
      314922
      314928
      314949
      314961
      315044
      315048
      315105
      315175
      315186
      315277
      315350
      315426
      315481
      315498
      315534
      315558
      315633
      315696
      315765
      315767
      315837
      315837
      315871
      315899
      315993
      316063
      316147
      316230
      316239
      316319
      316336
      316418
      316505
      316592
      316598
      316611
      316692
      316784
      316856
      316880
      316973
      317045
      317088
      317111
      317169
      317205
      317295
      317349
      317446
      317461
      317470
      317472
      317561
      317618
      317695
      317786
      317792
      317843
      317856
      317933
      317998
      318094
      318112
      318142
