          65
          91
         135
         200
         238
         322
         338
         428
         469
         502
         560
         626
         673
         742
         743
         773
         787
         822
         895
         938
        1022
        1105
        1203
        1231
        1282
        1366
        1401
        1415
        1449
        1524
        1567
        1639
        1672
        1714
        1790
        1803
        1860
        1948
        2025
        2094
        2095
        2168
        2211
        2242
        2302
        2335
        2416
        2445
        2528
        2582
        2626
        2709
        2723
        2742
        2788
        2836
        2874
        2969
        3036
        3065
        3073
        3094
        3119
        3131
        3185
        3231
        3264
        3270
        3300
        3378
        3414
        3510
        3510
        3595
        3662
        3671
        3695
        3748
        3786
        3802
        3849
        3946
        4030
        4099
        4196
        4212
        4307
        4396
        4454
        4525
        4613
        4636
        4662
        4713
        4804
        4812
        4812
        4898
        4927
        4968
        5019
        5098
        5165
        5225
        5309
        5349
        5365
        5389
        5446
        5526
        5586
        5672
        5705
        5759
        5849
        5874
        5898
        5938
        5997
        6058
        6113
        6164
        6225
        6299
        6337
        6352
        6427
        6444
        6465
        6487
        6543
        6622
        6691
        6787
        6813
        6866
        6948
        6991
        7080
        7151
        7156
        7192
        7240
        7303
        7348
        7362
        7419
        7495
        7520
        7596
        7628
        7698
        7726
        7751
        7793
        7833
        7916
        7978
        8050
        8134
        8141
        8173
        8185
        8252
        8302
        8346
        8433
        8477
        8479
        8480
        8522
        8603
        8672
        8757
        8834
        8925
        8961
        9040
        9072
        9145
        9162
        9171
        9209
        9216
        9248
        9259
        9355
        9389
        9440
        9441
        9522
        9548
        9564
        9636
        9702
        9774
        9816
        9818
        9852
        9943
        9943
        9971
       10028
       10036
       10121
       10139
       10140
       10221
       10314
       10399
       10438
       10507
       10549
       10554
       10617
       10630
       10703
       10749
       10816
       10887
       10979
       11058
       11115
       11124
       11153
       11232
       11259
       11314
       11410
       11435
       11466
       11545
       11635
       11718
       11731
       11763
       11810
       11861
       11868
       11896
       11927
       12017
       12019
       12107
       12129
       12134
       12232
       12285
       12375
       12450
       12452
       12539
       12584
       12659
       12707
       12770
       12781
       12826
       12888
       12947
       13035
       13059
       13103
       13167
       13210
       13237
       13317
       13397
       13403
       13479
       13496
       13570
       13599
       13604
       13629
       13677
       13713
       13753
       13828
       13920
       14001
       14071
       14159
       14181
       14199
       14283
       14374
       14374
       14451
       14452
       14492
       14513
       14577
       14647
       14660
       14677
       14729
       14747
       14784
       14870
       14882
       14952
       14980
       15019
       15065
       15093
       15164
       15167
       15236
       15302
       15398
       15483
       15536
       15550
       15606
       15670
       15692
       15774
       15853
       15860
       15861
       15907
       15933
       15995
       16022
       16108
       16144
       16215
       16246
       16269
       16351
       16434
       16479
       16560
       16598
       16658
       16718
       16786
       16865
       16955
       16985
       17071
       17138
       17139
       17166
       17257
       17324
       17338
       17346
       17407
       17459
       17525
       17535
       17561
       17630
       17665
       17670
       17735
       17743
       17780
       17849
       17884
       17963
       17980
       18008
       18094
       18110
       18154
       18203
       18225
       18244
       18293
       18303
       18359
       18450
       18512
       18534
       18604
       18633
       18687
       18719
       18797
       18884
       18938
       19019
       19076
       19165
       19172
       19186
       19228
       19314
       19411
       19480
       19572
       19591
       19604
       19650
       19672
       19678
       19748
       19774
       19868
       19947
       20013
       20089
       20116
       20167
       20265
       20350
       20386
       20485
       20559
       20645
       20718
       20788
       20841
       20900
       20935
       21027
       21077
       21132
       21156
       21233
       21324
       21396
       21473
       21556
       21566
       21636
       21655
       21720
       21743
       21747
       21792
       21861
       21862
       21910
       21939
       21939
       21940
       22000
       22065
       22102
       22128
       22193
       22242
       22290
       22312
       22334
       22399
       22486
       22541
       22638
       22650
       22703
       22737
       22742
       22833
       22881
       22947
       22987
       23009
       23027
       23055
       23147
       23245
       23343
       23382
       23464
       23505
       23578
       23677
       23749
       23808
       23830
       23831
       23863
       23928
       23935
       23955
       23983
       24071
       24145
       24235
       24316
       24410
       24433
       24530
       24550
       24631
       24712
       24802
       24819
       24906
       24922
       24989
       25008
       25101
       25106
       25195
       25222
       25260
       25350
       25400
       25494
       25584
       25607
       25669
       25746
       25821
       25882
       25903
       25958
       25982
       26019
       26072
       26091
       26140
       26177
       26198
       26279
       26344
       26412
       26464
       26545
       26624
       26705
       26725
       26820
       26857
       26882
       26952
       27023
       27090
       27146
       27159
       27187
       27285
       27290
       27295
       27332
       27344
       27405
       27441
       27476
       27518
       27520
       27581
       27660
       27661
       27729
       27730
       27731
       27819
       27892
       27982
       28019
       28084
       28144
       28199
       28210
       28215
       28297
       28308
       28320
       28356
       28374
       28377
       28385
       28409
       28416
       28432
       28436
       28509
       28607
       28644
       28684
       28747
       28819
       28871
       28899
       28966
       28980
       28983
       29007
       29027
       29112
       29162
       29256
       29328
       29336
       29381
       29480
       29560
       29592
       29595
       29648
       29717
       29767
       29784
       29786
       29853
       29864
       29912
       29966
       30060
       30084
       30111
       30183
       30231
       30287
       30367
       30445
       30467
       30558
       30560
       30622
       30685
       30764
       30764
       30770
       30850
       30947
       30999
       31055
       31076
       31076
       31146
       31237
       31242
       31337
       31391
       31476
       31485
       31517
       31539
       31619
       31669
       31700
       31784
       31868
       31908
       31927
       31937
       31968
       31995
       32031
       32054
       32069
       32114
       32144
       32177
       32199
       32232
       32242
       32284
       32332
       32365
       32456
       32512
       32606
       32668
       32714
       32791
       32815
       32829
       32865
       32916
       32986
       33044
       33066
       33096
       33190
       33288
       33303
       33397
       33400
       33445
       33543
       33588
       33588
       33591
       33650
       33704
       33726
       33753
       33827
       33827
       33910
       33920
       34018
       34117
       34126
       34189
       34279
       34291
       34362
       34400
       34413
       34496
       34591
       34630
       34725
       34743
       34838
       34872
       34951
       34998
       35012
       35104
       35182
       35240
       35282
       35339
       35437
       35502
       35545
       35580
       35593
       35643
       35649
       35675
       35768
       35848
       35863
       35909
       35960
       36004
       36064
       36151
       36194
       36212
       36284
       36369
       36437
       36483
       36501
       36502
       36514
       36520
       36586
       36600
       36619
       36707
       36768
       36821
       36898
       36925
       36986
       37060
       37087
       37170
       37251
       37318
       37332
       37389
       37444
       37491
       37522
       37614
       37668
       37747
       37784
       37807
       37844
       37881
       37890
       37934
       38014
       38104
       38114
       38169
       38229
       38289
       38290
       38379
       38410
       38456
       38539
       38608
       38681
       38719
       38802
       38864
       38905
       39004
       39084
       39084
       39138
       39234
       39325
       39346
       39416
       39491
       39558
       39645
       39741
       39840
       39840
       39933
       39942
       40031
       40063
       40107
       40142
       40187
       40231
       40260
       40309
       40385
       40465
       40489
       40518
       40527
       40618
       40662
       40666
       40735
       40791
       40800
       40803
       40899
       40955
       41002
       41080
       41143
       41217
       41275
       41328
       41378
       41455
       41455
       41527
       41626
       41646
       41693
       41720
       41727
       41805
       41889
       41904
       41963
       42021
       42096
       42114
       42122
       42183
       42259
       42316
       42334
       42341
       42367
       42393
       42401
       42408
       42476
       42511
       42555
       42581
       42614
       42632
       42696
       42721
       42745
       42754
       42799
       42849
       42887
       42979
       43023
       43117
       43149
       43241
       43248
       43335
       43397
       43433
       43513
       43594
       43651
       43660
       43714
       43807
       43894
       43922
       43952
       43998
       44085
       44144
       44155
       44171
       44205
       44288
       44331
       44373
       44386
       44448
       44473
       44560
       44644
       44710
       44803
       44870
       44900
       44919
       44925
       44972
       45063
       45134
       45166
       45193
       45248
       45283
       45298
       45341
       45382
       45408
       45422
       45462
       45538
       45616
       45700
       45762
       45860
       45931
       45947
       46014
       46086
       46097
       46132
       46171
       46225
       46317
       46401
       46419
       46466
       46558
       46619
       46636
       46721
       46769
       46827
       46827
       46842
       46910
       46910
       47002
       47079
       47156
       47204
       47223
       47282
       47322
       47364
       47415
       47437
       47481
       47534
       47622
       47684
       47699
       47726
       47793
       47857
       47902
       47923
       48022
       48061
       48063
       48147
       48166
       48231
       48231
       48309
       48325
       48375
       48434
       48527
       48558
       48574
       48628
       48674
       48676
       48700
       48707
       48795
       48797
       48862
       48868
       48898
       48935
       48973
       49072
       49153
       49191
       49250
       49336
       49394
       49400
       49461
       49482
       49578
       49664
       49725
       49813
       49844
       49916
       49983
       50074
       50124
       50155
       50244
       50326
       50422
       50500
       50580
       50660
       50665
       50737
       50828
       50912
       50915
       50969
       50982
       51069
       51153
       51206
       51236
       51289
       51303
       51324
       51353
       51358
       51365
       51464
       51478
       51523
       51535
       51549
       51556
       51619
       51678
       51751
       51825
       51840
       51938
       51949
       51965
       52042
       52120
       52149
       52206
       52223
       52235
       52266
       52349
       52444
       52447
       52540
       52555
       52562
       52565
       52650
       52721
       52809
       52879
       52966
       53006
       53093
       53121
       53137
       53215
       53256
       53291
       53349
       53356
       53433
       53452
       53465
       53522
       53620
       53629
       53690
       53723
       53775
       53798
       53810
       53867
       53870
       53890
       53982
       54073
       54083
       54127
       54218
       54297
       54369
       54386
       54431
       54440
       54481
       54505
       54560
       54639
       54695
       54695
       54726
       54807
       54898
       54932
       54958
       55016
       55081
       55170
       55238
       55330
       55398
       55492
       55551
       55577
       55586
       55631
       55653
       55677
       55759
       55825
       55842
       55843
       55933
       55979
       56064
       56143
       56152
       56243
       56269
       56366
       56377
       56463
       56520
       56616
       56655
       56694
       56766
       56767
       56852
       56938
       56980
       57070
       57101
       57197
       57208
       57228
       57314
       57320
       57413
       57450
       57543
       57545
       57598
       57604
       57614
       57713
       57770
       57837
       57848
       57875
       57915
       57937
       58011
       58045
       58076
       58083
       58111
       58136
       58171
       58177
       58267
       58335
       58406
       58427
       58434
       58437
       58494
       58499
       58568
       58624
       58682
       58727
       58748
       58845
       58889
       58944
       58986
       59068
       59093
       59177
       59245
       59344
       59428
       59523
       59611
       59641
       59668
       59711
       59756
       59785
       59839
       59886
       59906
       59979
       60065
       60119
       60181
       60250
       60299
       60351
       60401
       60498
       60578
       60598
       60603
       60640
       60724
       60795
       60856
       60901
       60940
       60967
       60992
       61044
       61112
       61159
       61181
       61205
       61273
       61317
       61389
       61469
       61567
       61584
       61626
       61628
       61708
       61756
       61830
       61907
       61977
       62041
       62096
       62168
       62208
       62286
       62296
       62354
       62371
       62458
       62461
       62536
       62556
       62597
       62623
       62708
       62724
       62736
       62800
       62834
       62847
       62940
       63032
       63130
       63184
       63191
       63221
       63265
       63336
       63342
       63394
       63396
       63447
       63528
       63613
       63701
       63704
       63778
       63864
       63931
       63962
       64009
       64049
       64129
       64196
       64265
       64340
       64429
       64467
       64563
       64584
       64642
       64712
       64774
       64863
       64906
       64992
       65036
       65106
       65183
       65246
       65282
       65303
       65347
       65402
       65406
       65462
       65499
       65593
       65622
       65654
       65709
       65766
       65804
       65818
       65832
       65918
       65981
       66072
       66090
       66177
       66246
       66307
       66375
       66442
       66469
       66489
       66493
       66532
       66549
       66636
       66645
       66686
       66697
       66749
       66796
       66882
       66921
       67002
       67074
       67076
       67157
       67234
       67270
       67330
       67409
       67497
       67561
       67575
       67638
       67646
       67724
       67754
       67758
       67762
       67762
       67836
       67882
       67882
       67904
       67994
       68076
       68170
       68178
       68227
       68281
       68285
       68299
       68321
       68379
       68457
       68539
       68564
       68655
       68713
       68783
       68838
       68927
       68956
       69037
       69081
       69130
       69164
       69253
       69278
       69356
       69425
       69437
       69476
       69486
       69560
       69602
       69610
       69625
       69674
       69716
       69783
       69799
       69824
       69832
       69881
       69959
       70031
       70062
       70069
       70135
       70139
       70155
       70244
       70295
       70372
       70389
       70448
       70481
       70483
       70558
       70639
       70711
       70733
       70782
       70788
       70792
       70821
       70857
       70878
       70915
       70942
       71015
       71113
       71182
       71191
       71230
       71274
       71322
       71385
       71400
       71423
       71487
       71518
       71561
       71597
       71617
       71690
       71745
       71816
       71900
       71994
       72018
       72106
       72121
       72216
       72262
       72319
       72353
       72424
       72465
       72484
       72539
       72602
       72667
       72760
       72822
       72903
       72967
       73003
       73006
       73035
       73046
       73137
       73141
       73160
       73212
       73234
       73268
       73326
       73413
       73464
       73482
       73559
       73612
       73686
       73712
       73712
       73742
       73768
       73858
       73891
       73943
       73978
       74065
       74084
       74089
       74183
       74228
       74238
       74326
       74389
       74439
       74483
       74552
       74571
       74577
       74674
       74711
       74723
       74808
       74827
       74863
       74867
       74873
       74889
       74931
       75004
       75080
       75090
       75171
       75193
       75237
       75263
       75310
       75393
       75419
       75492
       75496
       75568
       75624
       75700
       75769
       75808
       75830
       75909
       75939
       75956
       75970
       76040
       76050
       76126
       76145
       76205
       76224
       76229
       76260
       76295
       76388
       76406
       76432
       76489
       76583
       76614
       76680
       76692
       76748
       76780
       76800
       76871
       76963
       77040
       77087
       77145
       77196
       77285
       77355
       77422
       77471
       77565
       77609
       77663
       77733
       77792
       77796
       77871
       77926
       77960
       77974
       78065
       78116
       78130
       78205
       78293
       78383
       78439
       78474
       78550
       78631
       78697
       78699
       78768
       78837
       78893
       78905
       78915
       78925
       78980
       79053
       79147
       79224
       79244
       79329
       79405
       79499
       79504
       79568
       79637
       79643
       79741
       79765
       79835
       79933
       79975
       79985
       80019
       80081
       80146
       80218
       80312
       80375
       80462
       80505
       80562
       80568
       80664
       80719
       80768
       80857
       80954
       80972
       81001
       81046
       81109
       81124
       81128
       81190
       81280
       81302
       81323
       81396
       81454
       81499
       81540
       81570
       81623
       81634
       81724
       81735
       81813
       81896
       81936
       81937
       82001
       82091
       82097
       82167
       82255
       82263
       82274
       82328
       82365
       82371
       82449
       82488
       82516
       82558
       82583
       82643
       82717
       82781
       82803
       82829
       82846
       82881
       82957
       82963
       82974
       83018
       83078
       83109
       83145
       83206
       83269
       83335
       83349
       83426
       83463
       83498
       83583
       83675
       83684
       83714
       83734
       83749
       83781
       83824
       83828
       83907
       83999
       84073
       84114
       84184
       84272
       84273
       84299
       84312
       84398
       84423
       84519
       84603
       84689
       84703
       84788
       84818
       84823
       84834
       84872
       84884
       84954
       85007
       85037
       85118
       85204
       85278
       85339
       85431
       85525
       85580
       85650
       85714
       85781
       85784
       85787
       85853
       85878
       85887
       85905
       86004
       86090
       86176
       86237
       86281
       86291
       86310
       86359
       86374
       86428
       86524
       86545
       86595
       86687
       86756
       86831
       86862
       86942
       87007
       87055
       87120
       87192
       87259
       87282
       87375
       87456
       87509
       87592
       87620
       87662
       87724
       87800
       87851
       87869
       87884
       87918
       87941
       87972
       88015
       88051
       88116
       88126
       88156
       88245
       88318
       88333
       88424
       88468
       88545
       88621
       88648
       88683
       88777
       88860
       88926
       89000
       89026
       89042
       89139
       89172
       89216
       89297
       89373
       89395
       89399
       89417
       89455
       89490
       89550
       89632
       89670
       89698
       89723
       89791
       89826
       89826
       89909
       89919
       90010
       90081
       90148
       90214
       90295
       90325
       90332
       90398
       90462
       90480
       90566
       90632
       90681
       90777
       90804
       90830
       90880
       90953
       91024
       91024
       91094
       91111
       91152
       91206
       91282
       91318
       91408
       91424
       91503
       91564
       91632
       91717
       91788
       91812
       91855
       91943
       92041
       92046
       92105
       92201
       92278
       92334
       92366
       92406
       92439
       92459
       92522
       92579
       92631
       92647
       92656
       92674
       92676
       92695
       92732
       92785
       92824
       92894
       92905
       92962
       93046
       93110
       93176
       93264
       93311
       93344
       93382
       93437
       93483
       93540
       93597
       93665
       93725
       93798
       93825
       93906
       93976
       94011
       94105
       94198
       94253
       94279
       94370
       94391
       94484
       94497
       94536
       94601
       94616
       94709
       94796
       94870
       94885
       94964
       95014
       95110
       95194
       95253
       95343
       95348
       95376
       95446
       95485
       95574
       95600
       95606
       95699
       95762
       95773
       95871
       95948
       96043
       96058
       96088
       96152
       96190
       96235
       96285
       96352
       96357
       96418
       96475
       96570
       96641
       96686
       96699
       96796
       96832
       96907
       96934
       96949
       97001
       97063
       97094
       97128
       97133
       97186
       97264
       97283
       97337
       97378
       97477
       97551
       97621
       97621
       97717
       97735
       97824
       97908
       97986
       97999
       98078
       98139
       98145
       98187
       98230
       98322
       98384
       98403
       98432
       98506
       98546
       98587
       98614
       98707
       98771
       98819
       98892
       98970
       99060
       99128
       99167
       99170
       99215
       99215
       99267
       99358
       99435
       99450
       99507
       99597
       99671
       99717
       99765
       99779
       99800
       99830
       99881
       99957
       99968
       99985
      100004
      100015
      100113
      100179
      100219
      100226
      100303
      100379
      100383
      100449
      100504
      100552
      100611
      100614
      100698
      100786
      100817
      100891
      100952
      100961
      100999
      101025
      101111
      101153
      101251
      101280
      101326
      101363
      101411
      101464
      101537
      101546
      101606
      101631
      101640
      101678
      101762
      101764
      101770
      101834
      101926
      102018
      102036
      102089
      102094
      102177
      102192
      102239
      102242
      102303
      102324
      102350
      102416
      102427
      102476
      102561
      102596
      102631
      102717
      102759
      102797
      102885
      102978
      103059
      103125
      103219
      103317
      103413
      103416
      103428
      103468
      103479
      103488
      103587
      103610
      103666
      103706
      103713
      103798
      103875
      103906
      103951
      104001
      104055
      104150
      104181
      104255
      104327
      104376
      104455
      104480
      104537
      104616
      104683
      104745
      104843
      104918
      104951
      104986
      104992
      105061
      105083
      105155
      105229
      105307
      105363
      105432
      105529
      105549
      105586
      105682
      105721
      105780
      105859
      105874
      105896
      105967
      105980
      106043
      106081
      106117
      106165
      106238
      106272
      106327
      106417
      106443
      106528
      106561
      106594
      106660
      106671
      106684
      106719
      106756
      106833
      106882
      106888
      106925
      106947
      107009
      107076
      107083
      107132
      107166
      107219
      107253
      107278
      107295
      107371
      107387
      107421
      107510
      107571
      107639
      107677
      107679
      107687
      107763
      107777
      107821
      107912
      108000
      108064
      108146
      108240
      108262
      108355
      108441
      108521
      108545
      108635
      108695
      108718
      108739
      108800
      108894
      108943
      108954
      109040
      109097
      109169
      109175
      109244
      109317
      109412
      109414
      109501
      109527
      109527
      109597
      109645
      109663
      109686
      109693
      109777
      109808
      109870
      109952
      110000
      110040
      110047
      110051
      110098
      110175
      110222
      110279
      110365
      110377
      110466
      110517
      110525
      110530
      110532
      110541
      110554
      110578
      110630
      110638
      110677
      110714
      110770
      110858
      110904
      110909
      111007
      111093
      111101
      111180
      111266
      111306
      111345
      111357
      111364
      111388
      111417
      111470
      111494
      111558
      111591
      111648
      111665
      111724
      111815
      111886
      111955
      112026
      112103
      112189
      112257
      112325
      112344
      112411
      112491
      112563
      112563
      112569
      112577
      112593
      112686
      112767
      112825
      112842
      112844
      112929
      113019
      113070
      113125
      113184
      113196
      113199
      113295
      113367
      113429
      113447
      113494
      113580
      113604
      113644
      113712
      113788
      113799
      113832
      113896
      113973
      113998
      114058
      114127
      114183
      114203
      114298
      114325
      114411
      114419
      114516
      114550
      114571
      114629
      114657
      114714
      114801
      114869
      114952
      114957
      115045
      115105
      115170
      115236
      115290
      115351
      115449
      115495
      115551
      115621
      115716
      115762
      115831
      115927
      116015
      116024
      116095
      116177
      116178
      116245
      116319
      116360
      116378
      116448
      116515
      116551
      116599
      116604
      116630
      116646
      116671
      116705
      116733
      116749
      116759
      116818
      116893
      116970
      117038
      117074
      117082
      117088
      117093
      117110
      117147
      117163
      117190
      117288
      117313
      117354
      117380
      117410
      117415
      117512
      117544
      117556
      117578
      117583
      117671
      117702
      117705
      117746
      117760
      117826
      117833
      117880
      117944
      117944
      117997
      118038
      118135
      118165
      118253
      118296
      118331
      118398
      118478
      118519
      118578
      118641
      118665
      118731
      118791
      118880
      118930
      118956
      118963
      119055
      119119
      119196
      119237
      119306
      119363
      119425
      119470
      119483
      119532
      119576
      119619
      119669
      119750
      119826
      119834
      119846
      119902
      119927
      119965
      120016
      120070
      120070
      120146
      120165
      120241
      120304
      120318
      120383
      120461
      120463
      120485
      120563
      120652
      120715
      120757
      120808
      120834
      120872
      120914
      121005
      121064
      121142
      121227
      121256
      121286
      121300
      121330
      121341
      121401
      121413
      121507
      121525
      121545
      121624
      121677
      121774
      121787
      121793
      121825
      121829
      121854
      121902
      121969
      122056
      122082
      122100
      122121
      122200
      122214
      122251
      122273
      122302
      122394
      122471
      122493
      122518
      122535
      122619
      122663
      122696
      122784
      122784
      122814
      122896
      122987
      123001
      123035
      123133
      123227
      123307
      123344
      123438
      123529
      123552
      123594
      123692
      123741
      123827
      123923
      123962
      124030
      124033
      124084
      124106
      124177
      124256
      124284
      124309
      124332
      124335
      124396
      124453
      124484
      124501
      124544
      124587
      124686
      124729
      124750
      124846
      124862
      124885
      124896
      124980
      125012
      125020
      125072
      125151
      125198
      125209
      125250
      125299
      125397
      125481
      125492
      125495
      125575
      125596
      125652
      125728
      125777
      125818
      125881
      125967
      126001
      126081
      126171
      126263
      126290
      126354
      126400
      126474
      126570
      126584
      126650
      126695
      126719
      126780
      126812
      126840
      126925
      126996
      127038
      127098
      127121
      127202
      127239
      127259
      127289
      127305
      127312
      127379
      127439
      127505
      127546
      127624
      127679
      127717
      127814
      127822
      127860
      127887
      127912
      128001
      128007
      128075
      128167
      128230
      128327
      128341
      128367
      128427
      128433
      128478
      128493
      128557
      128635
      128648
      128741
      128782
      128788
      128869
      128952
      129033
      129082
      129135
      129184
      129188
      129281
      129368
      129420
      129433
      129499
      129525
      129608
      129699
      129721
      129784
      129877
      129884
      129890
      129969
      130007
      130021
      130055
      130076
      130127
      130191
      130198
      130246
      130334
      130398
      130404
      130437
      130449
      130488
      130489
      130507
      130602
      130667
      130765
      130813
      130821
      130845
      130932
      130936
      131032
      131110
      131111
      131125
      131209
      131247
      131287
      131338
      131434
      131494
      131548
      131614
      131702
      131732
      131830
      131854
      131887
      131914
      131943
      132040
      132086
      132159
      132247
      132269
      132323
      132384
      132401
      132432
      132503
      132581
      132631
      132728
      132795
      132893
      132918
      132926
      132994
      133015
      133032
      133109
      133134
      133198
      133282
      133296
      133339
      133397
      133418
      133443
      133443
      133542
      133586
      133599
      133658
      133723
      133761
      133777
      133818
      133892
      133915
      133987
      134029
      134100
      134116
      134168
      134260
      134287
      134315
      134380
      134473
      134529
      134566
      134617
      134618
      134698
      134793
      134807
      134887
      134898
      134993
      135005
      135088
      135153
      135158
      135186
      135277
      135357
      135393
      135420
      135430
      135445
      135514
      135588
      135591
      135636
      135661
      135671
      135708
      135739
      135742
      135770
      135771
      135823
      135874
      135878
      135910
      135945
      136005
      136045
      136102
      136184
      136237
      136250
      136285
      136359
      136438
      136537
      136580
      136664
      136667
      136722
      136771
      136804
      136855
      136859
      136958
      137052
      137143
      137230
      137249
      137348
      137425
      137445
      137455
      137541
      137589
      137621
      137661
      137688
      137767
      137773
      137800
      137898
      137973
      138059
      138087
      138101
      138129
      138154
      138162
      138166
      138202
      138286
      138301
      138352
      138437
      138452
      138463
      138550
      138580
      138619
      138631
      138653
      138738
      138832
      138846
      138891
      138911
      138930
      138960
      139057
      139136
      139140
      139161
      139234
      139239
      139303
      139323
      139421
      139453
      139503
      139508
      139543
      139616
      139659
      139676
      139739
      139787
      139788
      139839
      139894
      139930
      139995
      140064
      140109
      140204
      140258
      140269
      140322
      140341
      140350
      140401
      140431
      140487
      140513
      140558
      140574
      140643
      140716
      140721
      140813
      140832
      140876
      140964
      141049
      141084
      141142
      141165
      141213
      141217
      141298
      141363
      141428
      141483
      141538
      141603
      141660
      141735
      141781
      141877
      141930
      141998
      142024
      142099
      142123
      142147
      142177
      142231
      142254
      142262
      142300
      142332
      142389
      142409
      142481
      142532
      142564
      142585
      142676
      142679
      142708
      142758
      142822
      142867
      142945
      143027
      143077
      143084
      143087
      143119
      143215
      143224
      143321
      143373
      143390
      143451
      143462
      143482
      143533
      143561
      143657
      143676
      143712
      143744
      143767
      143848
      143880
      143948
      143962
      144001
      144051
      144062
      144098
      144164
      144242
      144330
      144358
      144380
      144474
      144502
      144513
      144609
      144693
      144716
      144805
      144844
      144943
      144949
      144955
      144982
      144986
      145041
      145084
      145097
      145146
      145146
      145146
      145228
      145253
      145352
      145449
      145469
      145510
      145553
      145630
      145712
      145797
      145820
      145890
      145957
      145985
      146074
      146105
      146195
      146266
      146307
      146322
      146347
      146446
      146449
      146462
      146505
      146552
      146606
      146678
      146687
      146701
      146772
      146840
      146846
      146916
      146996
      147052
      147132
      147188
      147273
      147306
      147331
      147367
      147371
      147457
      147556
      147648
      147718
      147817
      147842
      147929
      147980
      148056
      148125
      148211
      148228
      148324
      148380
      148478
      148550
      148626
      148697
      148705
      148791
      148795
      148826
      148917
      148950
      148997
      149017
      149114
      149133
      149149
      149241
      149287
      149379
      149466
      149548
      149583
      149659
      149702
      149719
      149748
      149775
      149823
      149886
      149937
      149970
      150047
      150050
      150076
      150101
      150122
      150123
      150173
      150220
      150245
      150327
      150336
      150365
      150383
      150447
      150519
      150533
      150625
      150711
      150781
      150792
      150849
      150904
      150921
      151016
      151110
      151138
      151155
      151168
      151219
      151297
      151387
      151446
      151463
      151487
      151542
      151584
      151599
      151623
      151642
      151680
      151755
      151794
      151868
      151940
      151992
      152057
      152084
      152181
      152239
      152266
      152308
      152308
      152338
      152378
      152448
      152513
      152569
      152617
      152676
      152694
      152766
      152849
      152935
      152977
      153047
      153133
      153172
      153227
      153237
      153292
      153299
      153356
      153378
      153400
      153426
      153505
      153582
      153664
      153714
      153753
      153843
      153927
      153977
      154069
      154103
      154164
      154176
      154241
      154321
      154385
      154409
      154444
      154525
      154594
      154643
      154651
      154658
      154701
      154724
      154752
      154793
      154887
      154948
      154969
      155005
      155031
      155075
      155088
      155126
      155202
      155251
      155345
      155444
      155537
      155550
      155618
      155708
      155767
      155783
      155853
      155906
      155931
      155988
      156068
      156090
      156140
      156169
      156241
      156271
      156341
      156423
      156465
      156520
      156546
      156613
      156662
      156695
      156750
      156820
      156838
      156885
      156915
      156945
      157038
      157089
      157092
      157154
      157217
      157272
      157312
      157410
      157505
      157565
      157620
      157682
      157697
      157783
      157792
      157886
      157949
      157968
      157984
      157988
      158061
      158066
      158077
      158146
      158161
      158180
      158268
      158367
      158465
      158537
      158555
      158624
      158660
      158705
      158762
      158827
      158912
      158947
      158983
      159071
      159081
      159120
      159214
      159227
      159310
      159380
      159468
      159555
      159561
      159602
      159657
      159681
      159734
      159821
      159910
      159924
      160019
      160024
      160043
      160043
      160122
      160137
      160214
      160219
      160225
      160300
      160326
      160384
      160413
      160479
      160559
      160636
      160724
      160766
      160803
      160841
      160857
      160942
      160982
      161003
      161013
      161083
      161154
      161214
      161237
      161286
      161312
      161355
      161409
      161437
      161536
      161626
      161721
      161743
      161820
      161886
      161905
      161945
      161975
      162005
      162077
      162102
      162154
      162242
      162302
      162382
      162403
      162424
      162476
      162507
      162551
      162643
      162716
      162797
      162831
      162920
      162951
      162965
      162974
      162985
      162988
      163041
      163140
      163236
      163325
      163424
      163480
      163561
      163601
      163682
      163685
      163777
      163855
      163951
      163951
      164046
      164115
      164210
      164234
      164326
      164349
      164389
      164440
      164468
      164503
      164597
      164660
      164704
      164790
      164833
      164903
      164954
      165035
      165111
      165140
      165206
      165240
      165312
      165389
      165431
      165497
      165516
      165516
      165539
      165614
      165661
      165730
      165788
      165792
      165822
      165913
      165939
      166015
      166112
      166128
      166166
      166208
      166291
      166380
      166407
      166420
      166426
      166443
      166453
      166509
      166557
      166558
      166630
      166681
      166741
      166795
      166804
      166829
      166904
      167003
      167008
      167096
      167143
      167144
      167201
      167284
      167377
      167443
      167529
      167601
      167658
      167662
      167695
      167696
      167732
      167745
      167828
      167876
      167928
      167990
      167994
      168089
      168142
      168240
      168310
      168392
      168421
      168490
      168546
      168599
      168602
      168628
      168716
      168803
      168900
      168974
      169027
      169041
      169101
      169148
      169214
      169260
      169317
      169356
      169450
      169530
      169620
      169715
      169739
      169784
      169834
      169916
      169921
      169941
      169984
      170069
      170076
      170175
      170184
      170274
      170337
      170390
      170423
      170467
      170544
      170549
      170562
      170611
      170662
      170689
      170744
      170797
      170804
      170861
      170915
      170965
      171038
      171134
      171218
      171302
      171358
      171397
      171413
      171431
      171530
      171624
      171691
      171769
      171799
      171885
      171965
      172059
      172068
      172107
      172186
      172210
      172227
      172269
      172310
      172356
      172424
      172473
      172558
      172619
      172668
      172750
      172838
      172916
      172983
      173034
      173111
      173165
      173263
      173350
      173421
      173428
      173442
      173476
      173483
      173530
      173538
      173576
      173579
      173595
      173625
      173721
      173771
      173813
      173874
      173876
      173965
      173965
      173989
      174084
      174117
      174195
      174263
      174312
      174393
      174427
      174441
      174457
      174499
      174523
      174554
      174649
      174732
      174813
      174823
      174869
      174884
      174914
      174987
      175013
      175021
      175038
      175128
      175145
      175150
      175202
      175229
      175254
      175292
      175312
      175338
      175426
      175433
      175481
      175524
      175532
      175607
      175700
      175793
      175853
      175931
      175935
      175980
      175982
      175989
      176085
      176142
      176152
      176160
      176177
      176184
      176207
      176249
      176315
      176380
      176400
      176427
      176500
      176546
      176614
      176615
      176661
      176729
      176731
      176758
      176826
      176849
      176873
      176958
      177010
      177058
      177072
      177072
      177079
      177082
      177166
      177227
      177241
      177254
      177320
      177362
      177417
      177440
      177508
      177512
      177587
      177622
      177643
      177728
      177774
      177824
      177824
      177914
      177942
      177972
      178065
      178164
      178200
      178235
      178299
      178351
      178432
      178502
      178578
      178659
      178661
      178665
      178728
      178785
      178802
      178899
      178935
      179032
      179074
      179155
      179246
      179318
      179326
      179355
      179441
      179521
      179602
      179648
      179710
      179736
      179806
      179876
      179885
      179971
      180047
      180086
      180140
      180151
      180234
      180297
      180329
      180370
      180412
      180445
      180480
      180496
      180575
      180652
      180680
      180741
      180776
      180810
      180881
      180910
      180988
      181000
      181097
      181188
      181276
      181296
      181368
      181444
      181522
      181552
      181612
      181679
      181715
      181731
      181738
      181804
      181899
      181939
      181948
      182045
      182131
      182167
      182210
      182262
      182354
      182433
      182487
      182562
      182609
      182609
      182689
      182733
      182737
      182752
      182786
      182872
      182946
      182967
      182980
      183017
      183086
      183169
      183184
      183256
      183269
      183287
      183347
      183356
      183436
      183444
      183538
      183588
      183607
      183633
      183646
      183707
      183767
      183817
      183862
      183915
      183940
      184010
      184065
      184085
      184128
      184210
      184223
      184261
      184281
      184376
      184388
      184467
      184540
      184567
      184653
      184669
      184677
      184689
      184776
      184871
      184944
      184982
      185011
      185106
      185134
      185160
      185231
      185276
      185288
      185325
      185380
      185403
      185442
      185540
      185568
      185630
      185650
      185724
      185784
      185833
      185919
      186016
      186020
      186114
      186120
      186212
      186303
      186385
      186477
      186554
      186640
      186677
      186752
      186811
      186814
      186840
      186879
      186977
      187016
      187081
      187098
      187157
      187157
      187165
      187188
      187230
      187300
      187329
      187424
      187424
      187459
      187491
      187542
      187559
      187625
      187656
      187733
      187773
      187866
      187868
      187899
      187968
      188042
      188109
      188170
      188196
      188272
      188281
      188305
      188361
      188430
      188508
      188509
      188555
      188629
      188636
      188733
      188814
      188880
      188930
      188990
      189048
      189125
      189134
      189157
      189237
      189246
      189339
      189354
      189424
      189447
      189506
      189580
      189676
      189774
      189793
      189831
      189855
      189905
      190002
      190018
      190042
      190077
      190158
      190254
      190303
      190312
      190330
      190375
      190430
      190484
      190500
      190567
      190577
      190617
      190709
      190715
      190743
      190798
      190814
      190828
      190909
      190915
      190936
      191001
      191005
      191072
      191110
      191200
      191242
      191340
      191385
      191399
      191444
      191520
      191524
      191580
      191678
      191704
      191712
      191744
      191773
      191837
      191934
      191976
      192036
      192088
      192183
      192236
      192274
      192319
      192326
      192392
      192477
      192534
      192588
      192602
      192609
      192707
      192801
      192819
      192866
      192899
      192989
      192990
      193083
      193152
      193174
      193196
      193203
      193285
      193306
      193314
      193389
      193475
      193569
      193589
      193688
      193763
      193788
      193881
      193920
      193934
      193939
      193948
      193963
      194006
      194080
      194133
      194229
      194284
      194305
      194402
      194464
      194520
      194571
      194584
      194639
      194660
      194733
      194803
      194831
      194902
      194936
      194986
      195036
      195050
      195062
      195149
      195199
      195235
      195304
      195331
      195404
      195438
      195509
      195607
      195677
      195741
      195807
      195855
      195942
      195956
      195998
      196024
      196063
      196117
      196211
      196272
      196332
      196373
      196416
      196448
      196518
      196545
      196588
      196666
      196724
      196813
      196861
      196861
      196894
      196984
      197056
      197142
      197232
      197293
      197361
      197392
      197401
      197471
      197544
      197631
      197647
      197678
      197769
      197818
      197909
      197969
      198007
      198095
      198110
      198189
      198233
      198239
      198272
      198284
      198319
      198382
      198419
      198481
      198487
      198511
      198541
      198611
      198647
      198722
      198794
      198818
      198880
      198918
      198988
      199016
      199063
      199070
      199074
      199160
      199230
      199260
      199309
      199394
      199416
      199480
      199516
      199613
      199659
      199708
      199744
      199813
      199874
      199880
      199965
      200063
      200142
      200192
      200254
      200299
      200351
      200352
      200365
      200396
      200450
      200484
      200494
      200558
      200636
      200687
      200769
      200834
      200921
      200994
      201009
      201018
      201074
      201120
      201123
      201175
      201245
      201290
      201294
      201359
      201415
      201428
      201470
      201541
      201583
      201590
      201620
      201688
      201762
      201785
      201855
      201855
      201925
      202022
      202022
      202079
      202113
      202159
      202164
      202254
      202300
      202382
      202405
      202423
      202453
      202522
      202530
      202565
      202602
      202627
      202666
      202761
      202845
      202906
      202996
      203003
      203085
      203104
      203187
      203195
      203264
      203331
      203342
      203422
      203464
      203499
      203502
      203502
      203566
      203605
      203665
      203687
      203709
      203751
      203790
      203826
      203902
      203990
      204015
      204048
      204074
      204158
      204232
      204264
      204298
      204340
      204392
      204438
      204531
      204575
      204578
      204671
      204674
      204683
      204722
      204744
      204777
      204874
      204931
      204999
      205029
      205125
      205192
      205250
      205258
      205330
      205378
      205418
      205435
      205511
      205550
      205586
      205643
      205713
      205766
      205791
      205840
      205851
      205874
      205888
      205987
      206059
      206139
      206216
      206228
      206234
      206313
      206364
      206435
      206495
      206513
      206523
      206581
      206627
      206683
      206734
      206772
      206855
      206921
      206952
      207013
      207050
      207141
      207204
      207270
      207273
      207289
      207371
      207381
      207417
      207497
      207561
      207637
      207719
      207809
      207872
      207950
      208041
      208080
      208111
      208150
      208217
      208223
      208227
      208308
      208317
      208366
      208433
      208496
      208524
      208549
      208567
      208646
      208673
      208736
      208781
      208781
      208874
      208954
      209024
      209089
      209103
      209149
      209210
      209297
      209308
      209311
      209403
      209480
      209484
      209510
      209552
      209622
      209692
      209721
      209730
      209768
      209826
      209869
      209875
      209916
      209958
      210014
      210062
      210158
      210189
      210251
      210275
      210336
      210386
      210433
      210458
      210534
      210571
      210621
      210713
      210767
      210802
      210810
      210839
      210913
      210986
      211060
      211108
      211162
      211173
      211239
      211325
      211363
      211386
      211437
      211469
      211520
      211554
      211589
      211645
      211735
      211787
      211877
      211941
      212002
      212100
      212189
      212212
      212289
      212342
      212383
      212456
      212475
      212564
      212568
      212656
      212719
      212783
      212800
      212825
      212915
      212970
      213067
      213123
      213136
      213221
      213263
      213320
      213413
      213439
      213522
      213548
      213612
      213658
      213677
      213678
      213774
      213831
      213848
      213911
      213998
      214010
      214093
      214094
      214172
      214250
      214310
      214313
      214334
      214415
      214509
      214546
      214556
      214607
      214637
      214667
      214764
      214794
      214859
      214933
      215002
      215101
      215119
      215141
      215197
      215221
      215285
      215357
      215370
      215437
      215499
      215591
      215684
      215724
      215766
      215847
      215885
      215938
      215943
      215972
      216038
      216088
      216158
      216189
      216286
      216307
      216357
      216364
      216433
      216438
      216522
      216563
      216567
      216628
      216649
      216740
      216807
      216835
      216844
      216845
      216865
      216902
      216993
      217056
      217125
      217223
      217295
      217387
      217451
      217475
      217544
      217605
      217639
      217674
      217685
      217709
      217785
      217882
      217897
      217987
      218026
      218100
      218110
      218134
      218224
      218296
      218321
      218398
      218413
      218472
      218551
      218616
      218622
      218627
      218642
      218706
      218794
      218797
      218832
      218860
      218943
      219028
      219072
      219171
      219206
      219259
      219358
      219422
      219517
      219533
      219561
      219610
      219648
      219744
      219817
      219896
      219978
      220075
      220081
      220143
      220168
      220256
      220350
      220423
      220445
      220462
      220521
      220581
      220616
      220652
      220730
      220771
      220800
      220837
      220898
      220997
      221051
      221083
      221111
      221160
      221169
      221183
      221207
      221232
      221300
      221328
      221363
      221378
      221463
      221465
      221519
      221591
      221625
      221626
      221661
      221747
      221805
      221832
      221855
      221874
      221898
      221917
      221933
      222013
      222064
      222073
      222157
      222249
      222303
      222339
      222382
      222424
      222426
      222475
      222526
      222543
      222548
      222616
      222700
      222723
      222779
      222862
      222943
      222965
      223058
      223102
      223201
      223224
      223280
      223378
      223452
      223479
      223489
      223508
      223514
      223555
      223600
      223692
      223754
      223777
      223856
      223950
      224014
      224034
      224124
      224214
      224263
      224358
      224450
      224497
      224519
      224520
      224600
      224674
      224773
      224807
      224872
      224964
      225024
      225117
      225152
      225220
      225234
      225283
      225374
      225466
      225494
      225561
      225616
      225687
      225702
      225707
      225725
      225771
      225803
      225853
      225890
      225892
      225963
      226059
      226132
      226171
      226183
      226206
      226259
      226281
      226299
      226360
      226365
      226441
      226443
      226533
      226607
      226617
      226652
      226658
      226660
      226674
      226731
      226764
      226819
      226911
      227005
      227011
      227107
      227136
      227172
      227253
      227263
      227361
      227445
      227526
      227582
      227582
      227628
      227637
      227708
      227765
      227793
      227856
      227882
      227973
      228005
      228069
      228091
      228151
      228237
      228299
      228395
      228460
      228482
      228511
      228565
      228597
      228621
      228641
      228678
      228711
      228782
      228803
      228805
      228840
      228869
      228927
      228931
      228979
      229062
      229156
      229210
      229291
      229325
      229424
      229508
      229535
      229555
      229608
      229706
      229764
      229810
      229862
      229886
      229975
      230005
      230028
      230124
      230223
      230292
      230340
      230396
      230422
      230483
      230532
      230630
      230726
      230824
      230856
      230876
      230892
      230925
      231018
      231093
      231107
      231119
      231165
      231261
      231282
      231291
      231344
      231348
      231404
      231496
      231507
      231606
      231622
      231688
      231701
      231724
      231817
      231886
      231979
      232054
      232064
      232087
      232173
      232205
      232271
      232341
      232428
      232473
      232551
      232557
      232565
      232644
      232698
      232759
      232825
      232922
      233005
      233086
      233121
      233129
      233160
      233176
      233234
      233322
      233378
      233461
      233468
      233554
      233602
      233694
      233767
      233771
      233807
      233843
      233845
      233871
      233884
      233934
      234022
      234084
      234121
      234203
      234271
      234334
      234415
      234495
      234579
      234665
      234669
      234676
      234740
      234769
      234831
      234874
      234906
      234919
      234937
      234977
      235065
      235098
      235197
      235289
      235372
      235407
      235462
      235471
      235497
      235549
      235561
      235648
      235747
      235757
      235806
      235837
      235844
      235932
      236001
      236082
      236158
      236167
      236264
      236356
      236401
      236426
      236454
      236533
      236629
      236667
      236703
      236740
      236766
      236792
      236873
      236887
      236920
      236946
      236952
      236983
      237074
      237113
      237209
      237209
      237245
      237337
      237364
      237373
      237441
      237538
      237636
      237733
      237831
      237850
      237864
      237888
      237975
      237993
      238053
      238105
      238140
      238239
      238239
      238273
      238341
      238344
      238371
      238385
      238461
      238476
      238562
      238611
      238671
      238701
      238733
      238744
      238833
      238902
      238943
      238944
      238986
      239082
      239101
      239108
      239199
      239217
      239235
      239266
      239319
      239381
      239452
      239494
      239498
      239516
      239566
      239659
      239692
      239729
      239737
      239816
      239852
      239856
      239856
      239908
      239930
      239970
      240049
      240055
      240076
      240174
      240227
      240232
      240282
      240304
      240321
      240345
      240388
      240393
      240449
      240500
      240526
      240567
      240661
      240689
      240698
      240774
      240828
      240902
      240981
      241020
      241053
      241059
      241075
      241145
      241148
      241208
      241296
      241330
      241341
      241417
      241500
      241511
      241552
      241578
      241644
      241688
      241707
      241716
      241717
      241723
      241790
      241803
      241897
      241972
      241981
      242032
      242097
      242113
      242187
      242190
      242243
      242329
      242357
      242385
      242475
      242507
      242511
      242575
      242594
      242688
      242761
      242829
      242854
      242900
      242946
      243023
      243091
      243098
      243161
      243258
      243279
      243328
      243361
      243397
      243462
      243466
      243489
      243538
      243598
      243619
      243688
      243688
      243733
      243766
      243856
      243952
      244012
      244054
      244121
      244122
      244148
      244209
      244248
      244282
      244326
      244386
      244426
      244477
      244517
      244600
      244669
      244674
      244746
      244746
      244779
      244819
      244860
      244922
      244992
      245025
      245114
      245144
      245240
      245261
      245310
      245360
      245419
      245484
      245564
      245629
      245700
      245736
      245763
      245819
      245851
      245898
      245976
      246047
      246051
      246069
      246099
      246131
      246150
      246207
      246279
      246337
      246398
      246489
      246556
      246560
      246577
      246665
      246705
      246760
      246762
      246795
      246884
      246905
      246913
      246958
      246997
      247068
      247160
      247239
      247317
      247354
      247412
      247412
      247454
      247539
      247573
      247603
      247699
      247726
      247785
      247789
      247866
      247942
      247962
      247996
      248071
      248071
      248136
      248185
      248260
      248301
      248343
      248349
      248358
      248399
      248431
      248520
      248542
      248607
      248689
      248740
      248783
      248821
      248871
      248894
      248946
      248994
      249045
      249074
      249109
      249172
      249227
      249235
      249282
      249358
      249371
      249371
      249423
      249476
      249495
      249515
      249609
      249627
      249669
      249697
      249707
      249744
      249764
      249780
      249838
      249851
      249851
      249863
      249938
      250018
      250037
      250116
      250120
      250159
      250257
      250343
      250441
      250475
      250571
      250610
      250677
      250776
      250810
      250903
      250946
      251007
      251045
      251056
      251081
      251146
      251214
      251276
      251279
      251311
      251388
      251391
      251441
      251464
      251511
      251563
      251570
      251578
      251648
      251663
      251697
      251791
      251808
      251812
      251902
      251965
      252000
      252008
      252072
      252160
      252203
      252274
      252296
      252308
      252316
      252351
      252393
      252486
      252500
      252587
      252627
      252700
      252768
      252834
      252923
      253009
      253076
      253147
      253147
      253233
      253278
      253285
      253370
      253455
      253541
      253624
      253698
      253764
      253847
      253890
      253923
      254018
      254068
      254163
      254216
      254221
      254312
      254338
      254417
      254452
      254506
      254521
      254533
      254548
      254630
      254679
      254711
      254763
      254826
      254893
      254946
      255034
      255072
      255171
      255246
      255247
      255302
      255357
      255367
      255367
      255407
      255450
      255469
      255554
      255561
      255571
      255614
      255685
      255775
      255860
      255914
      255966
      255986
      256021
      256070
      256078
      256128
      256139
      256140
      256164
      256178
      256208
      256304
      256360
      256423
      256472
      256496
      256562
      256596
      256649
      256712
      256769
      256795
      256803
      256896
      256905
      256952
      256978
      257002
      257083
      257108
      257195
      257196
      257254
      257257
      257274
      257311
      257362
      257415
      257504
      257540
      257592
      257619
      257660
      257686
      257695
      257754
      257791
      257833
      257882
      257954
      258030
      258049
      258092
      258149
      258177
      258264
      258266
      258316
      258399
      258487
      258496
      258509
      258561
      258629
      258671
      258701
      258768
      258788
      258866
      258924
      258957
      259019
      259074
      259132
      259166
      259255
      259351
      259378
      259387
      259449
      259537
      259540
      259616
      259707
      259770
      259859
      259864
      259953
      260006
      260049
      260142
      260184
      260190
      260267
      260326
      260398
      260426
      260469
      260516
      260576
      260641
      260725
      260732
      260814
      260842
      260847
      260945
      260987
      260991
      261033
      261131
      261174
      261263
      261346
      261391
      261423
      261441
      261455
      261515
      261554
      261625
      261633
      261679
      261706
      261766
      261800
      261863
      261934
      261960
      262038
      262115
      262141
      262153
      262230
      262295
      262305
      262361
      262390
      262396
      262417
      262461
      262552
      262634
      262704
      262707
      262723
      262792
      262833
      262929
      263007
      263068
      263131
      263227
      263255
      263328
      263409
      263500
      263582
      263593
      263620
      263647
      263689
      263710
      263728
      263783
      263854
      263908
      263983
      264038
      264046
      264058
      264076
      264158
      264168
      264239
      264292
      264319
      264360
      264444
      264526
      264528
      264594
      264667
      264752
      264815
      264847
      264920
      264981
      264998
      265055
      265120
      265157
      265180
      265235
      265308
      265395
      265424
      265493
      265551
      265631
      265709
      265808
      265889
      265973
      266006
      266009
      266034
      266125
      266135
      266188
      266256
      266305
      266325
      266420
      266507
      266550
      266617
      266666
      266703
      266754
      266762
      266859
      266953
      267006
      267009
      267098
      267111
      267138
      267204
      267288
      267387
      267441
      267447
      267456
      267525
      267615
      267645
      267721
      267783
      267840
      267885
      267902
      267943
      267981
      268009
      268068
      268077
      268114
      268168
      268171
      268267
      268352
      268391
      268408
      268440
      268505
      268535
      268556
      268608
      268631
      268664
      268665
      268743
      268791
      268844
      268905
      268917
      268998
      269090
      269104
      269110
      269176
      269200
      269298
      269335
      269387
      269397
      269486
      269545
      269598
      269687
      269773
      269801
      269872
      269882
      269882
      269887
      269900
      269981
      270025
      270073
      270109
      270165
      270260
      270335
      270345
      270383
      270423
      270440
      270531
      270533
      270554
      270590
      270593
      270692
      270780
      270834
      270850
      270857
      270883
      270893
      270943
      270998
      271032
      271111
      271143
      271190
      271211
      271310
      271313
      271386
      271467
      271493
      271505
      271562
      271581
      271610
      271654
      271702
      271703
      271743
      271808
      271881
      271956
      272054
      272111
      272205
      272289
      272326
      272330
      272330
      272376
      272469
      272530
      272602
      272646
      272706
      272804
      272829
      272908
      272983
      273048
      273140
      273147
      273233
      273326
      273376
      273403
      273451
      273475
      273565
      273594
      273611
      273685
      273725
      273816
      273843
      273893
      273934
      273967
      274055
      274100
      274152
      274224
      274304
      274324
      274368
      274404
      274408
      274491
      274587
      274614
      274661
      274662
      274751
      274804
      274838
      274911
      274969
      275059
      275143
      275230
      275244
      275256
      275287
      275367
      275448
      275468
      275483
      275530
      275603
      275638
      275662
      275747
      275822
      275880
      275949
      276023
      276085
      276109
      276185
      276216
      276280
      276290
      276309
      276327
      276351
      276357
      276382
      276466
      276524
      276606
      276634
      276715
      276754
      276813
      276886
      276980
      277028
      277049
      277057
      277063
      277145
      277230
      277320
      277320
      277356
      277382
      277431
      277487
      277510
      277599
      277631
      277648
      277705
      277804
      277853
      277862
      277900
      277998
      278030
      278094
      278126
      278212
      278272
      278348
      278414
      278459
      278535
      278628
      278703
      278716
      278802
      278854
      278873
      278889
      278971
      279040
      279122
      279211
      279214
      279281
      279358
      279363
      279406
      279436
      279491
      279571
      279621
      279678
      279729
      279741
      279781
      279821
      279906
      279915
      279915
      279947
      279971
      280009
      280011
      280053
      280131
      280138
      280157
      280176
      280234
      280236
      280318
      280400
      280457
      280528
      280581
      280611
      280656
      280753
      280766
      280770
      280823
      280910
      280989
      280999
      281072
      281109
      281175
      281242
      281259
      281277
      281331
      281425
      281464
      281549
      281614
      281687
      281763
      281826
      281876
      281954
      281965
      282019
      282068
      282164
      282179
      282248
      282257
      282316
      282328
      282359
      282407
      282408
      282416
      282438
      282514
      282519
      282609
      282689
      282777
      282841
      282893
      282932
      282979
      283057
      283119
      283133
      283196
      283221
      283272
      283283
      283355
      283436
      283504
      283548
      283645
      283657
      283700
      283799
      283848
      283933
      283945
      284003
      284078
      284150
      284197
      284287
      284330
      284348
      284396
      284485
      284574
      284639
      284714
      284797
      284879
      284896
      284937
      285025
      285044
      285111
      285114
      285140
      285190
      285242
      285292
      285360
      285375
      285451
      285492
      285548
      285627
      285666
      285678
      285696
      285728
      285782
      285782
      285866
      285960
      286015
      286095
      286193
      286242
      286340
      286427
      286482
      286482
      286525
      286527
      286541
      286605
      286624
      286657
      286704
      286801
      286829
      286843
      286895
      286959
      286990
      287067
      287084
      287156
      287177
      287215
      287296
      287347
      287362
      287442
      287490
      287546
      287578
      287665
      287673
      287757
      287835
      287923
      287982
      288040
      288126
      288183
      288217
      288278
      288282
      288327
      288342
      288399
      288403
      288498
      288503
      288509
      288528
      288588
      288681
      288779
      288815
      288853
      288872
      288946
      288996
      288997
      289023
      289023
      289059
      289103
      289130
      289160
      289166
      289207
      289299
      289363
      289447
      289521
      289582
      289608
      289705
      289771
      289826
      289871
      289933
      290006
      290042
      290139
      290201
      290243
      290309
      290381
      290401
      290456
      290458
      290518
      290613
      290615
      290645
      290662
      290705
      290765
      290772
      290818
      290835
      290906
      290955
      291028
      291081
      291099
      291113
      291153
      291185
      291259
      291303
      291332
      291431
      291491
      291491
      291504
      291562
      291611
      291684
      291776
      291841
      291933
      291968
      292018
      292029
      292050
      292061
      292128
      292153
      292211
      292238
      292253
      292287
      292296
      292373
      292449
      292542
      292565
      292598
      292634
      292663
      292670
      292698
      292793
      292831
      292883
      292975
      293053
      293063
      293072
      293122
      293144
      293178
      293274
      293332
      293415
      293468
      293551
      293615
      293682
      293710
      293800
      293802
      293828
      293905
      293907
      293979
      294021
      294067
      294079
      294124
      294162
      294194
      294262
      294267
      294356
      294362
      294455
      294487
      294585
      294650
      294710
      294749
      294844
      294850
      294948
      294961
      295016
      295072
      295082
      295128
      295210
      295271
      295303
      295388
      295431
      295503
      295513
      295601
      295605
      295627
      295668
      295756
      295812
      295812
      295816
      295893
      295944
      296010
      296034
      296054
      296099
      296099
      296147
      296170
      296197
      296222
      296257
      296309
      296381
      296453
      296501
      296586
      296645
      296648
      296666
      296706
      296750
      296785
      296803
      296848
      296850
      296856
      296938
      297027
      297044
      297045
      297109
      297154
      297250
      297270
      297276
      297366
      297391
      297478
      297511
      297525
      297565
      297611
      297684
      297773
      297799
      297835
      297902
      297990
      298060
      298153
      298251
      298253
      298311
      298349
      298363
      298446
      298474
      298543
      298615
      298648
      298731
      298743
      298831
      298909
      298926
      299006
      299037
      299076
      299111
      299170
      299199
      299296
      299354
      299434
      299456
      299505
      299505
      299562
      299585
      299663
      299756
      299789
      299806
      299808
      299844
      299912
      300007
      300029
      300093
      300166
      300236
      300318
      300363
      300439
      300497
      300526
      300528
      300567
      300665
      300737
      300760
      300791
      300832
      300851
      300894
      300927
      300952
      300995
      301044
      301067
      301124
      301168
      301221
      301231
      301251
      301277
      301329
      301405
      301433
      301442
      301455
      301513
      301587
      301651
      301730
      301784
      301803
      301804
      301820
      301909
      302002
      302074
      302138
      302176
      302205
      302281
      302284
      302287
      302303
      302371
      302430
      302481
      302500
      302542
      302577
      302605
      302613
      302697
      302735
      302796
      302859
      302868
      302957
      302978
      303044
      303101
      303198
      303208
      303249
      303341
      303364
      303384
      303422
      303501
      303590
      303687
      303751
      303759
      303765
      303852
      303948
      303948
      303992
      304032
      304067
      304138
      304234
      304305
      304342
      304374
      304394
      304487
      304586
      304608
      304669
      304685
      304761
      304830
      304859
      304917
      304984
      305002
      305006
      305036
      305107
      305163
      305223
      305257
      305349
      305407
      305466
      305517
      305577
      305602
      305626
      305694
      305737
      305766
      305775
      305796
      305814
      305873
      305957
      306015
      306114
      306184
      306184
      306224
      306272
      306345
      306442
      306473
      306473
      306513
      306592
      306620
      306622
      306718
      306816
      306869
      306966
      307037
      307046
      307077
      307142
      307174
      307228
      307265
      307355
      307390
      307485
      307582
      307628
      307704
      307732
      307740
      307802
      307817
      307838
      307858
      307950
      307964
      307972
      307990
      308005
      308044
      308058
      308110
      308173
      308268
      308331
      308397
      308406
      308418
      308480
      308560
      308588
      308669
      308681
      308701
      308779
      308830
      308906
      308908
      308950
      309027
      309090
      309105
      309115
      309153
      309196
      309240
      309308
      309316
      309401
      309406
      309463
      309474
      309545
      309559
      309640
      309698
      309727
      309794
      309802
      309847
      309899
      309991
      310009
      310071
      310164
      310202
      310214
      310310
      310359
      310426
      310489
      310542
      310635
      310709
      310755
      310844
      310859
      310860
      310860
      310882
      310977
      311007
      311096
      311108
      311114
      311155
      311226
      311254
      311313
      311327
      311333
      311405
      311493
      311578
      311677
      311744
      311832
      311882
      311933
