          56
          90
         136
         147
         153
         201
         222
         222
         309
         315
         333
         388
         399
         441
         489
         544
         639
         723
         753
         846
         928
         990
        1023
        1079
        1099
        1198
        1218
        1234
        1245
        1274
        1350
        1420
        1450
        1548
        1565
        1586
        1591
        1659
        1662
        1730
        1764
        1817
        1848
        1882
        1975
        2048
        2083
        2092
        2175
        2191
        2234
        2279
        2360
        2449
        2485
        2515
        2611
        2654
        2686
        2748
        2767
        2853
        2905
        2975
        3054
        3120
        3159
        3177
        3212
        3230
        3322
        3380
        3473
        3525
        3606
        3666
        3748
        3760
        3810
        3851
        3852
        3914
        3989
        4009
        4011
        4027
        4107
        4112
        4119
        4146
        4199
        4238
        4300
        4373
        4472
        4540
        4637
        4716
        4746
        4803
        4887
        4965
        5045
        5053
        5107
        5130
        5148
        5178
        5224
        5309
        5398
        5465
        5546
        5588
        5609
        5699
        5790
        5802
        5826
        5905
        5967
        6032
        6119
        6160
        6195
        6267
        6323
        6370
        6371
        6461
        6519
        6586
        6618
        6667
        6722
        6779
        6832
        6906
        6921
        6924
        6960
        7047
        7137
        7227
        7256
        7335
        7386
        7460
        7494
        7513
        7561
        7641
        7701
        7723
        7814
        7831
        7925
        8013
        8068
        8155
        8169
        8216
        8226
        8238
        8255
        8349
        8379
        8461
        8468
        8518
        8597
        8688
        8709
        8724
        8812
        8843
        8900
        8945
        8984
        8984
        9018
        9048
        9085
        9152
        9217
        9217
        9279
        9367
        9396
        9405
        9492
        9499
        9553
        9629
        9724
        9777
        9875
        9892
        9896
        9914
        9952
       10015
       10015
       10075
       10150
       10239
       10331
       10345
       10409
       10470
       10558
       10585
       10646
       10669
       10709
       10790
       10841
       10878
       10924
       11002
       11071
       11148
       11154
       11245
       11340
       11433
       11508
       11524
       11591
       11612
       11677
       11742
       11765
       11846
       11872
       11887
       11909
       11943
       11995
       12019
       12038
       12047
       12051
       12058
       12137
       12165
       12208
       12304
       12338
       12414
       12457
       12548
       12619
       12665
       12698
       12750
       12786
       12819
       12859
       12942
       13023
       13023
       13070
       13133
       13186
       13268
       13334
       13338
       13355
       13376
       13419
       13495
       13583
       13633
       13710
       13752
       13780
       13789
       13834
       13840
       13852
       13897
       13930
       13991
       14028
       14093
       14173
       14206
       14275
       14358
       14401
       14428
       14452
       14486
       14552
       14611
       14681
       14736
       14777
       14806
       14837
       14934
       14985
       15043
       15073
       15126
       15206
       15233
       15323
       15358
       15435
       15497
       15517
       15583
       15617
       15673
       15768
       15819
       15835
       15852
       15904
       15960
       16046
       16097
       16161
       16241
       16287
       16335
       16335
       16425
       16455
       16532
       16558
       16569
       16579
       16666
       16684
       16744
       16830
       16891
       16931
       17016
       17024
       17077
       17104
       17169
       17191
       17255
       17353
       17428
       17526
       17604
       17651
       17700
       17772
       17852
       17899
       17903
       17967
       17988
       18035
       18071
       18139
       18163
       18253
       18254
       18333
       18346
       18421
       18520
       18596
       18644
       18681
       18748
       18780
       18877
       18918
       18946
       18976
       18991
       19080
       19130
       19199
       19270
       19347
       19365
       19365
       19461
       19550
       19629
       19666
       19744
       19807
       19866
       19923
       19928
       19977
       20027
       20124
       20133
       20208
       20275
       20343
       20367
       20411
       20424
       20432
       20502
       20524
       20617
       20656
       20729
       20825
       20827
       20864
       20877
       20929
       21023
       21028
       21112
       21196
       21231
       21299
       21321
       21322
       21337
       21413
       21431
       21512
       21519
       21571
       21572
       21614
       21677
       21739
       21755
       21841
       21935
       22002
       22056
       22125
       22166
       22205
       22283
       22347
       22427
       22475
       22540
       22608
       22698
       22733
       22809
       22829
       22871
       22940
       22991
       23020
       23021
       23026
       23039
       23071
       23117
       23216
       23283
       23362
       23444
       23473
       23494
       23496
       23526
       23601
       23625
       23653
       23657
       23752
       23821
       23856
       23922
       24012
       24101
       24162
       24181
       24186
       24277
       24305
       24399
       24464
       24476
       24568
       24604
       24668
       24702
       24747
       24845
       24885
       24978
       24997
       25084
       25136
       25219
       25288
       25291
       25335
       25344
       25394
       25417
       25466
       25511
       25605
       25697
       25713
       25807
       25855
       25887
       25969
       26056
       26127
       26225
       26320
       26333
       26356
       26425
       26478
       26519
       26593
       26644
       26741
       26749
       26815
       26881
       26970
       27010
       27023
       27051
       27073
       27158
       27187
       27248
       27339
       27417
       27460
       27539
       27552
       27589
       27606
       27630
       27673
       27767
       27822
       27848
       27946
       28043
       28064
       28096
       28128
       28182
       28254
       28353
       28399
       28473
       28524
       28590
       28670
       28747
       28797
       28824
       28879
       28921
       28928
       29022
       29044
       29101
       29161
       29185
       29202
       29280
       29354
       29381
       29435
       29488
       29552
       29559
       29601
       29653
       29712
       29784
       29857
       29909
       29915
       29993
       30036
       30042
       30138
       30142
       30172
       30175
       30264
       30320
       30400
       30418
       30465
       30549
       30595
       30676
       30771
       30802
       30806
       30885
       30953
       30972
       30978
       30987
       31049
       31058
       31071
       31073
       31143
       31195
       31255
       31271
       31289
       31317
       31337
       31342
       31362
       31433
       31513
       31542
       31610
       31622
       31688
       31695
       31761
       31819
       31894
       31915
       31943
       31982
       32022
       32043
       32050
       32106
       32112
       32141
       32203
       32281
       32356
       32425
       32518
       32559
       32658
       32669
       32675
       32761
       32837
       32907
       32949
       32995
       33093
       33096
       33181
       33187
       33255
       33319
       33334
       33407
       33434
       33442
       33509
       33581
       33644
       33696
       33762
       33827
       33898
       33988
       34080
       34131
       34177
       34262
       34320
       34324
       34385
       34400
       34425
       34441
       34500
       34567
       34644
       34704
       34742
       34774
       34829
       34857
       34933
       34970
       35013
       35066
       35141
       35234
       35275
       35361
       35411
       35448
       35532
       35630
       35714
       35803
       35871
       35961
       35996
       36042
       36069
       36109
       36200
       36245
       36311
       36368
       36373
       36441
       36485
       36531
       36611
       36669
       36670
       36714
       36764
       36771
       36839
       36934
       36971
       36994
       36998
       37084
       37109
       37156
       37164
       37232
       37244
       37246
       37336
       37394
       37470
       37542
       37559
       37580
       37609
       37706
       37798
       37886
       37894
       37989
       38059
       38083
       38169
       38244
       38271
       38292
       38391
       38424
       38514
       38586
       38655
       38692
       38737
       38754
       38842
       38867
       38886
       38960
       38996
       39071
       39145
       39173
       39260
       39262
       39281
       39378
       39449
       39505
       39526
       39620
       39710
       39801
       39861
       39887
       39947
       39952
       39999
       40098
       40139
       40224
       40249
       40252
       40330
       40421
       40490
       40534
       40592
       40690
       40714
       40745
       40746
       40778
       40852
       40947
       41008
       41065
       41126
       41215
       41283
       41361
       41396
       41438
       41464
       41513
       41531
       41570
       41598
       41643
       41718
       41727
       41769
       41803
       41836
       41856
       41893
       41989
       41991
       42074
       42123
       42217
       42278
       42304
       42392
       42431
       42459
       42481
       42575
       42603
       42673
       42747
       42750
       42750
       42797
       42805
       42854
       42860
       42892
       42915
       42968
       43013
       43102
       43190
       43230
       43307
       43348
       43410
       43465
       43552
       43639
       43730
       43803
       43825
       43914
       43948
       43974
       44020
       44078
       44083
       44106
       44180
       44245
       44333
       44392
       44437
       44451
       44471
       44537
       44632
       44702
       44790
       44877
       44918
       45002
       45062
       45096
       45097
       45119
       45146
       45191
       45196
       45265
       45290
       45369
       45376
       45435
       45443
       45454
       45523
       45589
       45687
       45731
       45822
       45908
       45980
       46068
       46127
       46138
       46172
       46197
       46242
       46278
       46302
       46315
       46358
       46360
       46374
       46461
       46481
       46522
       46560
       46597
       46627
       46630
       46646
       46715
       46753
       46756
       46792
       46814
       46876
       46922
       47018
       47085
       47134
       47225
       47286
       47321
       47402
       47470
       47519
       47587
       47637
       47687
       47717
       47792
       47831
       47904
       47925
       47967
       47987
       48021
       48072
       48076
       48136
       48200
       48250
       48314
       48350
       48390
       48400
       48422
       48467
       48558
       48568
       48595
       48604
       48611
       48696
       48722
       48815
       48816
       48893
       48935
       48944
       48954
       49044
       49142
       49211
       49282
       49376
       49448
       49503
       49598
       49600
       49601
       49666
       49708
       49751
       49830
       49847
       49921
       49964
       50022
       50088
       50174
       50177
       50206
       50242
       50293
       50329
       50348
       50401
       50491
       50570
       50658
       50700
       50753
       50791
       50833
       50924
       50962
       51003
       51070
       51145
       51237
       51329
       51369
       51445
       51492
       51493
       51535
       51548
       51560
       51642
       51661
       51729
       51764
       51765
       51812
       51872
       51874
       51918
       51986
       52069
       52161
       52217
       52256
       52267
       52276
       52352
       52380
       52388
       52397
       52474
       52527
       52615
       52634
       52680
       52745
       52762
       52831
       52920
       52966
       53057
       53124
       53162
       53197
       53283
       53335
       53358
       53413
       53429
       53451
       53541
       53605
       53679
       53734
       53794
       53872
       53927
       53990
       54057
       54105
       54136
       54140
       54158
       54213
       54309
       54323
       54416
       54443
       54475
       54490
       54529
       54613
       54649
       54730
       54774
       54863
       54895
       54979
       55061
       55066
       55081
       55159
       55173
       55257
       55275
       55296
       55344
       55347
       55441
       55462
       55484
       55521
       55547
       55643
       55687
       55766
       55797
       55851
       55863
       55879
       55946
       56028
       56033
       56064
       56116
       56163
       56260
       56331
       56363
       56419
       56491
       56553
       56642
       56687
       56731
       56818
       56868
       56900
       56909
       56943
       56961
       57017
       57031
       57126
       57189
       57263
       57318
       57400
       57474
       57499
       57580
       57604
       57637
       57651
       57696
       57712
       57789
       57875
       57961
       57991
       58062
       58074
       58105
       58201
       58249
       58314
       58382
       58468
       58507
       58564
       58643
       58716
       58779
       58871
       58969
       59051
       59085
       59107
       59179
       59193
       59265
       59300
       59337
       59337
       59400
       59403
       59446
       59479
       59526
       59622
       59663
       59663
       59710
       59766
       59862
       59920
       60011
       60045
       60088
       60181
       60215
       60294
       60372
       60462
       60528
       60624
       60688
       60692
       60782
       60868
       60872
       60921
       60933
       60978
       60985
       61074
       61081
       61132
       61229
       61242
       61286
       61344
       61350
       61371
       61412
       61454
       61500
       61543
       61609
       61639
       61654
       61711
       61713
       61787
       61817
       61891
       61906
       61920
       61961
       62014
       62091
       62099
       62104
       62200
       62236
       62322
       62345
       62404
       62476
       62573
       62618
       62674
       62739
       62830
       62924
       63018
       63022
       63104
       63142
       63147
       63211
       63270
       63288
       63370
       63445
       63510
       63525
       63585
       63632
       63662
       63676
       63745
       63791
       63816
       63841
       63855
       63872
       63906
       63991
       64060
       64112
       64142
       64211
       64242
       64280
       64362
       64380
       64426
       64462
       64530
       64595
       64619
       64651
       64705
       64738
       64807
       64897
       64904
       64928
       64996
       65051
       65053
       65124
       65156
       65227
       65306
       65307
       65344
       65399
       65425
       65462
       65503
       65521
       65540
       65621
       65659
       65728
       65771
       65830
       65842
       65919
       65996
       66058
       66097
       66125
       66199
       66265
       66310
       66369
       66406
       66470
       66523
       66525
       66623
       66625
       66625
       66664
       66694
       66781
       66817
       66860
       66909
       66929
       67002
       67089
       67155
       67242
       67288
       67292
       67317
       67362
       67430
       67455
       67513
       67565
       67616
       67666
       67745
       67796
       67836
       67845
       67937
       68000
       68072
       68148
       68191
       68195
       68251
       68259
       68339
       68340
       68403
       68428
       68473
       68480
       68577
       68579
       68610
       68692
       68762
       68803
       68805
       68827
       68880
       68916
       68998
       69088
       69122
       69158
       69164
       69235
       69291
       69303
       69389
       69464
       69523
       69571
       69597
       69660
       69724
       69794
       69808
       69864
       69883
       69951
       70027
       70073
       70137
       70226
       70317
       70375
       70436
       70521
       70528
       70624
       70668
       70672
       70722
       70789
       70851
       70930
       70939
       71021
       71038
       71042
       71131
       71192
       71264
       71301
       71345
       71370
       71378
       71441
       71460
       71496
       71591
       71690
       71772
       71819
       71864
       71902
       71920
       71958
       71979
       72002
       72042
       72061
       72098
       72117
       72192
       72267
       72352
       72437
       72535
       72631
       72710
       72767
       72863
       72899
       72930
       72989
       73017
       73059
       73082
       73101
       73119
       73127
       73146
       73191
       73251
       73322
       73401
       73499
       73502
       73575
       73599
       73614
       73706
       73768
       73808
       73885
       73977
       74007
       74017
       74078
       74165
       74204
       74299
       74331
       74413
       74495
       74505
       74508
       74555
       74654
       74724
       74795
       74821
       74843
       74942
       74948
       74991
       75076
       75170
       75240
       75309
       75324
       75325
       75409
       75471
       75512
       75571
       75639
       75736
       75814
       75826
       75912
       75947
       75992
       76025
       76074
       76119
       76213
       76306
       76400
       76402
       76410
       76458
       76468
       76516
       76565
       76568
       76568
       76594
       76597
       76662
       76739
       76802
       76814
       76880
       76939
       77031
       77107
       77161
       77241
       77289
       77346
       77366
       77442
       77496
       77502
       77543
       77597
       77671
       77678
       77770
       77779
       77852
       77906
       77921
       78012
       78093
       78127
       78196
       78290
       78311
       78353
       78438
       78524
       78566
       78664
       78743
       78817
       78853
       78896
       78941
       78953
       79008
       79044
       79094
       79126
       79212
       79267
       79327
       79352
       79354
       79453
       79508
       79533
       79546
       79624
       79657
       79753
       79791
       79844
       79888
       79976
       80014
       80096
       80150
       80221
       80234
       80320
       80399
       80480
       80515
       80584
       80665
       80753
       80756
       80811
       80905
       80943
       80999
       81095
       81160
       81162
       81190
       81230
       81263
       81333
       81374
       81413
       81502
       81594
       81646
       81737
       81768
       81837
       81861
       81940
       81982
       82077
       82115
       82176
       82267
       82331
       82392
       82472
       82485
       82559
       82636
       82709
       82737
       82810
       82846
       82874
       82879
       82885
       82965
       82991
       83041
       83084
       83098
       83135
       83225
       83295
       83388
       83406
       83425
       83476
       83570
       83598
       83690
       83735
       83763
       83776
       83807
       83885
       83908
       83980
       84000
       84063
       84145
       84204
       84302
       84353
       84367
       84386
       84462
       84528
       84560
       84645
       84686
       84750
       84833
       84896
       84916
       84982
       85027
       85092
       85116
       85171
       85207
       85231
       85258
       85338
       85395
       85464
       85478
       85505
       85551
       85588
       85599
       85603
       85656
       85697
       85794
       85889
       85894
       85943
       85998
       86072
       86098
       86197
       86221
       86291
       86332
       86361
       86420
       86515
       86596
       86661
       86726
       86812
       86873
       86922
       86945
       86999
       87086
       87114
       87184
       87205
       87287
       87349
       87394
       87430
       87473
       87570
       87600
       87627
       87634
       87655
       87684
       87719
       87719
       87752
       87826
       87844
       87894
       87958
       87964
       88059
       88146
       88167
       88236
       88277
       88344
       88442
       88512
       88551
       88582
       88593
       88666
       88678
       88694
       88749
       88831
       88860
       88898
       88960
       89042
       89136
       89176
       89194
       89268
       89349
       89425
       89498
       89578
       89650
       89695
       89772
       89864
       89913
       89946
       89977
       90052
       90126
       90185
       90210
       90278
       90333
       90367
       90431
       90529
       90534
       90606
       90633
       90692
       90694
       90753
       90774
       90834
       90902
       90911
       90939
       90954
       90965
       91054
       91119
       91165
       91243
       91327
       91328
       91382
       91432
       91505
       91572
       91640
       91703
       91746
       91786
       91810
       91854
       91894
       91929
       92003
       92101
       92164
       92234
       92273
       92343
       92420
       92479
       92562
       92605
       92698
       92783
       92841
       92939
       92986
       93084
       93144
       93220
       93259
       93301
       93323
       93341
       93385
       93482
       93501
       93569
       93612
       93677
       93735
       93833
       93891
       93901
       93995
       94023
       94034
       94064
       94163
       94252
       94252
       94253
       94286
       94335
       94362
       94403
       94449
       94522
       94577
       94599
       94681
       94743
       94770
       94845
       94892
       94961
       94980
       94990
       95021
       95115
       95214
       95269
       95349
       95398
       95437
       95505
       95532
       95589
       95676
       95756
       95802
       95857
       95878
       95885
       95977
       96045
       96056
       96124
       96206
       96239
       96336
       96372
       96374
       96446
       96537
       96554
       96653
       96721
       96800
       96857
       96871
       96922
       96932
       96985
       97017
       97062
       97141
       97178
       97245
       97319
       97370
       97397
       97485
       97511
       97553
       97578
       97639
       97677
       97716
       97780
       97812
       97901
       97909
       97928
       98013
       98026
       98053
       98117
       98148
       98242
       98249
       98324
       98400
       98451
       98511
       98545
       98547
       98560
       98619
       98700
       98704
       98708
       98807
       98824
       98915
       98944
       98992
       99008
       99101
       99138
       99221
       99313
       99384
       99457
       99470
       99533
       99608
       99685
       99780
       99822
       99832
       99921
       99947
      100042
      100112
      100165
      100166
      100233
      100304
      100342
      100358
      100371
      100406
      100486
      100554
      100653
      100687
      100714
      100737
      100833
      100855
      100906
      100956
      100987
      100991
      101040
      101118
      101146
      101206
      101271
      101352
      101411
      101479
      101531
      101546
      101637
      101647
      101649
      101703
      101757
      101804
      101853
      101893
      101958
      101975
      102016
      102051
      102141
      102172
      102239
      102291
      102319
      102405
      102425
      102502
      102506
      102594
      102682
      102754
      102815
      102884
      102928
      103006
      103020
      103072
      103141
      103215
      103250
      103257
      103318
      103391
      103448
      103473
      103502
      103523
      103606
      103644
      103710
      103736
      103790
      103883
      103932
      104004
      104095
      104194
      104206
      104223
      104247
      104266
      104346
      104417
      104428
      104511
      104549
      104562
      104593
      104611
      104674
      104702
      104726
      104798
      104869
      104916
      105010
      105081
      105123
      105213
      105275
      105310
      105328
      105398
      105452
      105529
      105572
      105579
      105646
      105671
      105766
      105825
      105907
      105956
      106052
      106101
      106111
      106167
      106233
      106304
      106312
      106397
      106405
      106455
      106536
      106544
      106551
      106555
      106641
      106647
      106683
      106748
      106805
      106889
      106987
      107027
      107104
      107137
      107165
      107230
      107319
      107337
      107341
      107390
      107467
      107492
      107501
      107581
      107678
      107750
      107786
      107839
      107875
      107961
      108051
      108073
      108170
      108232
      108313
      108359
      108361
      108448
      108481
      108559
      108561
      108618
      108643
      108664
      108742
      108787
      108866
      108922
      108931
      108962
      109010
      109046
      109057
      109079
      109173
      109231
      109289
      109313
      109370
      109439
      109447
      109494
      109506
      109527
      109607
      109635
      109665
      109709
      109780
      109825
      109918
      109928
      109936
      109951
      110032
      110037
      110053
      110067
      110132
      110225
      110277
      110282
      110343
      110378
      110427
      110438
      110450
      110480
      110481
      110561
      110580
      110648
      110702
      110736
      110813
      110862
      110922
      110963
      111001
      111053
      111064
      111105
      111138
      111207
      111275
      111319
      111409
      111498
      111533
      111612
      111649
      111703
      111731
      111795
      111836
      111839
      111891
      111975
      112051
      112098
      112152
      112180
      112200
      112266
      112341
      112368
      112413
      112457
      112520
      112556
      112562
      112616
      112622
      112718
      112760
      112814
      112850
      112927
      112959
      113003
      113060
      113111
      113116
      113129
      113143
      113210
      113285
      113298
      113354
      113437
      113451
      113494
      113507
      113525
      113591
      113684
      113783
      113803
      113813
      113905
      113979
      114051
      114124
      114195
      114265
      114271
      114327
      114384
      114477
      114572
      114611
      114667
      114670
      114703
      114705
      114801
      114810
      114881
      114881
      114964
      115003
      115049
      115129
      115167
      115215
      115269
      115328
      115380
      115467
      115497
      115555
      115611
      115706
      115797
      115799
      115814
      115877
      115941
      116039
      116108
      116173
      116231
      116272
      116296
      116378
      116384
      116393
      116468
      116512
      116567
      116613
      116621
      116663
      116682
      116761
      116823
      116842
      116937
      116941
      116990
      117050
      117130
      117173
      117235
      117268
      117363
      117444
      117479
      117497
      117572
      117668
      117725
      117728
      117748
      117748
      117750
      117754
      117840
      117871
      117938
      117952
      118000
      118015
      118112
      118155
      118218
      118283
      118350
      118424
      118505
      118584
      118663
      118731
      118753
      118810
      118879
      118900
      118982
      119042
      119107
      119182
      119277
      119312
      119386
      119462
      119488
      119511
      119589
      119623
      119657
      119730
      119764
      119844
      119907
      119936
      119999
      120050
      120140
      120236
      120266
      120352
      120358
      120386
      120430
      120471
      120501
      120554
      120646
      120731
      120769
      120787
      120868
      120957
      121040
      121078
      121104
      121127
      121162
      121238
      121305
      121398
      121430
      121433
      121478
      121552
      121641
      121709
      121791
      121889
      121969
      122051
      122139
      122169
      122268
      122316
      122356
      122423
      122430
      122508
      122557
      122644
      122742
      122818
      122887
      122946
      123024
      123105
      123119
      123218
      123258
      123303
      123374
      123470
      123515
      123557
      123560
      123616
      123683
      123723
      123723
      123750
      123813
      123895
      123908
      123961
      123995
      124040
      124087
      124124
      124185
      124281
      124351
      124358
      124450
      124525
      124549
      124587
      124654
      124683
      124772
      124848
      124921
      124995
      125008
      125075
      125101
      125194
      125223
      125267
      125351
      125363
      125446
      125461
      125467
      125541
      125555
      125630
      125710
      125749
      125841
      125914
      125968
      126022
      126022
      126076
      126119
      126212
      126259
      126358
      126430
      126433
      126475
      126523
      126540
      126585
      126599
      126615
      126682
      126716
      126800
      126824
      126863
      126921
      127002
      127080
      127150
      127185
      127246
      127275
      127373
      127430
      127509
      127527
      127590
      127590
      127671
      127704
      127762
      127825
      127896
      127986
      128065
      128147
      128238
      128252
      128292
      128335
      128353
      128369
      128379
      128438
      128451
      128522
      128534
      128633
      128723
      128751
      128840
      128864
      128942
      128952
      129000
      129000
      129011
      129041
      129132
      129177
      129219
      129300
      129378
      129444
      129449
      129543
      129555
      129599
      129640
      129662
      129709
      129783
      129821
      129909
      129958
      130016
      130047
      130058
      130078
      130102
      130155
      130189
      130224
      130277
      130359
      130394
      130471
      130562
      130585
      130673
      130692
      130775
      130785
      130842
      130854
      130860
      130949
      130974
      130998
      131095
      131148
      131177
      131262
      131279
      131359
      131451
      131532
      131621
      131671
      131759
      131846
      131918
      131955
      131995
      132012
      132014
      132090
      132142
      132188
      132221
      132288
      132354
      132424
      132455
      132546
      132592
      132644
      132649
      132723
      132788
      132817
      132817
      132888
      132901
      132934
      132991
      133072
      133148
      133227
      133260
      133339
      133390
      133424
      133458
      133487
      133506
      133591
      133638
      133701
      133731
      133788
      133854
      133873
      133910
      133993
      134038
      134120
      134153
      134168
      134262
      134335
      134341
      134411
      134468
      134543
      134599
      134639
      134667
      134755
      134815
      134837
      134856
      134937
      134967
      135034
      135055
      135090
      135170
      135174
      135182
      135274
      135293
      135387
      135413
      135432
      135485
      135580
      135628
      135676
      135685
      135744
      135751
      135765
      135802
      135802
      135841
      135866
      135888
      135893
      135914
      135934
      135938
      135944
      135961
      135964
      136037
      136039
      136066
      136130
      136161
      136215
      136220
      136289
      136306
      136368
      136398
      136445
      136537
      136557
      136639
      136711
      136793
      136824
      136845
      136864
      136864
      136875
      136929
      136954
      136977
      137021
      137043
      137049
      137111
      137126
      137198
      137210
      137231
      137324
      137402
      137488
      137497
      137568
      137652
      137682
      137768
      137865
      137879
      137925
      137950
      137950
      138023
      138027
      138029
      138059
      138075
      138138
      138176
      138272
      138312
      138387
      138473
      138497
      138551
      138592
      138640
      138682
      138723
      138749
      138825
      138914
      138921
      139016
      139068
      139139
      139152
      139222
      139227
      139308
      139390
      139454
      139507
      139592
      139593
      139607
      139627
      139650
      139693
      139766
      139837
      139844
      139913
      140007
      140068
      140131
      140210
      140289
      140315
      140336
      140365
      140392
      140420
      140457
      140550
      140614
      140702
      140762
      140784
      140842
      140863
      140892
      140974
      141065
      141120
      141204
      141284
      141305
      141320
      141387
      141440
      141440
      141449
      141490
      141572
      141576
      141577
      141613
      141663
      141703
      141786
      141839
      141839
      141908
      141908
      141943
      142016
      142046
      142120
      142156
      142255
      142258
      142299
      142325
      142330
      142342
      142402
      142410
      142458
      142547
      142610
      142678
      142723
      142810
      142898
      142950
      142960
      143021
      143097
      143188
      143255
      143342
      143432
      143495
      143543
      143566
      143622
      143635
      143645
      143654
      143721
      143804
      143866
      143892
      143963
      143976
      144066
      144109
      144156
      144197
      144285
      144351
      144404
      144426
      144481
      144572
      144628
      144708
      144798
      144870
      144966
      144987
      145086
      145184
      145274
      145314
      145380
      145451
      145458
      145518
      145554
      145616
      145697
      145795
      145831
      145844
      145860
      145911
      145989
      146063
      146143
      146200
      146223
      146239
      146338
      146415
      146436
      146472
      146548
      146571
      146577
      146577
      146615
      146620
      146646
      146715
      146814
      146855
      146933
      146987
      147004
      147073
      147148
      147196
      147282
      147365
      147420
      147483
      147571
      147649
      147713
      147739
      147808
      147850
      147930
      147935
      147981
      148001
      148077
      148147
      148189
      148238
      148305
      148381
      148458
      148537
      148594
      148603
      148669
      148687
      148774
      148802
      148868
      148889
      148914
      148917
      149011
      149066
      149095
      149165
      149189
      149231
      149246
      149324
      149383
      149448
      149546
      149586
      149597
      149620
      149673
      149716
      149720
      149748
      149774
      149786
      149813
      149879
      149944
