          55
         102
         140
         221
         278
         323
         376
         438
         470
         514
         562
         611
         686
         748
         828
         903
         970
         998
        1021
        1029
        1082
        1170
        1244
        1339
        1415
        1440
        1443
        1468
        1520
        1607
        1677
        1686
        1708
        1801
        1878
        1941
        2035
        2090
        2131
        2203
        2245
        2323
        2383
        2447
        2479
        2508
        2556
        2615
        2652
        2665
        2734
        2760
        2766
        2806
        2837
        2912
        2971
        3025
        3052
        3127
        3169
        3219
        3231
        3237
        3247
        3311
        3323
        3410
        3506
        3537
        3581
        3680
        3757
        3791
        3876
        3920
        3979
        4053
        4116
        4209
        4254
        4345
        4435
        4474
        4525
        4557
        4631
        4714
        4765
        4788
        4873
        4905
        4952
        4979
        5007
        5096
        5111
        5170
        5257
        5346
        5348
        5351
        5364
        5401
        5463
        5539
        5571
        5607
        5647
        5658
        5673
        5757
        5813
        5894
        5945
        5955
        5994
        6000
        6088
        6097
        6108
        6155
        6232
        6232
        6302
        6308
        6384
        6388
        6399
        6421
        6498
        6533
        6631
        6648
        6695
        6780
        6782
        6826
        6839
        6884
        6901
        6913
        6974
        7031
        7064
        7162
        7235
        7301
        7360
        7371
        7417
        7426
        7462
        7490
        7504
        7601
        7676
        7691
        7723
        7803
        7890
        7973
        7978
        7978
        8016
        8074
        8112
        8172
        8178
        8200
        8202
        8205
        8214
        8297
        8333
        8384
        8469
        8532
        8569
        8664
        8746
        8791
        8881
        8931
        8955
        9025
        9092
        9184
        9256
        9303
        9323
        9330
        9364
        9450
        9497
        9548
        9635
        9723
        9777
        9858
        9917
        9970
       10034
       10095
       10107
       10140
       10172
       10188
       10209
       10224
       10289
       10368
       10441
       10538
       10624
       10703
       10703
       10796
       10826
       10840
       10905
       10970
       10979
       11055
       11132
       11142
       11228
       11319
       11399
       11446
       11447
       11469
       11471
       11554
       11642
       11716
       11771
       11782
       11851
       11883
       11923
       12015
       12030
       12105
       12136
       12164
       12167
       12189
       12267
       12326
       12380
       12471
       12513
       12560
       12643
       12677
       12763
       12771
       12842
       12867
       12910
       12975
       13020
       13110
       13207
       13238
       13276
       13363
       13387
       13389
       13435
       13474
       13526
       13562
       13578
       13603
       13668
       13714
       13729
       13747
       13840
       13904
       13939
       14024
       14026
       14086
       14112
       14149
       14236
       14317
       14373
       14445
       14527
       14562
       14649
       14672
       14743
       14818
       14899
       14950
       14993
       15046
       15084
       15158
       15217
       15226
       15268
       15301
       15394
       15462
       15509
       15554
       15583
       15586
       15685
       15706
       15752
       15755
       15779
       15823
       15864
       15886
       15958
       16000
       16046
       16145
       16187
       16216
       16242
       16318
       16339
       16422
       16487
       16501
       16545
       16548
       16567
       16641
       16729
       16758
       16770
       16817
       16911
       16975
       16999
       17037
       17110
       17198
       17279
       17324
       17354
       17433
       17520
       17560
       17561
       17611
       17652
       17712
       17718
       17762
       17780
       17837
       17896
       17950
       18007
       18092
       18149
       18214
       18271
       18296
       18318
       18381
       18405
       18413
       18493
       18578
       18606
       18657
       18708
       18795
       18833
       18873
       18970
       19050
       19101
       19109
       19130
       19145
       19171
       19212
       19305
       19350
       19385
       19403
       19413
       19503
       19546
       19552
       19560
       19616
       19630
       19631
       19707
       19742
       19779
       19846
       19889
       19981
       20015
       20033
       20038
       20134
       20198
       20214
       20246
       20307
       20396
       20409
       20462
       20491
       20546
       20580
       20610
       20614
       20711
       20736
       20786
       20798
       20803
       20804
       20867
       20921
       21014
       21079
       21170
       21185
       21259
       21335
       21351
       21408
       21433
       21501
       21554
       21625
       21632
       21663
       21714
       21805
       21895
       21930
       22000
       22060
       22089
       22148
       22188
       22254
       22282
       22381
       22383
       22422
       22479
       22501
       22571
       22593
       22615
       22699
       22749
       22821
       22824
       22919
       22961
       22990
       23031
       23096
       23118
       23198
       23260
       23305
       23402
       23422
       23504
       23565
       23616
       23705
       23726
       23788
       23876
       23934
       24008
       24052
       24136
       24208
       24217
       24313
       24376
       24408
       24438
       24441
       24472
       24509
       24512
       24534
       24543
       24642
       24653
       24693
       24726
       24753
       24823
       24874
       24972
       25042
       25125
       25208
       25290
       25310
       25395
       25453
       25522
       25536
       25631
       25631
       25695
       25769
       25819
       25870
       25945
       25956
       26022
       26034
       26086
       26178
       26198
       26198
       26210
       26228
       26302
       26397
       26467
       26554
       26612
       26671
       26689
       26760
       26842
       26895
       26987
       27070
       27102
       27150
       27192
       27201
       27214
       27237
       27280
       27322
       27353
       27362
       27452
       27485
       27497
       27577
       27603
       27668
       27751
       27777
       27823
       27906
       27948
       28018
       28080
       28143
       28222
       28286
       28320
       28334
       28346
       28346
       28408
       28505
       28595
       28690
       28716
       28787
       28823
       28858
       28954
       29024
       29100
       29101
       29147
       29231
       29257
       29277
       29321
       29409
       29489
       29585
       29605
       29641
       29703
       29787
       29801
       29896
       29987
       30046
       30091
       30135
       30149
       30240
       30289
       30320
       30385
       30399
       30451
       30539
       30564
       30612
       30691
       30700
       30741
       30807
       30829
       30919
       30956
       31029
       31118
       31190
       31255
       31306
       31382
       31391
       31426
       31474
       31498
       31568
       31628
       31650
       31740
       31808
       31878
       31905
       31923
       31982
       32060
       32065
       32152
       32215
       32311
       32347
       32419
       32424
       32483
       32493
       32579
       32634
       32726
       32767
       32815
       32822
       32873
       32883
       32927
       32974
       32992
       33088
       33105
       33186
       33267
       33323
       33341
       33365
       33459
       33498
       33587
       33656
       33685
       33698
       33755
       33803
       33826
       33911
       33965
       34032
       34115
       34166
       34258
       34261
       34348
       34361
       34397
       34436
       34480
       34514
       34569
       34645
       34665
       34698
       34776
       34794
       34863
       34876
       34932
       34959
       34986
       35059
       35070
       35139
       35178
       35201
       35287
       35317
       35359
       35392
       35410
       35505
       35558
       35644
       35731
       35752
       35831
       35924
       35963
       36045
       36073
       36146
       36175
       36184
       36196
       36198
       36244
       36283
       36293
       36306
       36391
       36436
       36450
       36533
       36573
       36638
       36736
       36763
       36791
       36837
       36873
       36897
       36949
       37045
       37116
       37183
       37263
       37270
       37334
       37427
       37439
       37451
       37535
       37613
       37647
       37738
       37807
       37900
       37956
       38048
       38098
       38132
       38230
       38305
       38376
       38398
       38443
       38532
       38616
       38689
       38742
       38836
       38923
       39015
       39064
       39144
       39167
       39190
       39258
       39302
       39347
       39424
       39516
       39529
       39547
       39572
       39644
       39727
       39729
       39783
       39804
       39896
       39896
       39916
       39990
       40018
       40077
       40078
       40151
       40195
       40209
       40256
       40351
       40371
       40373
       40402
       40493
       40513
       40547
       40601
       40622
       40640
       40711
       40717
       40738
       40813
       40833
       40916
       40928
       40981
       41009
       41018
       41082
       41142
       41211
       41230
       41234
       41315
       41387
       41462
       41474
       41482
       41559
       41584
       41584
       41661
       41713
       41797
       41844
       41911
       41994
       42054
       42131
       42141
       42207
       42283
       42295
       42321
       42409
       42463
       42547
       42559
       42624
       42629
       42653
       42689
       42692
       42757
       42846
       42901
       42915
       42958
       43048
       43059
       43136
       43175
       43193
       43257
       43296
       43310
       43394
       43399
       43416
       43431
       43473
       43484
       43500
       43579
       43670
       43711
       43788
       43887
       43947
       43960
       44021
       44120
       44181
       44222
       44222
       44226
       44236
       44315
       44322
       44391
       44424
       44447
       44541
       44586
       44674
       44704
       44757
       44784
       44820
       44906
       44939
       44970
       44992
       45090
       45104
       45198
       45275
       45362
       45368
       45422
       45477
       45563
       45626
       45708
       45745
       45767
       45859
       45954
       46034
       46130
       46207
       46228
       46298
       46335
       46368
       46412
       46418
       46456
       46523
       46609
       46695
       46698
       46698
       46739
       46784
       46791
       46814
       46824
       46879
       46977
       47044
       47092
       47123
       47203
       47275
       47369
       47374
       47447
       47452
       47530
       47553
       47623
       47662
       47742
       47820
       47863
       47894
       47948
       47998
       48081
       48127
       48155
       48168
       48229
       48272
       48371
       48470
       48501
       48535
       48629
       48669
       48731
       48767
       48815
       48837
       48878
       48932
       48957
       48957
       48969
       49018
       49089
       49135
       49175
       49262
       49329
       49371
       49410
       49504
       49547
       49579
       49654
       49728
       49810
       49813
       49838
       49912
       49969
       50037
       50068
       50082
       50114
       50183
       50211
       50289
       50327
       50338
       50381
       50457
       50527
       50542
       50640
       50677
       50678
       50744
       50832
       50832
       50834
       50920
       51008
       51061
       51151
       51244
       51278
       51366
       51445
       51445
       51522
       51597
       51610
       51696
       51785
       51796
       51872
       51894
       51985
       52081
       52120
       52204
       52274
       52354
       52361
       52442
       52458
       52519
       52612
       52667
       52697
       52756
       52812
       52866
       52866
       52895
       52994
       53060
       53079
       53081
       53120
       53163
       53248
       53291
       53301
       53374
       53444
       53448
       53475
       53556
       53584
       53659
       53723
       53761
       53800
       53882
       53953
       53979
       53988
       54085
       54111
       54178
       54217
       54252
       54272
       54286
       54297
       54305
       54320
       54325
       54343
       54402
       54489
       54555
       54633
       54691
       54762
       54840
       54877
       54918
       54983
       55052
       55141
       55175
       55194
       55272
       55325
       55338
       55429
       55524
       55603
       55618
       55675
       55685
       55777
       55822
       55901
       55918
       55923
       55978
       56012
       56069
       56166
       56233
       56251
       56291
       56337
       56411
       56468
       56487
       56554
       56566
       56603
       56660
       56707
       56753
       56852
       56933
       57000
       57095
       57120
       57217
       57279
       57354
       57403
       57418
       57418
       57451
       57527
       57596
       57683
       57718
       57808
       57905
       57939
       57940
       58039
       58063
       58130
       58223
       58253
       58300
       58388
       58419
       58481
       58538
       58607
       58644
       58712
       58715
       58781
       58880
       58904
       58958
       59042
       59096
       59126
       59133
       59201
       59224
       59257
       59336
       59343
       59370
       59458
       59513
       59534
       59631
       59635
       59698
       59712
       59720
       59766
       59784
       59866
       59907
       59980
       60001
       60016
       60101
       60175
       60196
       60207
       60238
       60254
       60260
       60359
       60448
       60493
       60495
       60552
       60568
       60595
       60605
       60672
       60696
       60756
       60852
       60937
       61014
       61105
       61110
       61187
       61246
       61304
       61399
       61423
       61457
       61545
       61643
       61684
       61752
       61774
       61779
       61839
       61898
       61981
       62069
       62163
       62226
       62273
       62357
       62371
       62443
       62465
       62471
       62498
       62535
       62606
       62665
       62756
       62826
       62921
       62982
       63008
       63010
       63029
       63119
       63132
       63227
       63284
       63377
       63392
       63431
       63449
       63496
       63577
       63599
       63633
       63713
       63736
       63785
       63847
       63885
       63975
       64040
       64126
       64206
       64296
       64346
       64348
       64366
       64456
       64471
       64536
       64543
       64634
       64692
       64764
       64797
       64851
       64945
       64982
       65063
       65120
       65162
       65171
       65228
       65251
       65270
       65337
       65359
       65416
       65466
       65521
       65596
       65615
       65668
       65714
       65810
       65812
       65838
       65903
       65972
       65994
       66004
       66018
       66072
       66102
       66132
       66143
       66160
       66236
       66330
       66425
       66431
       66450
       66512
       66560
       66595
       66646
       66736
       66790
       66857
       66920
       66981
       66986
       67020
       67117
       67135
       67153
       67233
       67277
       67350
       67380
       67411
       67488
       67489
       67494
       67518
       67589
       67688
       67781
       67859
       67879
       67966
       68040
       68042
       68094
       68184
       68273
       68342
       68367
       68398
       68441
       68503
       68563
       68651
       68692
       68775
       68802
       68812
       68832
       68853
       68883
       68934
       68991
       69048
       69091
       69170
       69173
       69265
       69318
       69342
       69438
       69438
       69502
       69555
       69583
       69642
       69642
       69695
       69696
       69743
       69840
       69863
       69958
       70033
       70068
       70126
       70195
       70198
       70223
       70232
       70234
       70298
       70347
       70355
       70384
       70397
       70479
       70528
       70563
       70612
       70663
       70717
       70765
       70784
       70828
       70901
       70986
       71054
       71086
       71132
       71135
       71193
       71210
       71297
       71354
       71447
       71543
       71636
       71660
       71734
       71759
       71781
       71794
       71838
       71845
       71887
       71984
       72055
       72078
       72129
       72162
       72185
       72231
       72307
       72338
       72433
       72478
       72532
       72610
       72626
       72664
       72711
       72800
       72864
       72874
       72954
       72978
       73058
       73127
       73149
       73160
       73179
       73214
       73274
       73278
       73364
       73390
       73408
       73461
       73470
       73550
       73585
       73599
       73693
       73711
       73760
       73805
       73839
       73932
       73963
       74038
       74073
       74168
       74243
       74252
       74312
       74341
       74343
       74439
       74506
       74537
       74627
       74679
       74695
       74748
       74786
       74800
       74878
       74896
       74958
       74986
       75063
       75088
       75135
       75187
       75218
       75250
       75334
       75412
       75466
       75543
       75561
       75644
       75653
       75751
       75781
       75786
       75877
       75901
       75933
       75973
       76039
       76119
       76120
       76198
       76229
       76315
       76315
       76344
       76392
       76424
       76457
       76461
       76502
       76518
       76539
       76542
       76641
       76669
       76732
       76773
       76775
       76777
       76845
       76909
       76920
       77012
       77077
       77112
       77169
       77174
       77272
       77295
       77372
       77446
       77523
       77602
       77656
       77686
       77776
       77798
       77855
       77880
       77977
       78036
       78132
       78228
       78236
       78244
       78270
       78328
       78382
       78382
       78388
       78416
       78433
       78517
       78550
       78632
       78669
       78698
       78740
       78745
       78834
       78898
       78933
       78945
       79035
       79057
       79154
       79204
       79233
       79315
       79401
       79418
       79500
       79523
       79533
       79540
       79559
       79563
       79601
       79679
       79769
       79798
       79807
       79903
       79957
       80032
       80130
       80162
       80208
       80209
       80219
       80311
       80375
       80466
       80505
       80584
       80637
       80712
       80793
       80796
       80819
       80826
       80923
       80946
       81003
       81023
       81074
       81143
       81220
       81280
       81348
       81405
       81463
       81480
       81486
       81543
       81546
       81560
       81594
       81622
       81643
       81681
       81693
       81784
       81833
       81918
       81996
       82008
       82089
       82142
       82164
       82168
       82247
       82308
       82348
       82377
       82393
       82424
       82446
       82455
       82520
       82552
       82595
       82610
       82676
       82743
       82771
       82837
       82873
       82935
       82963
       83024
       83099
       83196
       83232
       83240
       83309
       83358
       83426
       83434
       83455
       83500
       83513
       83610
       83686
       83709
       83763
       83817
       83837
       83912
       83922
       83955
       84032
       84037
       84124
       84128
       84169
       84222
       84267
       84352
       84391
       84435
       84481
       84550
       84560
       84634
       84724
       84803
       84889
       84922
       84984
       85056
       85127
       85175
       85186
       85263
       85334
       85375
       85387
       85398
       85485
       85581
       85648
       85659
       85716
       85757
       85759
       85785
       85856
       85875
       85914
       86006
       86060
       86063
       86113
       86206
       86277
       86297
       86348
       86405
       86504
       86512
       86541
       86604
       86612
       86670
       86699
       86720
       86743
       86756
       86808
       86817
       86845
       86845
       86867
       86925
       87018
       87049
       87109
       87129
       87209
       87256
       87340
       87394
       87462
       87537
       87555
       87622
       87719
       87766
       87806
       87886
       87953
       87970
       88008
       88073
       88098
       88111
       88200
       88201
       88204
       88248
       88307
       88322
       88358
       88368
       88450
       88494
       88562
       88598
       88677
       88738
       88759
       88821
       88830
       88882
       88889
       88945
       88998
       89042
       89064
       89088
       89088
       89125
       89208
       89289
       89355
       89365
       89451
       89456
       89470
       89472
       89476
       89539
       89576
       89664
       89686
       89747
       89816
       89880
       89901
       89901
       89921
       89937
       89994
       90073
       90117
       90143
       90213
       90267
       90277
       90290
       90357
       90360
       90366
       90398
       90448
       90494
       90512
       90584
       90651
       90685
       90711
       90759
       90807
       90902
       90910
       90938
       90984
       91075
       91126
       91213
       91258
       91297
       91334
       91425
       91505
       91589
       91652
       91712
       91755
       91816
       91871
       91944
       91995
       92035
       92049
       92124
       92213
       92265
       92343
       92415
       92497
       92497
       92535
       92586
       92639
       92675
       92772
       92817
       92893
       92899
       92918
       92984
       93047
       93132
       93166
       93245
       93290
       93333
       93344
       93405
       93433
       93477
       93502
       93505
       93557
       93637
       93637
       93691
       93728
       93806
       93837
       93850
       93914
       93930
       93988
       94014
       94037
       94086
       94139
       94231
       94315
       94388
       94445
       94470
       94475
       94553
       94614
       94688
       94703
       94777
       94844
       94864
       94875
       94970
       94985
       95006
       95027
       95101
       95155
       95203
       95260
       95319
       95343
       95428
       95474
       95559
       95635
       95703
       95759
       95781
       95855
       95888
       95931
       95995
       96006
       96089
       96161
       96259
       96311
       96327
       96426
       96485
       96496
       96505
       96590
       96619
       96687
       96702
       96733
       96797
       96813
       96907
       96966
       96978
       97016
       97111
       97146
       97181
       97232
       97233
       97262
       97356
       97445
       97471
       97515
       97576
       97587
       97622
       97646
       97720
       97747
       97751
       97754
       97769
       97780
       97793
       97816
       97845
       97940
       98035
       98134
       98185
       98212
       98268
       98313
       98330
       98364
       98367
       98392
       98489
       98581
       98625
       98634
       98730
       98799
       98859
       98921
       98922
       98946
       98982
       99047
       99136
       99218
       99276
       99319
       99355
       99372
       99379
       99465
       99487
       99550
       99552
       99586
       99655
       99667
       99709
       99758
       99803
       99850
       99895
       99962
       99986
      100013
      100092
      100110
      100123
      100197
      100204
      100218
      100274
      100297
      100388
      100431
      100481
      100491
      100492
      100586
      100606
      100634
      100696
      100785
      100819
      100874
      100947
      100992
      101048
      101138
      101231
      101231
      101258
      101339
      101424
      101503
      101575
      101575
      101577
      101607
      101698
      101752
      101818
      101892
      101940
      101943
      101969
      102021
      102073
      102082
      102165
      102214
      102313
      102398
      102425
      102502
      102510
      102550
      102568
      102642
      102675
      102677
      102729
      102762
      102788
      102852
      102872
      102885
      102896
      102940
      103018
      103048
      103125
      103165
      103239
      103285
      103298
      103362
      103435
      103479
      103533
      103589
      103630
      103657
      103713
      103731
      103767
      103833
      103882
      103973
      103992
      104017
      104031
      104129
      104227
      104253
      104265
      104333
      104399
      104422
      104481
      104557
      104585
      104591
      104627
      104705
      104722
      104785
      104797
      104888
      104915
      104954
      105038
      105101
      105146
      105210
      105221
      105225
      105271
      105321
      105389
      105454
      105459
      105497
      105588
      105632
      105682
      105728
      105773
      105840
      105904
      105934
      106025
      106070
      106124
      106131
      106215
      106307
      106365
      106371
      106394
      106453
      106530
      106548
      106581
      106664
      106733
      106797
      106843
      106922
      106979
      107027
      107116
      107175
      107248
      107306
      107341
      107393
      107403
      107463
      107482
      107551
      107582
      107618
      107686
      107723
      107778
      107780
      107856
      107951
      108031
      108127
      108195
      108239
      108311
      108324
      108387
      108459
      108529
      108529
      108570
      108629
      108660
      108697
      108741
      108753
      108818
      108897
      108913
      108936
      108938
      108941
      109008
      109072
      109145
      109234
      109275
      109312
      109312
      109334
      109392
      109455
      109477
      109494
      109537
      109586
      109631
      109683
      109764
      109792
      109833
      109925
      109971
      109992
      110035
      110080
      110161
      110212
      110306
      110307
      110391
      110484
      110487
      110551
      110597
      110667
      110744
      110795
      110883
      110951
      110967
      111043
      111129
      111189
      111201
      111206
      111227
      111299
      111391
      111425
      111466
      111466
      111477
      111512
      111594
      111659
      111696
      111766
      111766
      111815
      111857
      111884
      111978
      112066
      112112
      112154
      112215
      112275
      112306
      112345
      112409
      112468
      112505
      112600
      112674
      112757
      112820
      112855
      112921
      112986
      113007
      113058
      113098
      113175
      113189
      113216
      113270
      113315
      113331
      113335
      113345
      113384
      113440
      113509
      113585
      113675
      113697
      113699
      113706
      113771
      113815
      113835
      113886
      113965
      114056
      114122
      114181
      114237
      114319
      114354
      114431
      114515
      114555
      114570
      114602
      114614
      114697
      114739
      114806
      114838
      114838
      114890
      114941
      115003
      115004
      115023
      115097
      115138
      115224
      115239
      115240
      115300
      115393
      115446
      115512
      115521
      115572
      115665
      115748
      115772
      115858
      115908
      115938
      116013
      116043
      116133
      116170
      116249
      116336
      116348
      116356
      116360
      116448
      116494
      116588
      116588
      116625
      116668
      116751
      116808
      116850
      116889
      116988
      117040
      117096
      117190
      117216
      117308
      117363
      117389
      117391
      117465
      117505
      117558
      117649
      117683
      117755
      117819
      117910
      117929
      117968
      118014
      118054
      118141
      118161
      118206
      118295
      118362
      118416
      118501
      118517
      118600
      118687
      118718
      118762
      118774
      118858
      118922
      118965
      118989
      119016
      119086
      119171
      119237
      119310
      119311
      119396
      119436
      119489
      119562
      119631
      119706
      119718
      119817
      119846
      119924
      120008
      120069
      120074
      120079
      120106
      120137
      120140
      120201
      120210
      120223
      120319
      120352
      120410
      120452
      120525
      120594
      120658
      120704
      120802
      120819
      120911
      120961
      121024
      121112
      121130
      121211
      121261
      121282
      121329
      121408
      121446
      121542
      121613
      121676
      121684
      121718
      121788
      121829
      121887
      121972
      122061
      122082
      122102
      122121
      122178
      122264
      122317
      122379
      122380
      122455
      122550
      122629
      122661
      122711
      122723
      122821
      122863
      122916
      122984
      122997
      123079
      123174
      123222
      123228
      123243
      123323
      123386
      123426
      123433
      123457
      123483
      123570
      123643
      123646
      123693
      123719
      123746
      123811
      123860
      123909
      123996
      123997
      124037
      124042
      124064
      124138
      124229
      124256
      124259
      124315
      124363
      124404
      124446
      124495
      124584
      124675
      124715
      124764
      124793
      124848
      124938
      124968
      125039
      125086
      125152
      125190
      125254
      125275
      125365
      125402
      125457
      125508
      125539
      125625
      125666
      125720
      125720
      125801
      125824
      125914
      125995
      126055
      126110
      126175
      126224
      126266
      126362
      126384
      126470
      126558
      126595
      126615
      126620
      126632
      126708
      126782
      126813
      126894
      126933
      127001
      127094
      127110
      127129
      127168
      127260
      127280
      127305
      127346
      127378
      127476
      127494
      127532
      127622
      127700
      127799
      127881
      127974
      128043
      128126
      128147
      128246
      128249
      128281
      128301
      128317
      128405
      128420
      128479
      128524
      128559
      128652
      128746
      128756
      128758
      128803
      128868
      128905
      128907
      128971
      129009
      129026
      129080
      129120
      129211
      129278
      129338
      129368
      129445
      129514
      129514
      129535
      129573
      129670
      129757
      129848
      129866
      129928
      129996
      130056
      130152
      130173
      130266
      130267
      130348
      130393
      130412
      130503
      130596
      130638
      130639
      130656
      130737
      130771
      130862
      130893
      130914
      130964
      131059
      131127
      131188
      131191
      131252
      131278
      131302
      131305
      131391
      131425
      131439
      131474
      131567
      131636
      131710
      131718
      131750
      131813
      131869
      131897
      131994
      132001
      132077
      132168
      132237
      132246
      132247
      132345
      132438
      132501
      132599
      132663
      132749
      132792
      132803
      132839
      132871
      132940
      132959
      132998
      133074
      133160
      133194
      133260
      133325
      133406
      133504
      133559
      133654
      133735
      133764
      133831
      133900
      133943
      133986
      134075
      134156
      134201
      134212
      134273
      134337
      134382
      134481
      134561
      134592
      134610
      134627
      134689
      134718
      134752
      134814
      134814
      134840
      134886
      134955
      134964
      134973
      134984
      135068
      135139
      135152
      135160
      135172
      135215
      135270
      135284
      135311
      135371
      135463
      135520
      135619
      135688
      135706
      135760
      135846
      135868
      135899
      135943
      135956
      135959
      135997
      136073
      136124
      136139
      136213
      136306
      136380
      136400
      136493
      136578
      136627
      136707
      136753
      136792
      136827
      136898
      136937
      137005
      137078
      137163
      137213
      137292
      137312
      137370
      137411
      137473
      137491
      137517
      137608
      137674
      137694
      137705
      137738
      137748
      137783
      137874
      137910
      137976
      138024
      138047
      138066
      138108
      138148
      138148
      138165
      138195
      138245
      138273
      138366
      138423
      138522
      138619
      138695
      138735
      138757
      138852
      138876
      138899
      138916
      138969
      139026
      139085
      139108
      139134
      139223
      139291
      139324
      139364
      139426
      139454
      139535
      139606
      139684
      139727
      139781
      139812
      139877
      139932
      139933
      139937
      140026
      140031
      140074
      140113
      140202
      140255
      140340
      140415
      140504
      140555
      140582
      140608
      140643
      140697
      140792
      140850
      140886
      140973
      141004
      141096
      141195
      141200
      141297
      141371
      141391
      141434
      141482
      141490
      141505
      141532
      141562
      141636
      141688
      141749
      141777
      141780
      141817
      141875
      141959
      141967
      142051
      142081
      142162
      142209
      142241
      142314
      142320
      142335
      142351
      142419
      142423
      142444
      142451
      142460
      142521
      142610
      142669
      142735
      142773
      142840
      142884
      142970
      143028
      143089
      143120
      143167
      143181
      143268
      143280
      143377
      143452
      143547
      143639
      143738
      143766
      143784
      143855
      143948
      143993
      144091
      144124
      144181
      144241
      144338
      144428
      144460
      144467
      144560
      144564
      144595
      144644
      144710
      144783
      144881
      144916
      144918
      144935
      144979
      145028
      145111
      145113
      145149
      145240
      145313
      145369
      145375
      145391
      145486
      145546
      145581
      145631
      145699
      145728
      145797
      145802
      145815
      145844
      145891
      145895
      145984
      145993
      146030
      146043
      146050
      146086
      146126
      146145
      146174
      146210
      146298
      146355
      146411
      146503
      146590
      146667
      146675
      146736
      146750
      146779
      146792
      146873
      146971
      146974
      146978
      147009
      147019
      147046
      147068
      147125
      147165
      147245
      147289
      147292
      147346
      147395
      147485
      147581
      147656
      147665
      147667
      147725
      147785
      147850
      147880
      147907
      147985
      148047
      148098
      148103
      148185
      148235
      148258
      148344
      148365
      148382
      148465
      148490
      148584
      148667
      148708
      148716
      148740
      148800
      148852
      148912
      148963
      148989
      149005
      149049
      149111
      149161
      149228
      149290
      149383
      149482
      149522
      149609
      149619
      149627
      149686
      149735
      149745
      149755
      149845
      149917
      149947
      150026
      150049
      150115
      150180
      150267
      150348
      150366
      150369
      150374
      150461
      150519
      150555
      150640
      150661
      150692
      150766
      150853
      150944
      151002
      151036
      151059
      151158
      151247
      151297
      151354
      151368
      151419
      151473
      151528
      151577
      151599
      151689
      151713
      151726
      151779
      151834
      151892
      151920
      152007
      152026
      152032
      152057
      152107
      152152
      152201
      152208
      152241
      152312
      152405
      152497
      152542
      152550
      152588
      152683
      152711
      152774
      152872
      152933
      153026
      153124
      153218
      153230
      153242
      153336
      153357
      153456
      153511
      153545
      153545
      153600
      153697
      153711
      153772
      153782
      153803
      153817
      153871
      153922
      154021
      154021
      154082
      154144
      154242
      154318
      154365
      154394
      154492
      154580
      154673
      154714
      154778
      154799
      154799
      154816
      154857
      154935
      154935
      155005
      155087
      155088
      155148
      155199
      155218
      155223
      155291
      155321
      155335
      155340
      155375
      155422
      155468
      155555
      155639
      155694
      155700
      155726
      155745
      155758
      155803
      155809
      155824
      155834
      155846
      155945
      155986
      156021
      156033
      156075
      156128
      156171
      156216
      156217
      156252
      156261
      156286
      156305
      156315
      156362
      156370
      156455
      156525
      156533
      156632
      156694
      156726
      156744
      156809
      156898
      156986
      157060
      157081
      157137
      157156
      157198
      157213
      157215
      157309
      157378
      157401
      157431
      157524
      157559
      157584
      157680
      157762
      157770
      157864
      157903
      157928
      157971
      158043
      158068
      158110
      158160
      158161
      158202
      158281
      158373
      158414
      158430
      158488
      158587
      158668
      158736
      158803
      158871
      158911
      158977
      159018
      159114
      159158
      159220
      159309
      159333
      159426
      159482
      159545
      159628
      159694
      159785
      159858
      159882
      159970
      159989
      160003
      160065
      160154
      160248
      160267
      160272
      160339
      160401
      160409
      160457
      160476
      160548
      160604
      160605
      160703
      160716
      160733
      160778
      160827
      160856
      160945
      160989
      161074
      161153
      161224
      161305
      161377
      161469
      161557
      161612
      161649
      161704
      161730
      161757
      161784
      161836
      161864
      161930
      161942
      161960
      161975
      161997
      162043
      162114
      162128
      162136
      162218
      162315
      162316
      162387
      162453
      162543
      162570
      162626
      162666
      162670
      162684
      162723
      162727
      162787
      162868
      162930
      162954
      163040
      163069
      163126
      163222
      163275
      163322
      163363
      163366
      163406
      163498
      163507
      163552
      163615
      163704
      163773
      163853
      163897
      163921
      163995
      164083
      164138
      164193
      164215
      164270
      164339
      164423
      164494
      164502
      164514
      164529
      164626
      164671
      164710
      164723
      164769
      164812
      164873
      164972
      165047
      165057
      165062
      165154
      165177
      165256
      165280
      165331
      165401
      165439
      165498
      165519
      165597
      165692
      165713
      165800
      165843
      165864
      165962
      166036
      166080
      166133
      166142
      166165
      166173
      166210
      166281
      166348
      166415
      166499
      166540
      166599
      166643
      166674
      166715
      166807
      166853
      166913
      166971
      166998
      167046
      167125
      167171
      167223
      167283
      167295
      167378
      167460
      167463
      167530
      167576
      167661
      167671
      167711
      167760
      167823
      167846
      167851
      167934
      167985
      168021
      168056
      168079
      168142
      168153
      168170
      168248
      168277
      168321
      168409
      168450
      168513
      168522
      168620
      168648
      168708
      168773
      168865
      168918
      168944
      169009
      169035
      169074
      169170
      169244
      169289
      169381
      169468
      169533
      169608
      169674
      169695
      169751
      169843
      169902
      169991
      170001
      170001
      170022
      170032
      170050
      170130
      170182
      170215
      170224
      170250
      170278
      170365
      170366
      170380
      170417
      170450
      170503
      170549
      170629
      170671
      170719
      170735
      170761
      170822
      170824
      170851
      170917
      170991
      171059
      171154
      171243
      171273
      171348
      171377
      171425
      171494
      171550
      171648
      171694
      171754
      171816
      171844
      171862
      171877
      171928
      171951
      171987
      171990
      172073
      172133
      172169
      172259
      172322
      172344
      172381
      172473
      172536
      172584
      172674
      172718
      172780
      172820
      172837
      172842
      172912
      172938
      173018
      173050
      173071
      173147
      173163
      173193
      173273
      173274
      173344
      173431
      173464
      173537
      173623
      173718
      173745
      173805
      173844
      173857
      173858
      173889
      173920
      173976
      174064
      174114
      174192
      174240
      174241
      174280
      174372
      174414
      174467
      174491
      174572
      174582
      174587
      174620
      174638
      174694
      174714
      174725
      174744
      174767
      174826
      174850
      174859
      174935
      175008
      175061
      175150
      175200
      175226
      175298
      175367
      175431
      175437
      175469
      175484
      175502
      175557
      175603
      175679
      175725
      175790
      175881
      175929
      175969
      175996
      176069
      176073
      176157
      176242
      176300
      176393
      176461
      176484
      176535
      176537
      176636
      176725
      176748
      176819
      176840
      176869
      176955
      177018
      177103
      177169
      177206
      177273
      177369
      177385
      177453
      177503
      177569
      177604
      177618
      177695
      177772
      177861
      177929
      178027
      178061
      178147
      178224
      178243
      178304
      178362
      178380
      178470
      178540
      178542
      178609
      178633
      178710
      178776
      178848
      178925
      178983
      178998
      179038
      179112
      179193
      179253
      179287
      179350
      179429
      179509
      179583
      179669
      179685
      179722
      179807
      179834
      179839
      179841
      179846
      179858
      179909
      179942
      179963
      179972
      180040
      180117
      180156
      180221
      180289
      180317
      180338
      180413
      180453
      180455
      180531
      180554
      180607
      180695
      180790
      180889
      180932
      180993
      181027
      181094
      181110
      181152
      181230
      181297
      181338
      181342
      181441
      181485
      181529
      181588
      181601
      181676
      181771
      181869
      181878
      181913
      181941
      181969
      181993
      182063
      182095
      182145
      182237
      182260
      182329
      182336
      182369
      182444
      182505
      182517
      182561
      182644
      182736
      182802
      182810
      182877
      182947
      183022
      183102
      183143
      183185
      183205
      183291
      183325
      183390
      183458
      183491
      183506
      183509
      183526
      183597
      183611
      183689
      183755
      183765
      183835
      183858
      183939
      184028
      184054
      184110
      184138
      184206
      184239
      184318
      184411
      184415
      184469
      184498
      184589
      184611
      184699
      184781
      184818
      184850
      184873
      184878
      184922
      185005
      185057
      185139
      185174
      185181
      185199
      185246
      185290
      185336
      185339
      185405
      185413
      185501
      185529
      185540
      185623
      185640
      185714
      185742
      185806
      185833
      185867
      185869
      185884
      185983
      186022
      186052
      186068
      186139
      186149
      186215
      186234
      186321
      186405
      186445
      186517
      186521
      186564
      186577
      186624
      186659
      186677
      186698
      186743
      186803
      186856
      186869
      186934
      186944
      186976
      187065
      187077
      187135
      187172
      187195
      187197
      187246
      187267
      187285
      187351
      187423
      187443
      187488
      187501
      187549
      187597
      187627
      187632
      187654
      187735
      187827
      187913
      187971
      187976
      188001
      188005
      188017
      188037
      188069
      188082
      188121
      188151
      188160
      188221
      188245
      188251
      188345
      188434
      188516
      188543
      188619
      188630
      188659
      188662
      188696
      188753
      188787
      188836
      188901
      188992
      189075
      189106
      189124
      189186
      189190
      189191
      189210
      189294
      189348
      189358
      189438
      189496
      189511
      189543
      189630
      189717
      189804
      189814
      189874
      189877
      189914
      189975
      190023
      190037
      190129
      190150
      190210
      190253
      190321
      190348
      190366
      190399
      190435
      190472
      190567
      190609
      190621
      190695
      190720
      190796
      190863
      190868
      190926
      190952
      191010
      191069
      191132
      191169
      191256
      191277
      191319
      191326
      191370
      191406
      191500
      191532
      191578
      191578
      191578
      191615
      191637
      191641
      191651
      191673
      191749
      191799
      191825
      191880
      191949
      192001
      192013
      192099
      192112
      192197
      192267
      192343
      192430
      192468
      192538
      192575
      192652
      192717
      192733
      192817
      192824
      192855
      192914
      193011
      193081
      193095
      193106
      193184
      193198
      193242
      193272
      193328
      193345
      193414
      193489
      193539
      193618
      193635
      193733
      193812
      193855
      193888
      193965
      194004
      194009
      194064
      194128
      194170
      194201
      194286
      194294
      194330
      194357
      194393
      194464
      194553
      194588
      194684
      194724
      194823
      194872
      194922
      195020
      195057
      195123
      195209
      195302
      195364
      195441
      195522
      195551
      195563
      195599
      195641
      195737
      195827
      195859
      195868
      195884
      195979
      196013
      196057
      196066
      196107
      196187
      196191
      196258
      196347
      196358
      196380
      196429
      196509
      196513
      196573
      196665
      196675
      196747
      196805
      196900
      196903
      196948
      196974
      197025
      197038
      197070
      197111
      197133
      197161
      197191
      197268
      197350
      197430
      197440
      197497
      197569
      197635
      197648
      197701
      197785
      197821
      197904
      197959
      198000
      198042
      198104
      198117
      198128
      198195
      198196
      198274
      198334
      198384
      198387
      198404
      198436
      198481
      198501
      198553
      198640
      198666
      198671
      198733
      198759
      198780
      198809
      198819
      198874
      198964
      198981
      199073
      199099
      199134
      199212
      199305
      199365
      199384
      199472
      199497
      199535
      199633
      199641
      199732
      199765
      199844
      199916
      199925
      200010
      200055
      200130
      200168
      200191
      200261
      200287
      200336
      200420
      200429
      200465
      200544
      200568
      200644
      200680
      200721
      200727
      200730
      200778
      200786
      200864
      200919
      200957
      201021
      201052
      201076
      201097
      201164
      201190
      201215
      201238
      201258
      201258
      201262
      201336
      201374
      201375
      201394
      201414
      201452
      201505
      201545
      201569
      201618
      201629
      201693
      201706
      201779
      201855
      201945
      202012
      202054
      202150
      202203
      202254
      202334
      202357
      202383
      202450
      202502
      202551
      202639
      202695
      202708
      202782
      202866
      202925
      202985
      203041
      203097
      203123
      203138
      203157
      203191
      203197
      203250
      203270
      203286
      203320
      203408
      203478
      203537
      203595
      203621
      203660
      203714
      203799
      203856
      203895
      203963
      204059
      204068
      204135
      204166
      204198
      204231
      204325
      204378
      204421
      204458
      204460
      204527
      204546
      204553
      204591
      204591
      204613
      204622
      204674
      204745
      204814
      204879
      204939
      204979
      205035
      205120
      205159
      205210
      205309
      205395
      205483
      205551
      205606
      205694
      205777
      205830
      205883
      205903
      205959
      206028
      206118
      206123
      206165
      206233
      206251
      206254
      206342
      206393
      206439
      206500
      206571
      206571
      206649
      206696
      206793
      206881
      206892
      206944
      206945
      206952
      206954
      207027
      207066
      207093
      207172
      207204
      207224
      207231
      207250
      207328
      207426
      207436
      207512
      207593
      207629
      207669
      207713
      207744
      207774
      207774
      207817
      207864
      207938
      208035
      208038
      208053
      208096
      208174
      208240
      208293
      208350
      208421
      208517
      208521
      208534
      208610
      208657
      208723
      208765
      208774
      208868
      208880
      208881
      208963
      208984
      209080
      209166
      209201
      209293
      209302
      209394
      209439
      209479
      209555
      209603
      209674
      209752
      209821
      209903
      209963
      210055
      210068
      210129
      210129
      210136
      210208
      210283
      210368
      210408
      210477
      210501
      210547
      210564
      210571
      210617
      210643
      210694
      210784
      210865
      210884
      210961
      211016
      211051
      211081
      211123
      211209
      211233
      211240
      211255
      211323
      211382
      211432
      211506
      211516
      211558
      211595
      211673
      211755
      211804
      211828
      211874
      211966
      211997
      212037
      212043
      212108
      212184
      212241
      212283
      212318
      212362
      212431
      212444
      212529
      212544
      212588
      212684
      212718
      212805
      212890
      212913
      212951
      213001
      213057
      213057
      213105
      213114
      213180
      213271
      213310
      213369
      213418
      213435
      213472
      213498
      213539
      213572
      213612
      213677
      213775
      213834
      213849
      213929
      213986
      214018
      214059
      214087
      214163
      214236
      214258
      214329
      214348
      214440
      214478
      214478
      214570
      214642
      214732
      214794
      214814
      214832
      214843
      214940
      214942
      214976
      215019
      215032
      215109
      215193
      215282
      215285
      215305
      215357
      215443
      215516
      215593
      215616
      215693
      215771
      215847
      215851
      215881
      215953
      215979
      216075
      216079
      216132
      216212
      216215
      216245
      216268
      216307
      216325
      216361
      216455
      216542
      216634
      216651
      216705
      216786
      216845
      216897
      216962
      217010
      217023
      217059
      217151
      217225
      217228
      217312
      217323
      217408
      217455
      217517
      217588
      217614
      217616
      217656
      217673
      217704
      217756
      217805
      217901
      217948
      217980
      218066
      218093
      218177
      218242
      218333
      218411
      218505
      218536
      218605
      218622
      218717
      218788
      218807
      218903
      218921
      219012
      219107
      219197
      219259
      219348
      219385
      219389
      219418
      219493
      219566
      219611
      219652
      219727
      219756
      219768
      219777
      219858
      219942
      219963
      220004
      220101
      220190
      220281
      220359
      220367
      220436
      220471
      220523
      220532
      220563
      220647
      220655
      220717
      220756
      220796
      220870
      220946
      220978
      221017
      221029
      221065
      221161
      221214
      221230
      221274
      221316
      221395
      221443
      221510
      221513
      221570
      221649
      221737
      221756
      221843
      221849
      221867
      221965
      222035
      222103
      222161
      222258
      222345
      222417
      222436
      222437
      222521
      222568
      222616
      222709
      222748
      222817
      222828
      222847
      222890
      222981
      223025
      223031
      223064
      223126
      223150
      223233
      223255
      223331
      223366
      223459
      223515
      223579
      223622
      223676
      223688
      223745
      223782
      223850
      223895
      223970
      223988
      224001
      224032
      224103
      224192
      224234
      224242
      224341
      224370
      224417
      224472
      224506
      224569
      224569
      224646
      224728
      224801
      224828
      224927
      224991
      225052
      225083
      225122
      225174
      225192
      225236
      225266
      225359
      225377
      225461
      225538
      225571
      225661
      225704
      225786
      225791
      225888
      225958
      226026
      226072
      226105
      226118
      226209
      226269
      226273
      226360
      226374
      226412
      226426
      226515
      226562
      226578
      226635
      226709
      226791
      226827
      226894
      226922
      227006
      227104
      227185
      227187
      227262
      227327
      227418
      227516
      227589
      227647
      227663
      227698
      227771
      227796
      227827
      227895
      227895
      227987
      228072
      228164
      228251
      228323
      228413
      228445
      228543
      228635
      228680
      228716
      228744
      228812
      228848
      228851
      228932
      228944
      229041
      229086
      229116
      229149
      229215
      229262
      229352
      229387
      229440
      229525
      229572
      229662
      229687
      229721
      229788
      229813
      229857
      229920
      229930
      230016
      230111
      230121
      230201
      230271
      230280
      230301
      230307
      230366
      230447
      230498
      230514
      230608
      230679
      230720
      230811
      230829
      230911
      230989
      230997
      231043
      231058
      231094
      231135
      231220
      231251
      231333
      231417
      231457
      231556
      231632
      231731
      231783
      231850
      231874
      231951
      232035
      232044
      232052
      232076
      232112
      232143
      232223
      232290
      232323
      232413
      232481
      232515
      232593
      232625
      232648
      232694
      232768
      232859
      232865
      232940
      232953
      232987
      232989
      233078
      233154
      233222
      233237
      233267
      233294
      233385
      233394
      233477
      233572
      233622
      233705
      233804
      233881
      233894
      233961
      234055
      234076
      234151
      234240
      234330
      234385
      234405
      234493
      234511
      234564
      234570
      234599
      234660
      234723
      234805
      234881
      234963
      235041
      235117
      235134
      235157
      235225
      235258
      235304
      235385
      235401
      235489
      235538
      235625
      235641
      235697
      235744
      235811
      235870
      235916
      236001
      236040
      236063
      236128
      236220
      236287
      236344
      236355
      236446
      236488
      236569
      236613
      236624
      236682
      236722
      236761
      236831
      236925
      236992
      237063
      237130
      237158
      237239
      237239
      237308
      237402
      237444
      237508
      237534
      237550
      237579
      237579
      237580
      237654
      237688
      237770
      237782
      237828
      237925
      237973
      238036
      238130
      238197
      238280
      238305
      238401
      238415
      238487
      238491
      238494
      238579
      238654
      238741
      238742
      238831
      238903
      238912
      238952
      239020
      239112
      239208
      239247
      239300
      239353
      239396
      239468
      239539
      239634
      239715
      239724
      239793
      239860
      239893
      239910
      239959
      240052
      240072
      240085
      240087
      240132
      240193
      240206
      240236
      240259
      240269
      240291
      240292
      240295
      240307
      240348
      240425
      240441
      240461
      240559
      240625
      240652
      240653
      240658
      240753
      240837
      240882
      240916
      240955
      241008
      241097
      241106
      241117
      241155
      241238
      241307
      241341
      241380
      241398
      241481
      241492
      241553
      241645
      241674
      241740
      241806
      241831
      241835
      241868
      241922
      241926
      241962
      242035
      242047
      242074
      242085
      242107
      242137
      242207
      242290
      242290
      242321
      242388
      242416
      242446
      242458
      242499
      242563
      242628
      242711
      242789
      242839
      242874
      242934
      242951
      243030
      243093
      243158
      243171
      243266
      243309
      243367
      243380
      243390
      243471
      243517
      243579
      243657
      243741
      243765
      243859
      243889
      243961
      243991
      244081
      244111
      244208
      244236
      244264
      244356
      244432
      244520
      244595
      244653
      244741
      244783
      244800
      244896
      244903
      245002
      245094
      245192
      245236
      245274
      245337
      245380
      245412
      245476
      245547
      245563
      245603
      245642
      245692
      245771
      245782
      245834
      245876
      245891
      245924
      246013
      246074
      246077
      246164
      246164
      246209
      246275
      246367
      246396
      246402
      246453
      246521
      246550
      246635
      246662
      246682
      246772
      246821
      246896
      246932
      246993
      247086
      247091
      247100
      247190
      247252
      247292
      247391
      247413
      247499
      247554
      247616
      247629
      247642
      247703
      247708
      247767
      247841
      247862
      247910
      247933
      248019
      248029
      248068
      248147
      248171
      248187
      248206
      248218
      248302
      248321
      248365
      248438
      248454
      248497
      248513
      248590
      248640
      248733
      248791
      248862
      248957
      248980
      249051
      249077
      249079
      249128
      249220
      249236
      249325
      249390
      249421
      249486
      249538
      249596
      249641
      249706
      249788
      249788
      249848
      249946
      249974
      250013
      250065
      250080
      250103
      250177
      250213
      250272
      250331
      250334
      250373
      250386
      250484
      250530
      250545
      250589
      250651
      250704
      250741
      250816
      250862
      250886
      250960
      250962
      251016
      251056
      251062
      251080
      251089
      251173
      251183
      251236
      251288
      251290
      251314
      251319
      251343
      251389
      251396
      251456
      251529
      251590
      251618
      251674
      251686
      251711
      251717
      251792
      251820
      251869
      251948
      252037
      252041
      252056
      252101
      252116
      252177
      252253
      252329
      252383
      252466
      252481
      252522
      252527
      252548
      252634
      252689
      252721
      252730
      252799
      252873
      252873
      252957
      253045
      253103
      253196
      253211
      253273
      253300
      253385
      253469
      253517
      253535
      253609
      253672
      253762
      253844
      253866
      253962
      254052
      254109
      254194
      254197
      254199
      254243
      254256
      254307
      254367
      254374
      254448
      254474
      254485
      254576
      254623
      254690
      254763
      254772
      254791
      254879
      254974
      254988
      255007
      255046
      255083
      255102
      255151
      255162
      255175
      255221
      255241
      255273
      255276
      255346
      255437
      255533
      255616
      255635
      255651
      255654
      255668
      255688
      255691
      255727
      255784
      255880
      255975
      256072
      256167
      256193
      256196
      256211
      256216
      256233
      256262
      256314
      256363
      256388
      256392
      256474
      256529
      256542
      256582
      256590
      256617
      256675
      256695
      256777
      256859
      256892
      256907
      256934
      256965
      257057
      257128
      257175
      257226
      257229
      257230
      257278
      257293
      257313
      257367
      257438
      257514
      257554
      257641
      257733
      257823
      257907
      257977
      257984
      258018
      258103
      258120
      258147
      258246
      258288
      258368
      258386
      258433
      258507
      258527
      258588
      258608
      258641
      258719
      258720
      258731
      258797
      258866
      258953
      259004
      259099
      259179
      259257
      259292
      259323
      259338
      259416
      259452
      259521
      259534
      259555
      259636
      259706
      259715
      259764
      259817
      259843
      259901
      259920
      259947
      260035
      260093
      260169
      260177
      260230
      260279
      260333
      260389
      260400
      260495
      260520
      260616
      260662
      260760
      260843
      260875
      260890
      260901
      260918
      260933
      261006
      261009
      261085
      261124
      261181
      261237
      261331
      261413
      261460
      261541
      261583
      261662
      261705
      261733
      261774
      261788
      261813
      261869
      261932
      261990
      262058
      262125
      262183
      262211
      262304
      262310
      262314
      262359
      262433
      262502
      262571
      262613
      262706
      262708
      262761
      262802
      262893
      262894
      262929
      262937
      262967
      263027
      263090
      263096
      263150
      263222
      263259
      263342
      263413
      263477
      263512
      263574
      263622
      263679
      263748
      263768
      263791
      263822
      263894
      263943
      264027
      264033
      264089
      264126
      264180
      264228
      264234
      264287
      264377
      264455
      264502
      264545
      264559
      264586
      264612
      264619
      264624
      264638
      264696
      264722
      264786
      264813
      264813
      264866
      264931
      264945
      265016
      265048
      265053
      265148
      265218
      265245
      265289
      265307
      265366
      265424
      265457
      265555
      265558
      265577
      265637
      265699
      265774
      265807
      265870
      265965
      266024
      266026
      266066
      266090
      266148
      266227
      266254
      266315
      266375
      266466
      266521
      266590
      266615
      266658
      266677
      266755
      266823
      266864
      266900
      266946
      266979
      267043
      267127
      267166
      267217
      267226
      267283
      267291
      267313
      267314
      267358
      267422
      267500
      267566
      267626
      267704
      267720
      267750
      267819
      267843
      267846
      267856
      267870
      267910
      267920
      268017
      268100
      268161
      268194
      268259
      268349
      268353
      268451
      268523
      268555
      268642
      268731
      268804
      268870
      268963
      269036
      269110
      269135
      269206
      269270
      269345
      269385
      269463
      269483
      269513
      269536
      269618
      269688
      269692
      269737
      269819
      269890
      269949
      269988
      270043
      270065
      270100
      270139
      270178
      270245
      270274
      270309
      270358
      270426
      270515
      270541
      270619
      270658
      270690
      270766
      270789
      270831
      270890
      270979
      271075
      271174
      271224
      271260
      271269
      271282
      271335
      271393
      271462
      271509
      271591
      271622
      271682
      271749
      271816
      271870
      271889
      271968
      272013
      272075
      272171
      272255
      272341
      272411
      272498
      272565
      272601
      272649
      272681
      272732
      272794
      272872
      272913
      272917
      272940
      272963
      272968
      273016
      273077
      273165
      273222
      273259
      273323
      273335
      273367
      273374
      273397
      273428
      273508
      273573
      273620
      273698
      273730
      273765
      273854
      273930
      274018
      274091
      274172
      274270
      274357
      274443
      274460
      274549
      274643
      274679
      274733
      274775
      274809
      274886
      274948
      275011
      275046
      275079
      275140
      275146
      275153
      275208
      275295
      275337
      275339
      275369
      275435
      275525
      275547
      275595
      275639
      275704
      275737
      275774
      275829
      275888
      275984
      276081
      276173
      276178
      276179
      276259
      276278
      276309
      276362
      276363
      276439
      276499
      276504
      276513
      276525
      276558
      276562
      276580
      276651
      276653
      276718
      276816
      276895
      276976
      277012
      277015
      277055
      277062
      277154
      277240
      277326
      277352
      277409
      277423
      277469
      277540
      277618
      277639
      277712
      277722
      277788
      277851
      277930
      277946
      278018
      278081
      278097
      278109
      278189
      278228
      278260
      278310
      278368
      278409
      278462
      278478
      278546
      278552
      278587
      278664
      278720
      278734
      278752
      278850
      278890
      278987
      279060
      279110
      279165
      279260
      279289
      279322
      279354
      279354
      279428
      279463
      279532
      279553
      279554
      279645
      279692
      279772
      279796
      279878
      279963
      280004
      280078
      280099
      280117
      280193
      280198
      280296
      280384
      280471
      280567
      280587
      280625
      280705
      280771
      280817
      280822
      280835
      280905
      280972
      281048
      281094
      281121
      281170
      281213
      281232
      281263
      281273
      281332
      281342
      281427
      281474
      281504
      281587
      281665
      281666
      281733
      281807
      281886
      281938
      282018
      282063
      282142
      282149
      282159
      282243
      282276
      282321
      282408
      282413
      282413
      282419
      282436
      282474
      282474
      282560
      282650
      282674
      282708
      282721
      282727
      282740
      282815
      282825
      282889
      282968
      283041
      283117
      283164
      283167
      283259
      283329
      283389
      283404
      283407
      283501
      283583
      283625
      283653
      283750
      283822
      283836
      283913
      283921
      284004
      284029
      284082
      284087
      284156
      284194
      284231
      284270
      284325
      284407
      284448
      284483
      284521
      284540
      284556
      284637
      284644
      284675
      284705
      284721
      284782
      284858
      284933
      284970
      284978
      285064
      285106
      285137
      285218
      285240
      285258
      285311
      285339
      285430
      285527
      285569
      285612
      285669
      285750
      285779
      285794
      285873
      285935
      286006
      286076
      286149
      286160
      286166
      286174
      286253
      286316
      286400
      286404
      286455
      286458
      286492
      286589
      286628
      286679
      286735
      286808
      286863
      286910
      286982
      287077
      287102
      287192
      287200
      287233
      287270
      287280
      287371
      287377
      287473
      287529
      287573
      287590
      287685
      287768
      287844
      287919
      287935
      287943
      288036
      288097
      288138
      288225
      288278
      288301
      288303
      288384
      288474
      288518
      288567
      288625
      288697
      288697
      288785
      288852
      288947
      288953
      288967
      289059
      289149
      289198
      289236
      289333
      289385
      289464
      289558
      289573
      289635
      289714
      289771
      289790
      289878
      289933
      289957
      290054
      290095
      290128
      290189
      290216
      290262
      290327
      290329
      290385
      290447
      290527
      290586
      290591
      290620
      290643
      290684
      290695
      290752
      290825
      290851
      290948
      290954
      291008
      291080
      291089
      291166
      291240
      291312
      291398
      291401
      291476
      291511
      291603
      291617
      291675
      291701
      291771
      291781
      291828
      291904
      291992
      292054
      292086
      292130
      292225
      292294
      292314
      292365
      292434
      292489
      292532
      292585
      292624
      292698
      292777
      292845
      292870
      292930
      293016
      293048
      293138
      293184
      293267
      293306
      293386
      293451
      293488
      293515
      293567
      293622
      293702
      293764
      293856
      293943
      294035
      294125
      294159
      294177
      294192
      294259
      294271
      294342
      294406
      294503
      294503
      294514
      294599
      294642
      294683
      294776
      294840
      294865
      294866
      294957
      295001
      295054
      295074
      295105
      295151
      295220
      295293
      295367
      295381
      295456
      295550
      295558
      295612
      295682
      295749
      295807
      295867
      295909
      295934
      295984
      295999
      296009
      296024
      296083
      296139
      296196
      296214
      296217
      296280
      296375
      296445
      296472
      296519
      296553
      296635
      296639
      296734
      296821
      296871
      296970
      297019
      297043
      297127
      297190
      297190
      297250
      297275
      297350
      297350
      297362
      297443
      297456
      297467
      297519
      297537
      297562
      297573
      297598
      297644
      297682
      297746
      297757
      297803
      297875
      297974
      297985
      298008
      298061
      298158
      298238
      298239
      298270
      298360
      298365
      298387
      298432
      298488
      298554
      298635
      298714
      298746
      298757
      298767
      298780
      298808
      298857
      298857
      298920
      298960
      299040
      299135
      299158
      299182
      299199
      299259
      299348
      299349
      299355
      299382
      299451
      299517
      299542
      299573
      299583
      299610
      299648
      299652
      299655
      299655
      299689
      299768
      299821
      299890
      299901
      299921
      299964
      299970
      300031
      300035
      300096
      300189
      300235
      300243
      300302
      300343
      300377
      300400
      300405
      300478
      300551
      300632
      300639
      300672
      300703
      300732
      300793
      300807
      300856
      300863
      300942
      300985
      301012
      301024
      301058
      301083
      301139
      301172
      301210
      301212
      301279
      301354
      301365
      301444
      301522
      301616
      301654
      301729
      301776
      301861
      301912
      302008
      302059
      302112
      302163
      302251
      302313
      302347
      302369
      302394
      302475
      302486
      302574
      302634
      302639
      302704
      302782
      302862
      302901
      302921
      302938
      302950
      303027
      303077
      303086
      303184
      303234
      303330
      303422
      303428
      303495
      303587
      303685
      303706
      303753
      303844
      303872
      303953
      303997
      304088
      304091
      304157
      304185
      304206
      304241
      304248
      304249
      304311
      304397
      304465
      304548
      304635
      304667
      304667
      304687
      304732
      304810
      304832
      304896
      304916
      304992
      305051
      305081
      305098
      305118
      305144
      305203
      305231
      305307
      305335
      305416
      305453
      305513
      305606
      305675
      305685
      305711
      305798
      305837
      305869
      305929
      306023
      306067
      306091
      306159
      306242
      306283
      306353
      306415
      306446
      306454
      306519
      306599
      306611
      306675
      306679
      306708
      306736
      306774
      306794
      306816
      306825
      306917
      306943
      307029
      307089
      307146
      307189
      307255
      307273
      307310
      307401
      307424
      307472
      307564
      307604
      307675
      307693
      307767
      307824
      307874
      307885
      307982
      308030
      308089
      308132
      308164
      308168
      308192
      308270
      308289
      308313
      308355
      308394
      308455
      308501
      308555
      308574
      308643
      308740
      308831
      308895
      308938
      309023
      309074
      309101
      309132
      309210
      309309
      309317
      309334
      309360
      309451
      309472
      309539
      309550
      309605
