           4
          54
         143
         171
         222
         274
         315
         333
         343
         382
         471
         569
         594
         617
         628
         712
         731
         747
         834
         853
         924
        1018
        1040
        1053
        1067
        1125
        1203
        1291
        1360
        1386
        1455
        1464
        1467
        1472
        1569
        1628
        1654
        1743
        1752
        1836
        1928
        1956
        1964
        2046
        2065
        2156
        2198
        2208
        2287
        2317
        2381
        2474
        2519
        2617
        2711
        2744
        2790
        2843
        2894
        2917
        2998
        3012
        3056
        3130
        3184
        3263
        3277
        3367
        3451
        3465
        3529
        3542
        3637
        3735
        3766
        3847
        3886
        3928
        3996
        4038
        4136
        4190
        4201
        4294
        4386
        4480
        4538
        4563
        4570
        4651
        4691
        4691
        4760
        4789
        4789
        4856
        4885
        4920
        4931
        4970
        5035
        5105
        5200
        5204
        5269
        5309
        5387
        5418
        5489
        5519
        5568
        5660
        5708
        5748
        5831
        5922
        5981
        6071
        6097
        6145
        6168
        6202
        6297
        6332
        6347
        6353
        6406
        6482
        6493
        6573
        6590
        6591
        6687
        6782
        6868
        6885
        6909
        6978
        6979
        7017
        7029
        7120
        7147
        7148
        7177
        7266
        7337
        7370
        7426
        7505
        7541
        7544
        7578
        7659
        7715
        7804
        7882
        7882
        7946
        7992
        8005
        8098
        8166
        8224
        8279
        8293
        8333
        8410
        8475
        8506
        8577
        8583
        8631
        8638
        8726
        8770
        8835
        8930
        8932
        8953
        8985
        8994
        9056
        9119
        9165
        9193
        9265
        9328
        9401
        9413
        9472
        9542
        9549
        9572
        9665
        9712
        9715
        9748
        9841
        9913
        9956
        9997
       10000
       10085
       10148
       10160
       10237
       10246
       10344
       10377
       10440
       10469
       10507
       10582
       10681
       10692
       10745
       10827
       10871
       10962
       11052
       11062
       11095
       11184
       11199
       11286
       11324
       11336
       11430
       11501
       11526
       11533
       11546
       11632
       11686
       11690
       11758
       11811
       11815
       11862
       11909
       12003
       12029
       12119
       12149
       12169
       12237
       12274
       12337
       12341
       12393
       12410
       12494
       12590
       12625
       12704
       12743
       12837
       12862
       12922
       12968
       12977
       13025
       13071
       13162
       13198
       13289
       13353
       13429
       13499
       13508
       13572
       13655
       13748
       13756
       13816
       13903
       14001
       14058
       14103
       14157
       14209
       14246
       14270
       14271
       14365
       14439
       14474
       14505
       14534
       14593
       14678
       14708
       14760
       14821
       14846
       14886
       14910
       14937
       14962
       15009
       15100
       15120
       15218
       15246
       15246
       15323
       15341
       15386
       15479
       15496
       15530
       15598
       15672
       15683
       15729
       15731
       15752
       15790
       15801
       15841
       15914
       15997
       16017
       16111
       16166
       16263
       16361
       16405
       16480
       16525
       16529
       16592
       16641
       16677
       16723
       16753
       16795
       16827
       16890
       16909
       16951
       16953
       16989
       16995
       17064
       17140
       17145
       17152
       17250
       17310
       17363
       17436
       17495
       17588
       17644
       17680
       17692
       17731
       17799
       17807
       17900
       17938
       17992
       18020
       18040
       18054
       18109
       18143
       18196
       18269
       18280
       18355
       18391
       18482
       18489
       18512
       18522
       18601
       18672
       18696
       18792
       18836
       18840
       18908
       18931
       18994
       19014
       19053
       19149
       19217
       19239
       19257
       19267
       19281
       19306
       19361
       19394
       19411
       19411
       19476
       19574
       19574
       19585
       19599
       19610
       19684
       19703
       19708
       19744
       19839
       19875
       19949
       19999
       20097
       20100
       20136
       20159
       20200
       20233
       20292
       20318
       20369
       20434
       20480
       20570
       20660
       20755
       20804
       20901
       20942
       20954
       21003
       21009
       21038
       21060
       21156
       21222
       21311
       21374
       21374
       21394
       21430
       21465
       21564
       21592
       21648
       21726
       21749
       21780
       21801
       21813
       21896
       21931
       21968
       22060
       22102
       22106
       22155
       22217
       22240
       22251
       22287
       22377
       22440
       22511
       22598
       22625
       22707
       22725
       22806
       22896
       22960
       23035
       23096
       23130
       23142
       23167
       23265
       23322
       23363
       23370
       23412
       23487
       23514
       23557
       23641
       23692
       23738
       23772
       23843
       23862
       23957
       23965
       23990
       24036
       24082
       24145
       24165
       24225
       24282
       24344
       24429
       24433
       24447
       24489
       24529
       24622
       24706
       24787
       24791
       24836
       24920
       24926
       24977
       25032
       25078
       25171
       25269
       25295
       25378
       25402
       25436
       25457
       25505
       25510
       25543
       25544
       25633
       25686
       25763
       25786
       25820
       25821
       25839
       25930
       26022
       26023
       26120
       26198
       26284
       26381
       26436
       26482
       26498
       26558
       26594
       26668
       26744
       26800
       26886
       26890
       26895
       26925
       26994
       27044
       27077
       27111
       27207
       27299
       27345
       27392
       27412
       27438
       27490
       27589
       27645
       27711
       27809
       27819
       27824
       27834
       27839
       27928
       27979
       28075
       28161
       28249
       28291
       28359
       28433
       28481
       28567
       28611
       28624
       28709
       28763
       28763
       28826
       28900
       28970
       29019
       29026
       29113
       29130
       29197
       29211
       29281
       29342
       29397
       29446
       29535
       29536
       29606
       29618
       29632
       29726
       29730
       29820
       29887
       29901
       29924
       29987
       30013
       30103
       30188
       30190
       30220
       30310
       30347
       30384
       30438
       30481
       30500
       30512
       30524
       30604
       30627
       30711
       30754
       30778
       30804
       30879
       30885
       30960
       31041
       31096
       31120
       31200
       31239
       31304
       31374
       31379
       31460
       31551
       31631
       31729
       31781
       31832
       31870
       31964
       32027
       32119
       32176
       32265
       32290
       32351
       32378
       32454
       32489
       32563
       32591
       32671
       32702
       32733
       32829
       32861
       32871
       32888
       32974
       33033
       33129
       33160
       33193
       33208
       33283
       33336
       33417
       33440
       33480
       33495
       33540
       33593
       33632
       33654
       33672
       33755
       33795
       33812
       33851
       33942
       34038
       34122
       34178
       34261
       34327
       34365
       34440
       34468
       34490
       34560
       34616
       34705
       34785
       34872
       34955
       34956
       35014
       35091
       35166
       35251
       35254
       35269
       35330
       35429
       35508
       35578
       35629
       35631
       35701
       35708
       35731
       35785
       35785
       35810
       35900
       35969
       35995
       36083
       36170
       36199
       36229
       36274
       36324
       36407
       36440
       36467
       36494
       36545
       36639
       36690
       36709
       36753
       36849
       36934
       37009
       37010
       37059
       37095
       37113
       37212
       37230
       37240
       37292
       37391
       37421
       37437
       37535
       37565
       37623
       37660
       37741
       37830
       37879
       37960
       38021
       38104
       38186
       38264
       38331
       38423
       38504
       38538
       38619
       38700
       38766
       38786
       38791
       38818
       38832
       38873
       38873
       38887
       38918
       38969
       39062
       39156
       39237
       39291
       39383
       39428
       39516
       39548
       39606
       39691
       39769
       39812
       39897
       39966
       40019
       40101
       40120
       40130
       40202
       40296
       40375
       40413
       40481
       40579
       40618
       40643
       40667
       40672
       40700
       40733
       40809
       40830
       40849
       40907
       40952
       40990
       41059
       41060
       41147
       41166
       41250
       41299
       41362
       41429
       41488
       41529
       41569
       41633
       41720
       41772
       41800
       41830
       41865
       41915
       41927
       42023
       42090
       42150
       42190
       42198
       42271
       42348
       42383
       42415
       42462
       42549
       42606
       42642
       42709
       42803
       42840
       42882
       42892
       42983
       43049
       43062
       43139
       43179
       43203
       43240
       43294
       43294
       43370
       43379
       43393
       43431
       43456
       43537
       43558
       43644
       43712
       43713
       43735
       43748
       43822
       43904
       43937
       44004
       44051
       44108
       44156
       44182
       44210
       44252
       44272
       44274
       44342
       44359
       44359
       44368
       44434
       44523
       44586
       44657
       44667
       44670
       44677
       44697
       44788
       44815
       44844
       44865
       44892
       44901
       44956
       45035
       45065
       45114
       45120
       45139
       45223
       45270
       45365
       45397
       45431
       45527
       45586
       45624
       45647
       45655
       45662
       45696
       45755
       45841
       45902
       45995
       46044
       46077
       46152
       46244
       46296
       46388
       46485
       46522
       46604
       46664
       46692
       46776
       46837
       46900
       46962
       47050
       47105
       47138
       47224
       47287
       47345
       47386
       47449
       47543
       47612
       47710
       47772
       47866
       47886
       47945
       47946
       48036
       48116
       48129
       48140
       48162
       48233
       48269
       48277
       48334
       48406
       48504
       48572
       48659
       48681
       48692
       48781
       48800
       48829
       48923
       49011
       49092
       49107
       49204
       49246
       49290
       49335
       49396
       49468
       49473
       49546
       49550
       49637
       49734
       49734
       49799
       49830
       49874
       49897
       49919
       49978
       50061
       50071
       50098
       50108
       50176
       50206
       50272
       50291
       50315
       50339
       50357
       50447
       50450
       50533
       50573
       50585
       50663
       50701
       50757
       50809
       50877
       50886
       50909
       50920
       50959
       51046
       51100
       51139
       51217
       51218
       51294
       51356
       51429
       51484
       51557
       51592
       51642
       51713
       51806
       51830
       51854
       51916
       51936
       52033
       52129
       52206
       52222
       52261
       52306
       52385
       52421
       52459
       52549
       52601
       52686
       52691
       52759
       52814
       52823
       52825
       52903
       52961
       53047
       53081
       53095
       53107
       53124
       53177
       53188
       53244
       53327
       53395
       53408
       53507
       53581
       53585
       53645
       53699
       53752
       53766
       53807
       53889
       53920
       53941
       53952
       53962
       54041
       54122
       54179
       54181
       54224
       54261
       54295
       54342
       54389
       54422
       54440
       54528
       54561
       54638
       54690
       54769
       54825
       54832
       54837
       54903
       54958
       55040
       55133
       55214
       55253
       55309
       55408
       55500
       55559
       55578
       55639
       55659
       55709
       55741
       55807
       55894
       55919
       55946
       56028
       56118
       56199
       56233
       56320
       56350
       56364
       56434
       56510
       56590
       56652
       56692
       56750
       56771
       56806
       56888
       56921
       56937
       56944
       57002
       57036
       57107
       57116
       57119
       57124
       57136
       57225
       57283
       57368
       57464
       57489
       57539
       57579
       57640
       57695
       57716
       57771
       57803
       57811
       57844
       57916
       57920
       57961
       57965
       58046
       58075
       58101
       58197
       58273
       58343
       58368
       58379
       58457
       58554
       58559
       58579
       58605
       58613
       58625
       58660
       58744
       58836
       58898
       58906
       58993
       59049
       59054
       59117
       59143
       59230
       59289
       59369
       59433
       59448
       59501
       59537
       59588
       59652
       59739
       59797
       59850
       59900
       59988
       60024
       60094
       60106
       60144
       60155
       60245
       60297
       60304
       60349
       60366
       60368
       60381
       60451
       60497
       60572
       60582
       60621
       60677
       60679
       60693
       60718
       60788
       60841
       60861
       60910
       60986
       61008
       61055
       61097
       61124
       61129
       61177
       61256
       61308
       61398
       61487
       61498
       61552
       61560
       61572
       61640
       61692
       61772
       61845
       61885
       61984
       62008
       62060
       62092
       62104
       62112
       62171
       62182
       62262
       62303
       62336
       62411
       62416
       62481
       62485
       62532
       62566
       62575
       62579
       62619
       62688
       62742
       62837
       62881
       62979
       62983
       63053
       63087
       63136
       63207
       63242
       63336
       63391
       63419
       63436
       63451
       63480
       63493
       63541
       63541
       63590
       63684
       63725
       63795
       63864
       63912
       63940
       64028
       64103
       64162
       64215
       64286
       64288
       64331
       64376
       64423
       64499
       64543
       64627
       64638
       64713
       64739
       64790
       64795
       64833
       64901
       64995
       65023
       65081
       65165
       65174
       65266
       65347
       65369
       65441
       65512
       65611
       65678
       65708
       65735
       65753
       65821
       65887
       65981
       66021
       66053
       66073
       66146
       66221
       66318
       66373
       66398
       66410
       66468
       66563
       66576
       66625
       66695
       66794
       66819
       66904
       66965
       67035
       67086
       67163
       67213
       67298
       67339
       67404
       67493
       67543
       67554
       67639
       67720
       67755
       67779
       67843
       67885
       67967
       68003
       68010
       68080
       68158
       68179
       68195
       68231
       68274
       68275
       68280
       68317
       68371
       68417
       68437
       68478
       68547
       68637
       68674
       68742
       68792
       68886
       68927
       68958
       69045
       69141
       69223
       69240
       69295
       69296
       69389
       69461
       69556
       69655
       69740
       69806
       69829
       69909
       69980
       70067
       70098
       70165
       70207
       70293
       70388
       70398
       70405
       70405
       70468
       70504
       70522
       70617
       70630
       70690
       70777
       70802
       70901
       70911
       70959
       70998
       71043
       71135
       71157
       71197
       71229
       71263
       71286
       71367
       71448
       71468
       71509
       71532
       71571
       71611
       71671
       71693
       71717
       71777
       71855
       71926
       72008
       72031
       72076
       72147
       72233
       72292
       72302
       72376
       72409
       72443
       72499
       72503
       72533
       72606
       72642
       72667
       72717
       72734
       72754
       72846
       72937
       72966
       73055
       73095
       73122
       73199
       73256
       73321
       73395
       73413
       73419
       73480
       73548
       73576
       73613
       73680
       73708
       73751
       73760
       73815
       73901
       73927
       73971
       74014
       74073
       74108
       74168
       74249
       74301
       74394
       74420
       74483
       74533
       74535
       74627
       74676
       74713
       74765
       74854
       74937
       75010
       75047
       75095
       75145
       75229
       75281
       75377
       75401
       75409
       75411
       75430
       75490
       75553
       75570
       75583
       75638
       75661
       75716
       75807
       75825
       75827
       75888
       75933
       75997
       76007
       76092
       76191
       76198
       76283
       76348
       76381
       76407
       76427
       76524
       76581
       76662
       76662
       76753
       76801
       76827
       76870
       76910
       77004
       77014
       77082
       77154
       77216
       77241
       77246
       77339
       77381
       77469
       77561
       77637
       77718
       77750
       77761
       77781
       77790
       77838
       77898
       77924
       77985
       78036
       78091
       78162
       78255
       78300
       78326
       78417
       78441
       78493
       78554
       78653
       78672
       78742
       78784
       78801
       78868
       78899
       78993
       79045
       79097
       79116
       79120
       79162
       79246
       79273
       79347
       79351
       79393
       79477
       79553
       79642
       79644
       79688
       79718
       79748
       79844
       79858
       79860
       79904
       79905
       80003
       80099
       80128
       80204
       80223
       80255
       80314
       80346
       80434
       80532
       80591
       80628
       80695
       80700
       80751
       80755
       80795
       80815
       80845
       80943
       80971
       80980
       81079
       81146
       81167
       81253
       81348
       81384
       81408
       81499
       81522
       81527
       81562
       81596
       81619
       81639
       81727
       81734
       81799
       81799
       81867
       81959
       82057
       82153
       82210
       82286
       82315
       82330
       82385
       82401
       82419
       82433
       82504
       82544
       82627
       82649
       82705
       82708
       82757
       82849
       82888
       82935
       82940
       82940
       83027
       83118
       83163
       83183
       83243
       83305
       83367
       83424
       83509
       83592
       83635
       83705
       83712
       83786
       83786
       83809
       83900
       83949
       84037
       84054
       84055
       84099
       84127
       84168
       84206
       84237
       84310
       84362
       84443
       84491
       84523
       84554
       84608
       84681
       84772
       84778
       84836
       84923
       84968
       85007
       85080
       85092
       85183
       85198
       85288
       85299
       85357
       85432
       85432
       85507
       85548
       85637
       85711
       85803
       85856
       85856
       85930
       85961
       85994
       86066
       86154
       86249
       86288
       86315
       86352
       86378
       86409
       86448
       86477
       86509
       86523
       86586
       86607
       86681
       86750
       86841
       86932
       87005
       87067
       87086
       87131
       87201
       87227
       87280
       87289
       87358
       87396
       87492
       87529
       87563
       87646
       87649
       87711
       87798
       87834
       87873
       87943
       87950
       88008
       88027
       88051
       88120
