          85
         114
         174
         257
         324
         343
         414
         416
         514
         581
         661
         686
         733
         831
         927
         997
        1027
        1109
        1167
        1200
        1246
        1329
        1359
        1443
        1494
        1585
        1682
        1737
        1803
        1837
        1911
        1952
        1976
        2075
        2167
        2231
        2267
        2322
        2358
        2399
        2443
        2537
        2611
        2643
        2670
        2718
        2769
        2770
        2779
        2782
        2839
        2858
        2863
        2872
        2934
        2988
        3029
        3127
        3165
        3208
        3275
        3364
        3426
        3476
        3503
        3521
        3531
        3573
        3581
        3671
        3682
        3697
        3713
        3760
        3804
        3894
        3903
        3956
        4007
        4045
        4083
        4108
        4192
        4254
        4321
        4380
        4432
        4529
        4558
        4594
        4644
        4654
        4732
        4799
        4882
        4882
        4971
        5054
        5096
        5145
        5158
        5212
        5286
        5354
        5363
        5452
        5503
        5560
        5579
        5672
        5696
        5717
        5796
        5876
        5973
        6053
        6080
        6139
        6176
        6195
        6218
        6309
        6366
        6443
        6451
        6509
        6594
        6634
        6655
        6705
        6755
        6798
        6892
        6969
        6989
        7061
        7145
        7237
        7285
        7364
        7385
        7445
        7501
        7512
        7553
        7578
        7589
        7633
        7635
        7710
        7738
        7761
        7806
        7844
        7862
        7893
        7924
        7937
        7954
        8034
        8069
        8079
        8126
        8204
        8303
        8361
        8413
        8498
        8568
        8614
        8692
        8716
        8751
        8822
        8907
        8924
        8942
        8971
        9064
        9115
        9159
        9165
        9206
        9238
        9268
        9348
        9410
        9441
        9481
        9554
        9619
        9668
        9738
        9740
        9821
        9836
        9851
        9866
        9882
        9961
       10006
       10076
       10127
       10199
       10208
       10290
       10359
       10420
       10461
       10522
       10557
       10577
       10650
       10708
       10806
       10875
       10895
       10932
       10984
       11026
       11081
       11105
       11166
       11211
       11262
       11338
       11392
       11488
       11580
       11582
       11635
       11649
       11706
       11735
       11813
       11829
       11872
       11896
       11917
       11963
       12006
       12036
       12049
       12121
       12200
       12269
       12271
       12275
       12360
       12382
       12449
       12499
       12542
       12587
       12612
       12612
       12631
       12656
       12692
       12780
       12829
       12889
       12961
       13059
       13070
       13146
       13214
       13219
       13290
       13310
       13396
       13493
       13590
       13635
       13734
       13805
       13860
       13940
       13944
       13945
       13988
       14042
       14078
       14083
       14149
       14162
       14202
       14215
       14299
       14348
       14428
       14476
       14556
       14638
       14731
       14820
       14858
       14924
       14924
       14965
       15057
       15068
       15075
       15152
       15236
       15326
       15360
       15453
       15545
       15571
       15597
       15631
       15677
       15771
       15797
       15862
       15911
       15927
       15950
       15971
       15986
       16075
       16163
       16239
       16243
       16338
       16353
       16402
       16459
       16498
       16529
       16534
       16540
       16577
       16646
       16683
       16779
       16850
       16918
       16981
       17050
       17135
       17220
       17276
       17341
       17439
       17502
       17565
       17663
       17688
       17705
       17771
       17865
       17889
       17905
       17957
       17959
       18007
       18047
       18053
       18094
       18177
       18208
       18281
       18370
       18450
       18486
       18560
       18578
       18643
       18740
       18768
       18777
       18838
       18877
       18903
       18986
       18994
       19053
       19127
       19193
       19260
       19335
       19406
       19452
       19471
       19532
       19549
       19632
       19639
       19730
       19795
       19814
       19868
       19942
       19979
       20072
       20138
       20159
       20173
       20191
       20194
       20206
       20295
       20367
       20435
       20461
       20488
       20493
       20589
       20638
       20714
       20781
       20842
       20913
       20979
       21067
       21121
       21178
       21241
       21329
       21386
       21429
       21453
       21467
       21547
       21610
       21669
       21749
       21760
       21801
       21884
       21979
       22003
       22071
       22167
       22194
       22217
       22220
       22298
       22357
       22422
       22491
       22557
       22652
       22664
       22753
       22827
       22892
       22980
       23072
       23103
       23108
       23117
       23140
       23165
       23259
       23271
       23312
       23323
       23400
       23454
       23465
       23515
       23533
       23579
       23580
       23586
       23677
       23739
       23825
       23854
       23898
       23934
       24003
       24042
       24050
       24074
       24143
       24164
       24245
       24322
       24340
       24343
       24421
       24507
       24569
       24637
       24695
       24746
       24757
       24779
       24839
       24898
       24920
       25001
       25098
       25124
       25160
       25176
       25178
       25221
       25228
       25230
       25243
       25265
       25298
       25311
       25370
       25451
       25548
       25563
       25641
       25649
       25651
       25653
       25743
       25797
       25896
       25985
       26034
       26110
       26167
       26181
       26238
       26243
       26255
       26339
       26393
       26431
       26510
       26572
       26628
       26678
       26715
       26748
       26796
       26810
       26890
       26946
       26950
       26970
       27001
       27057
       27143
       27174
       27225
       27242
       27304
       27374
       27374
       27463
       27536
       27579
       27660
       27693
       27759
       27803
       27825
       27905
       27915
       27919
       27962
       28046
       28085
       28163
       28261
       28279
       28333
       28341
       28406
       28428
       28527
       28591
       28683
       28779
       28850
       28941
       28945
       28996
       29052
       29114
       29144
       29194
       29257
       29320
       29341
       29423
       29494
       29556
       29593
       29641
       29688
       29694
       29697
       29782
       29815
       29865
       29870
       29907
       29996
       30019
       30030
       30035
       30117
       30139
       30173
       30209
       30269
       30274
       30353
       30397
       30472
       30487
       30517
       30546
       30581
       30588
       30676
       30763
       30829
       30870
       30919
       30921
       30974
       31035
       31065
       31072
       31167
       31181
       31236
       31293
       31355
       31398
       31437
       31464
       31505
       31535
       31549
       31567
       31602
       31616
       31632
       31667
       31756
       31799
       31891
       31989
       32033
       32061
       32093
       32156
       32178
       32276
       32345
       32357
       32398
       32433
       32441
       32471
       32518
       32586
       32656
       32671
       32716
       32743
       32804
       32820
       32836
       32867
       32882
       32937
       33003
       33085
       33087
       33153
       33159
       33162
       33173
       33204
       33285
       33360
       33423
       33452
       33474
       33514
       33516
       33607
       33689
       33757
       33802
       33889
       33915
       33959
       33982
       34012
       34090
       34099
       34127
       34186
       34200
       34285
       34319
       34319
       34347
       34437
       34498
       34514
       34602
       34622
       34701
       34758
       34787
       34852
       34869
       34963
       35025
       35098
       35163
       35258
       35295
       35324
       35379
       35417
       35417
       35433
       35450
       35506
       35530
       35531
       35585
       35612
       35618
       35653
       35747
       35798
       35891
       35980
       36056
       36067
       36110
       36125
       36152
       36187
       36248
       36281
       36367
       36422
       36496
       36585
       36678
       36692
       36704
       36733
       36812
       36847
       36895
       36942
       36950
       37006
       37016
       37093
       37097
       37146
       37208
       37297
       37317
       37416
       37443
       37510
       37567
       37622
       37658
       37720
       37816
       37883
       37979
       37994
       38008
       38091
       38179
       38273
       38312
       38325
       38329
       38358
       38421
       38448
       38462
       38486
       38495
       38560
       38593
       38685
       38765
       38818
       38823
       38857
       38956
       38987
       39082
       39106
       39106
       39172
       39197
       39266
       39311
       39357
       39423
       39455
       39463
       39525
       39569
       39605
       39679
       39700
       39739
       39802
       39874
       39968
       40036
       40103
       40188
       40283
       40359
       40405
       40405
       40495
       40526
       40579
       40594
       40688
       40726
       40792
       40848
       40925
       40964
       41052
       41083
       41182
       41240
       41295
       41309
       41360
       41434
       41485
       41506
       41543
       41547
       41609
       41689
       41727
       41780
       41861
       41880
       41973
       42003
       42074
       42099
       42173
       42249
       42263
       42309
       42357
       42371
       42409
       42475
       42553
       42632
       42702
       42795
       42813
       42880
       42973
       43033
       43036
       43058
       43131
       43177
       43259
       43310
       43351
       43389
       43463
       43516
       43615
       43700
       43703
       43742
       43839
       43851
       43853
       43904
       43966
       44041
       44113
       44207
       44238
       44252
       44333
       44371
       44390
       44481
       44530
       44610
       44652
       44703
       44723
       44808
       44815
       44839
       44845
       44908
       44922
       44966
       45024
       45052
       45144
       45171
       45270
       45276
       45313
       45333
       45356
       45370
       45394
       45435
       45435
       45475
       45549
       45585
       45649
       45669
       45691
       45714
       45754
       45844
       45926
       45999
       46063
       46076
       46095
       46099
       46144
       46170
       46238
       46273
       46348
       46397
       46485
       46559
       46569
       46589
       46662
       46757
       46808
       46889
       46897
       46945
       47036
       47134
       47179
       47231
       47252
       47266
       47287
       47385
       47457
       47545
       47617
       47664
       47752
       47795
       47871
       47876
       47934
       47995
       48066
       48090
       48137
       48139
       48177
       48223
       48278
       48334
       48382
       48425
       48503
       48595
       48626
       48656
       48669
       48683
       48756
       48822
       48887
       48890
       48961
       49047
       49069
       49107
       49176
       49184
       49189
       49235
       49242
       49256
       49329
       49347
       49363
       49366
       49431
       49502
       49597
       49652
       49702
       49725
       49790
       49863
       49864
       49903
       49939
       49975
       50052
       50101
       50176
       50243
       50305
       50336
       50412
       50464
       50508
       50547
       50567
       50570
       50645
       50689
       50763
       50823
       50841
       50871
       50900
       50978
       51065
       51101
       51189
       51275
       51315
       51401
       51479
       51513
       51530
       51619
       51626
       51637
       51686
       51717
       51741
       51745
       51756
       51778
       51782
       51859
       51861
       51960
       52006
       52076
       52102
       52186
       52202
       52291
       52365
       52372
       52381
       52381
       52404
       52436
       52452
       52516
       52517
       52595
       52632
       52702
       52761
       52804
       52843
       52847
       52896
       52913
       52915
       52972
       53028
       53065
       53082
       53117
       53167
       53224
       53298
       53374
       53428
       53431
       53489
       53557
       53595
       53597
       53627
       53721
       53784
       53794
       53851
       53924
       54023
       54089
       54129
       54224
       54304
       54367
       54446
       54451
       54538
       54560
       54581
       54669
       54684
       54758
       54855
       54903
       54940
       54969
       55067
       55083
       55084
       55086
       55176
       55197
       55257
       55343
       55348
       55373
       55387
       55463
       55556
       55644
       55730
       55793
       55808
       55826
       55871
       55938
       56032
       56041
       56128
       56129
       56182
       56279
       56367
       56397
       56400
       56403
       56458
       56519
       56593
       56664
       56678
       56704
       56774
       56810
       56820
       56876
       56899
       56899
       56963
       57031
       57119
       57217
       57289
       57293
       57320
       57352
       57430
       57479
       57505
       57562
       57609
       57697
       57747
       57804
       57902
       57984
       58076
       58115
       58165
       58182
       58209
       58248
       58273
       58303
       58307
       58320
       58351
       58438
       58450
       58463
       58532
       58624
       58720
       58784
       58843
       58879
       58925
       58960
       59050
       59106
       59126
       59191
       59217
       59271
       59353
       59423
       59513
       59533
       59603
       59691
       59748
       59773
       59794
       59861
       59883
       59937
       60007
       60069
       60125
       60183
       60219
       60225
       60299
       60334
       60388
       60410
       60505
       60529
       60572
       60654
       60669
       60762
       60797
       60843
       60905
       60945
       60960
       61042
       61057
       61063
       61153
       61219
       61268
       61341
       61387
       61427
       61505
       61580
       61642
       61667
       61704
       61748
       61814
       61827
       61916
       61920
       61991
       62086
       62093
       62127
       62206
       62216
       62263
       62340
       62394
       62436
       62469
       62490
       62544
       62556
       62566
       62627
       62692
       62730
       62755
       62809
       62840
       62900
       62953
       63047
       63090
       63110
       63147
       63236
       63301
       63361
       63458
       63499
       63503
       63574
       63639
       63649
       63674
       63750
       63799
       63836
       63914
       63917
       63943
       63944
       63976
       64016
       64051
       64134
       64214
       64310
       64380
       64473
       64508
       64602
       64644
       64698
       64708
       64795
       64832
       64883
       64944
       64989
       65046
       65096
       65140
       65238
       65268
       65333
       65389
       65394
       65437
       65499
       65584
       65670
       65769
       65788
       65819
       65836
       65870
       65965
       65968
       66058
       66103
       66140
       66224
       66290
       66326
       66351
       66380
       66418
       66484
       66550
       66564
       66587
       66643
       66694
       66750
       66825
       66836
       66924
       66981
       66998
       67065
       67102
       67181
       67191
       67275
       67318
       67347
       67408
       67459
       67552
       67564
       67644
       67726
       67787
       67824
       67858
       67948
       67985
       68000
       68029
       68051
       68134
       68206
       68234
       68244
       68290
       68374
       68453
       68549
       68605
       68644
       68693
       68760
       68765
       68776
       68875
       68945
       68970
       69016
       69033
       69037
       69083
       69119
       69206
       69249
       69270
       69319
       69391
       69459
       69491
       69508
       69511
       69608
       69674
       69738
       69741
       69811
       69824
       69920
       69925
       69939
       70033
       70090
       70171
       70182
       70217
       70272
       70357
       70445
       70461
       70534
       70631
       70649
       70680
       70722
       70792
       70880
       70944
       70963
       71012
       71071
       71091
       71146
       71173
       71269
       71350
       71445
       71518
       71581
       71584
       71613
       71616
       71662
       71673
       71695
       71758
       71782
       71817
       71912
       71931
       72026
       72028
       72102
       72113
       72132
       72152
       72153
       72197
       72207
       72275
       72301
       72375
       72409
       72482
       72527
       72555
       72590
       72686
       72727
       72815
       72911
       72915
       72981
       73029
       73121
       73220
       73221
       73249
       73259
       73349
       73375
       73461
       73473
       73510
       73576
       73639
       73719
       73743
       73826
       73829
       73927
       73930
       73966
       74001
       74066
       74139
       74194
       74271
       74363
       74412
       74464
       74511
       74523
       74570
       74571
       74613
       74696
       74793
       74838
       74855
       74954
       75006
       75070
       75166
       75194
       75288
       75384
       75467
       75475
       75487
       75557
       75641
       75690
       75748
       75801
       75847
       75907
       75968
       76039
       76102
       76150
       76201
       76206
       76274
       76332
       76345
       76439
       76475
       76537
       76559
       76626
       76709
       76751
       76813
       76907
       76996
       77033
       77058
       77075
       77078
       77092
       77188
       77285
       77359
       77439
       77464
       77478
       77488
       77524
       77550
       77575
       77593
       77644
       77708
       77780
       77859
       77923
       78018
       78067
       78085
       78092
       78177
       78220
       78262
       78333
       78409
       78428
       78499
       78523
       78590
       78626
       78685
       78727
       78810
       78896
       78966
       79023
       79092
       79129
       79218
       79309
       79340
       79426
       79482
       79548
       79553
       79604
       79604
       79684
       79719
       79806
       79884
       79919
       79923
       79939
       79965
       79988
       79998
       80052
       80139
       80147
       80166
       80229
       80317
       80329
       80339
       80356
       80377
       80461
       80535
       80619
       80631
       80641
       80700
       80738
       80810
       80850
       80863
       80939
       81023
       81096
       81113
       81167
       81265
       81278
       81304
       81304
       81338
       81378
       81388
       81458
       81477
       81503
       81577
       81582
       81648
       81651
       81684
       81699
       81765
       81824
       81857
       81887
       81934
       81962
       82023
       82066
       82090
       82171
       82263
       82287
       82323
       82408
       82418
       82456
       82541
       82584
       82632
       82708
       82740
       82755
       82853
       82895
       82918
       83007
       83099
       83149
       83204
       83243
       83276
       83278
       83343
       83419
       83425
       83488
       83576
       83604
       83645
       83738
       83747
       83783
       83806
       83812
       83852
       83917
       83981
       84045
       84112
       84198
       84238
       84307
       84362
       84417
       84483
       84498
       84584
       84623
       84640
       84688
       84783
       84865
       84897
       84957
       84978
       85070
       85164
       85203
       85230
       85298
       85373
       85401
       85490
       85580
       85587
       85662
       85713
       85732
       85790
       85807
       85877
       85946
       86012
       86034
       86107
       86135
       86217
       86217
       86286
       86297
       86381
       86430
       86488
       86520
       86588
       86634
       86643
       86737
       86810
       86868
       86904
       86978
       87015
       87102
       87143
       87198
       87245
       87249
       87271
       87318
       87405
       87475
       87525
       87549
       87630
       87668
       87754
       87846
       87938
       87951
       87996
       88080
       88125
       88168
       88229
       88248
       88291
       88371
       88408
       88489
       88546
       88565
       88582
       88612
       88708
       88804
       88895
       88994
       89080
       89178
       89198
       89282
       89307
       89405
       89425
       89452
       89514
       89525
       89583
       89653
       89743
       89758
       89815
       89854
       89893
       89974
       90066
       90072
       90132
       90162
       90179
       90195
       90210
       90238
       90256
       90285
       90352
       90374
       90390
       90465
       90514
       90578
       90581
       90617
       90652
       90711
       90788
       90866
       90946
       90991
       91019
       91030
       91098
       91143
       91228
       91285
       91369
       91370
       91412
       91457
       91535
       91625
       91665
       91670
       91704
       91748
       91841
       91846
       91913
       91979
       91993
       92038
       92053
       92152
       92174
       92185
       92276
       92277
       92280
       92336
       92426
       92460
       92537
       92611
       92710
       92790
       92859
       92950
       92957
       92961
       93001
       93048
       93146
       93220
       93276
       93348
       93439
       93505
       93515
       93586
       93659
       93741
       93757
       93801
       93819
       93896
       93950
       93974
       94062
       94139
       94166
       94193
       94259
       94312
       94320
       94398
       94470
       94550
       94620
       94669
       94733
       94761
       94860
       94955
       95012
       95062
       95095
       95172
       95191
       95280
       95379
       95439
       95535
       95540
       95603
       95676
       95696
       95714
       95804
       95818
       95887
       95955
       95993
       96076
       96106
       96135
       96138
       96217
       96307
       96357
       96405
       96504
       96551
       96609
       96612
       96667
       96721
       96800
       96873
       96882
       96974
       97020
       97080
       97136
       97182
       97255
       97348
       97386
       97476
       97512
       97589
       97647
       97745
       97812
       97884
       97968
       98014
       98057
       98110
       98131
       98181
       98279
       98358
       98435
       98483
       98520
       98605
       98664
       98668
       98766
       98833
       98886
       98912
       99000
       99029
       99077
       99125
       99194
       99236
       99285
       99287
       99373
       99412
       99447
       99491
       99573
       99587
       99683
       99687
       99720
       99772
       99778
       99839
       99873
       99936
       99960
      100041
      100113
      100144
      100176
      100181
      100268
      100353
      100449
      100467
      100566
      100643
      100652
      100742
      100814
      100824
      100826
      100840
      100909
      100952
      100999
      101027
      101040
      101077
      101153
      101212
      101265
      101305
      101381
      101387
      101388
      101484
      101522
      101583
      101616
      101669
      101716
      101806
      101807
      101852
      101911
      101980
      101998
      102022
      102110
      102159
      102210
      102217
      102286
      102358
      102385
      102428
      102449
      102537
      102555
      102627
      102642
      102716
      102745
      102843
      102848
      102883
      102887
      102966
      103032
      103055
      103103
      103163
      103236
      103299
      103328
      103360
      103413
      103461
      103526
      103553
      103635
      103690
      103787
      103818
      103888
      103982
      103997
      104056
      104097
      104105
      104158
      104182
      104189
      104216
      104221
      104234
      104266
      104279
      104345
      104413
      104463
      104464
      104536
      104560
      104576
      104622
      104718
      104783
      104882
      104926
      105021
      105034
      105076
      105109
      105172
      105222
      105319
      105331
      105383
      105395
      105490
      105562
      105609
      105697
      105777
      105788
      105871
      105952
      105959
      106055
      106102
      106122
      106139
      106229
      106300
      106373
      106454
      106534
      106580
      106639
      106725
      106756
      106779
      106825
      106872
      106942
      107022
      107045
      107130
      107189
      107256
      107284
      107382
      107398
      107458
      107539
      107635
      107691
      107787
      107880
      107895
      107912
      107943
      107953
      107988
      108031
      108037
      108084
      108096
      108145
      108196
      108268
      108336
      108417
      108422
      108476
      108544
      108546
      108620
      108644
      108694
      108731
      108763
      108839
      108857
      108865
      108936
      108937
      108973
      109008
      109067
      109143
      109223
      109231
      109244
      109284
      109291
      109371
      109449
      109451
      109501
      109545
      109625
      109698
      109760
      109809
      109907
      109929
      109931
      109964
      110006
      110021
      110115
      110142
      110203
      110277
      110364
      110390
      110428
      110503
      110564
      110634
      110692
      110751
      110751
      110844
      110894
      110929
      110969
      111016
      111064
      111072
      111158
      111164
      111199
      111224
      111265
      111282
      111374
      111439
      111469
      111560
      111612
      111710
      111780
      111784
      111862
      111954
      111961
      112050
      112118
      112172
      112193
      112257
      112294
      112306
      112333
      112391
      112480
      112566
      112634
      112635
      112722
      112791
      112836
      112900
      112966
      112988
      113038
      113097
      113099
      113175
      113212
      113281
      113307
      113329
      113401
      113488
      113558
      113573
      113578
      113603
      113647
      113715
      113767
      113817
      113910
      114003
      114043
      114092
      114181
      114183
      114214
      114267
      114270
      114322
      114340
      114360
      114396
      114421
      114454
      114541
      114553
      114580
      114635
      114647
      114689
      114699
      114787
      114843
      114893
      114942
      114979
      115044
      115071
      115104
      115161
      115215
      115220
      115305
      115329
      115413
      115511
      115606
      115624
      115713
      115738
      115758
      115842
      115845
      115890
      115959
      115993
      116053
      116104
      116186
      116258
      116264
      116328
      116403
      116419
      116475
      116572
      116661
      116675
      116680
      116690
      116787
      116883
      116915
      116948
      116982
      117054
      117128
      117166
      117172
      117255
      117277
      117282
      117358
      117379
      117467
      117499
      117563
      117584
      117676
      117718
      117774
      117869
      117873
      117880
      117889
      117955
      117984
      117998
      118018
      118025
      118052
      118149
      118185
      118283
      118364
      118457
      118463
      118534
      118579
      118603
      118629
      118642
      118692
      118760
      118789
      118871
      118923
      118963
      119058
      119130
      119228
      119302
      119328
      119374
      119423
      119458
      119534
      119552
      119575
      119609
      119668
      119757
      119817
      119850
      119896
      119921
      119986
      119995
      120049
      120088
      120088
      120150
      120233
      120255
      120265
      120291
      120331
      120381
      120384
      120413
      120493
      120558
      120622
      120648
      120723
      120773
      120824
      120913
      120959
      120999
      121078
      121115
      121197
      121214
      121311
      121383
      121385
      121396
      121475
      121531
      121589
      121630
      121702
      121717
      121779
      121817
      121860
      121883
      121974
      121983
      122014
      122095
      122116
      122196
      122237
      122285
      122337
      122364
      122429
      122515
      122530
      122557
      122613
      122645
      122721
      122806
      122865
      122948
      123002
      123027
      123079
      123113
      123157
      123248
      123330
      123426
      123485
      123522
      123570
      123581
      123602
      123653
      123729
      123807
      123818
      123893
      123971
      124027
      124027
      124039
      124082
      124146
      124163
      124191
      124260
      124289
      124367
      124462
      124551
      124626
      124700
      124716
      124750
      124753
      124826
      124854
      124896
      124953
      124974
      125008
      125013
      125029
      125068
      125129
      125144
      125212
      125308
      125364
      125432
      125446
      125534
      125592
      125626
      125639
      125677
      125766
      125841
      125860
      125893
      125903
      125949
      126007
      126074
      126144
      126151
      126237
      126321
      126410
      126507
      126557
      126601
      126635
      126692
      126788
      126851
      126930
      127017
      127076
      127158
      127197
      127291
      127344
      127394
      127426
      127476
      127522
      127615
      127705
      127729
      127736
      127799
      127832
      127893
      127987
      128075
      128082
      128162
      128197
      128294
      128308
      128319
      128385
      128387
      128459
      128514
      128518
      128616
      128669
      128736
      128812
      128898
      128979
      129051
      129054
      129081
      129122
      129147
      129167
      129213
      129222
      129274
      129335
      129352
      129425
      129425
      129449
      129503
      129532
      129629
      129633
      129659
      129720
      129770
      129782
      129789
      129856
      129896
      129908
      129980
      130003
      130082
      130147
      130233
      130280
      130366
      130416
      130456
      130496
      130521
      130540
      130596
      130659
      130672
      130698
      130757
      130797
      130863
      130930
      131003
      131086
      131147
      131234
      131240
      131329
      131422
      131518
      131574
      131661
      131736
      131769
      131855
      131888
      131963
      132032
      132039
      132065
      132132
      132183
      132266
      132346
      132414
      132416
      132440
      132481
      132552
      132618
      132618
      132625
      132702
      132772
      132852
      132933
      132998
      133054
      133114
      133133
      133137
      133225
      133283
      133310
      133311
      133390
      133487
      133552
      133564
      133566
      133611
      133708
      133785
      133785
      133877
      133892
      133892
      133922
      133972
      133983
      134024
      134062
      134113
      134195
      134217
      134221
      134262
      134289
      134355
      134429
      134508
      134539
      134588
      134603
      134700
      134769
      134817
      134831
      134841
      134849
      134871
      134936
      135021
      135101
      135140
      135190
      135269
      135277
      135373
      135421
      135471
      135518
      135577
      135584
      135642
      135683
      135770
      135856
      135901
      135972
      135982
      136055
      136152
      136185
      136192
      136257
      136342
      136348
      136400
      136431
      136471
      136553
      136603
      136665
      136732
      136787
      136860
      136902
      136909
      136997
      137079
      137172
      137223
      137289
      137346
      137434
      137530
      137593
      137650
      137712
      137750
      137833
      137919
      137982
      138040
      138108
      138139
      138149
      138223
      138232
      138252
      138281
      138315
      138373
      138388
      138466
      138536
      138611
      138690
      138787
      138794
      138817
      138851
      138873
      138967
      138998
      139053
      139097
      139161
      139170
      139179
      139190
      139206
      139241
      139301
      139327
      139329
      139409
      139454
      139491
      139522
      139620
      139634
      139712
      139724
      139807
      139815
      139882
      139948
      140041
      140065
      140146
      140230
      140314
      140387
      140430
      140503
      140567
      140609
      140668
      140728
      140808
      140830
      140923
      140967
      141034
      141087
      141158
      141174
      141208
      141215
      141275
      141364
      141414
      141482
      141554
      141643
      141690
      141773
      141819
      141828
      141856
      141922
      142016
      142046
      142142
      142208
      142249
      142326
      142374
      142439
      142455
      142469
      142483
      142517
      142564
      142633
      142687
      142737
      142787
      142842
      142856
      142913
      142955
      143016
      143089
      143175
      143231
      143260
      143313
      143365
      143389
      143437
      143480
      143487
      143551
      143626
      143676
      143688
      143773
      143794
      143860
      143937
      144008
      144046
      144076
      144115
      144170
      144194
      144205
      144219
      144219
      144270
      144274
      144302
      144349
      144410
      144426
      144429
      144492
      144571
      144614
      144666
      144718
      144720
      144751
      144762
      144832
      144846
      144914
      144967
      144970
      145042
      145110
      145134
      145205
      145254
      145259
      145317
      145317
      145402
      145496
      145521
      145614
      145700
      145785
      145863
      145924
      146003
      146061
      146089
      146147
      146160
      146252
      146264
      146335
      146358
      146447
      146488
      146577
      146614
      146703
      146741
      146813
      146843
      146877
      146931
      146976
      147008
      147056
      147085
      147097
      147112
      147166
      147188
      147202
      147203
      147216
      147285
      147336
      147361
      147437
      147455
      147492
      147586
      147626
      147669
      147735
      147746
      147780
      147804
      147829
      147924
      147974
      147978
      147993
      148055
      148138
      148168
      148208
      148296
      148367
      148432
      148486
      148521
      148536
      148560
      148568
      148638
      148681
      148769
      148787
      148823
      148903
      148949
      149035
      149056
      149145
      149154
      149250
      149278
      149278
      149359
      149457
      149545
      149550
      149565
      149579
      149585
      149591
      149636
      149671
      149687
      149749
      149779
      149846
      149905
      149980
      150072
      150135
      150158
      150210
      150245
      150257
      150309
      150372
      150453
      150510
      150546
      150619
      150683
      150751
      150846
      150937
      151012
      151076
      151135
      151185
      151275
      151332
      151342
      151428
      151444
      151449
      151492
      151524
      151555
      151645
      151694
      151741
      151747
      151764
      151778
      151811
      151901
      151983
      152034
      152092
      152146
      152241
      152270
      152320
      152405
      152466
      152549
      152628
      152670
      152743
      152779
      152780
      152804
      152883
      152961
      153021
      153043
      153052
      153142
      153154
      153199
      153227
      153267
      153285
      153377
      153468
      153560
      153577
      153588
      153674
      153752
      153843
      153926
      153999
      154085
      154130
      154160
      154210
      154308
      154330
      154367
      154411
      154467
      154472
      154502
      154597
      154633
      154675
      154747
      154818
      154879
      154977
      155068
      155076
      155128
      155202
      155257
      155303
      155371
      155421
      155468
      155517
      155531
      155555
      155626
      155674
      155692
      155704
      155713
      155797
      155805
      155874
      155901
      155953
      155980
      156079
      156142
      156196
      156254
      156279
      156350
      156448
      156545
      156611
      156617
      156681
      156687
      156744
      156815
      156834
      156928
      156957
      157043
      157064
      157139
      157157
      157158
      157180
      157239
      157257
      157342
      157361
      157399
      157420
      157428
      157509
      157556
      157567
      157665
      157714
      157753
      157816
      157817
      157898
      157915
      157947
      158000
      158015
      158086
      158162
      158203
      158247
      158316
      158346
      158397
      158468
      158523
      158554
      158567
      158655
      158711
      158799
      158883
      158930
      158997
      159011
      159096
      159130
      159201
      159257
      159318
      159401
      159449
      159543
      159584
      159630
      159680
      159751
      159818
      159880
      159925
      160020
      160052
      160149
      160188
      160242
      160269
      160333
      160371
      160435
      160487
      160522
      160599
      160651
      160720
      160808
      160872
      160920
      161003
      161099
      161192
      161197
      161251
      161279
      161299
      161345
      161407
      161464
      161511
      161558
      161622
      161632
      161677
      161682
      161745
      161784
      161880
      161950
      162005
      162081
      162142
      162180
      162246
      162322
      162330
      162422
      162423
      162477
      162539
      162610
      162665
      162735
      162777
      162801
      162820
      162864
      162887
      162897
      162982
      163060
      163090
      163117
      163141
      163212
      163276
      163282
      163290
      163333
      163394
      163424
      163442
      163492
      163507
      163572
      163598
      163606
      163609
      163622
      163716
      163801
      163885
      163978
      164043
      164071
      164112
      164189
      164270
      164338
      164401
      164419
      164471
      164492
      164528
      164612
      164655
      164672
      164739
      164776
      164831
      164855
      164872
      164884
      164979
      164994
      165034
      165066
      165078
      165097
      165150
      165203
      165255
      165267
      165339
      165339
      165415
      165476
      165566
      165619
      165645
      165670
      165722
      165799
      165839
      165921
      165936
      166019
      166052
      166106
      166178
      166233
      166282
      166289
      166332
      166419
      166462
      166554
      166617
      166629
      166686
      166686
      166784
      166864
      166930
      167021
      167100
      167172
      167231
      167255
      167340
      167345
      167352
      167417
      167439
      167462
      167492
      167564
      167621
      167718
      167787
      167803
      167839
      167857
      167860
      167921
      168006
      168019
      168031
      168057
      168101
      168187
      168203
      168239
      168259
      168335
      168373
      168462
      168561
      168641
      168654
      168674
      168768
      168800
      168848
      168869
      168939
      168953
      169011
      169074
      169121
      169167
      169210
      169225
      169323
      169396
      169432
      169525
      169597
      169645
      169655
      169683
      169715
      169734
      169832
      169856
      169932
      169939
      170008
      170104
      170159
      170225
      170292
      170364
      170394
      170448
      170459
      170473
      170529
      170559
      170643
      170691
      170770
      170861
      170953
      170999
      171058
      171136
      171182
      171204
      171287
      171384
      171388
      171398
      171480
      171545
      171555
      171607
      171696
      171746
      171806
      171832
      171926
      171986
      172032
      172086
      172115
      172185
      172264
      172299
      172385
      172392
      172416
      172462
      172492
      172537
      172596
      172627
      172709
      172752
      172836
      172884
      172951
      172967
      173007
      173051
      173095
      173129
      173175
      173222
      173241
      173316
      173338
      173352
      173376
      173474
      173503
      173547
      173593
      173652
      173672
      173680
      173766
      173767
      173771
      173863
      173954
      173973
      174043
      174140
      174217
      174224
      174271
      174326
      174376
      174416
      174491
      174562
      174573
      174659
      174673
      174708
      174708
      174749
      174788
      174824
      174912
      175004
      175088
      175180
      175210
      175243
      175270
      175270
      175344
      175435
      175465
      175522
      175608
      175616
      175691
      175761
      175814
      175887
      175960
      176052
      176109
      176198
      176201
      176287
      176308
      176356
      176356
      176381
      176479
      176515
      176584
      176672
      176734
      176833
      176856
      176929
      176979
      177026
      177119
      177207
      177278
      177339
      177383
      177446
      177542
      177595
      177652
      177687
      177722
      177806
      177833
      177874
      177893
      177967
      178061
      178151
      178171
      178228
      178240
      178308
      178310
      178346
      178432
      178432
      178493
      178536
      178565
      178575
      178627
      178716
      178753
      178783
      178872
      178919
      178932
      178958
      179054
      179054
      179076
      179159
      179197
      179289
      179362
      179438
      179445
      179451
      179503
      179555
      179596
      179615
      179695
      179794
      179883
      179978
      180002
      180035
      180082
      180115
      180187
      180244
      180250
      180319
      180373
      180410
      180447
      180448
      180528
      180561
      180576
      180651
      180666
      180707
      180710
      180718
      180817
      180905
      180988
      181053
      181114
      181130
      181164
      181218
      181294
      181358
      181383
      181445
      181494
      181528
      181610
      181647
      181691
      181757
      181824
      181913
      181953
      181985
      182071
      182116
      182178
      182227
      182288
      182329
      182387
      182425
      182451
      182488
      182514
      182539
      182542
      182557
      182564
      182569
      182606
      182606
      182680
      182768
      182832
      182858
      182891
      182943
      183001
      183002
      183044
      183090
      183152
      183246
      183286
      183317
      183381
      183471
      183563
      183617
      183676
      183727
      183807
      183827
      183857
      183936
      183948
      183963
      184037
      184048
      184118
      184127
      184191
      184254
      184266
      184305
      184381
      184460
      184480
      184544
      184597
      184662
      184690
      184718
      184750
      184789
      184806
      184846
      184912
      184944
      185021
      185077
      185082
      185122
      185170
      185266
      185303
      185369
      185397
      185432
      185502
      185515
      185539
      185591
      185619
      185667
      185668
      185703
      185791
      185852
      185934
      185954
      186010
      186043
      186112
      186138
      186184
      186254
      186314
      186330
      186342
      186393
      186404
      186471
      186489
      186565
      186658
      186728
      186800
      186852
      186910
      186936
      187001
      187077
      187148
      187243
      187289
      187366
      187424
      187458
      187538
      187601
      187679
      187692
      187712
      187725
      187772
      187826
      187837
      187843
      187921
      188013
      188014
      188107
      188177
      188263
      188332
      188420
      188494
      188502
      188517
      188569
      188633
      188685
      188777
      188851
      188855
      188908
      188939
      188961
      188976
      189002
      189073
      189089
      189103
      189145
      189145
      189179
      189211
      189253
      189304
      189332
      189390
      189461
      189464
      189464
      189488
      189550
      189579
      189650
      189654
      189673
      189760
      189779
      189787
      189874
      189956
      190003
      190005
      190078
      190090
      190171
      190176
      190212
      190259
      190273
      190363
      190450
      190474
      190506
      190523
      190574
      190592
      190647
      190654
      190752
      190752
      190780
      190781
      190800
      190819
      190915
      190975
      191058
      191141
      191209
      191210
      191226
      191252
      191295
      191350
      191441
      191482
      191499
      191514
      191586
      191611
      191679
      191758
      191789
      191804
      191815
      191861
      191905
      191966
      192004
      192028
      192071
      192114
      192202
      192271
      192274
      192341
      192343
      192383
      192394
      192452
      192523
      192532
      192540
      192626
      192688
      192712
      192781
      192850
      192948
      192973
      193052
      193069
      193082
      193143
      193239
      193252
      193266
      193277
      193283
      193295
      193361
      193428
      193440
      193494
      193547
      193560
      193598
      193598
      193614
      193616
      193641
      193702
      193725
      193757
      193848
      193861
      193905
      193930
      194029
      194032
      194048
      194103
      194184
      194258
      194298
      194388
      194466
      194521
      194567
      194581
      194619
      194716
      194727
      194757
      194844
      194902
      194971
      195040
      195108
      195202
      195292
      195366
      195457
      195548
      195592
      195617
      195625
      195714
      195767
      195774
      195804
      195850
      195852
      195904
      195948
      196015
      196085
      196153
      196176
      196231
      196296
      196394
      196418
      196487
      196553
      196632
      196658
      196679
      196692
      196729
      196791
      196867
      196914
      196926
      197022
      197110
      197111
      197200
      197214
      197227
      197326
      197380
      197416
      197432
      197480
      197526
      197600
      197652
      197703
      197745
      197780
      197830
      197847
      197897
      197959
      197979
      198070
      198157
      198256
      198261
      198326
      198370
      198401
      198476
      198531
      198545
      198582
      198666
      198701
      198775
      198867
      198910
      198914
      198989
      199067
      199101
      199181
      199229
      199297
      199390
      199396
      199464
      199476
      199538
      199620
      199699
      199775
      199850
      199902
      199984
      200013
      200046
      200073
      200127
      200147
      200238
      200315
      200348
      200348
      200357
      200406
      200504
      200543
      200602
      200653
      200704
      200769
      200826
      200882
      200918
      200976
      200995
      200997
      201050
      201122
      201151
      201193
      201231
      201320
      201362
      201412
      201493
      201493
      201509
      201591
      201676
      201769
      201866
      201922
      201989
      202045
      202113
      202138
      202187
      202198
      202262
      202340
      202387
      202477
      202556
      202560
      202593
      202644
      202676
      202770
      202792
      202808
      202849
      202890
      202910
      202998
      203001
      203035
      203092
      203116
      203176
      203208
      203287
      203299
      203392
      203453
      203454
      203474
      203536
      203592
      203689
      203732
      203804
      203881
      203973
      204039
      204122
      204152
      204239
      204239
      204246
      204270
      204355
      204384
      204425
      204454
      204484
      204579
      204643
      204685
      204776
      204838
      204847
      204888
      204931
      205013
      205030
      205040
      205136
      205155
      205158
      205212
      205286
      205306
      205399
      205450
      205452
      205461
      205504
      205513
      205563
      205633
      205662
      205666
      205741
      205811
      205888
      205955
      206012
      206035
      206044
      206098
      206185
      206214
      206256
      206326
      206385
      206390
      206485
      206502
      206511
      206605
      206704
      206704
      206720
      206766
      206810
      206897
      206898
      206915
      206987
      206996
      207006
      207011
      207081
      207085
      207179
      207235
      207264
      207352
      207364
      207380
      207479
      207545
      207638
      207640
      207680
      207731
      207746
      207792
      207817
      207849
      207940
      207970
      207980
      208023
      208036
      208132
      208195
      208249
      208253
      208256
      208272
      208281
      208324
      208355
      208449
      208522
      208573
      208607
      208646
      208667
      208761
      208841
      208886
      208965
      209012
      209017
      209042
      209139
      209213
      209262
      209333
      209409
      209423
      209469
      209564
      209574
      209585
      209648
      209723
      209739
      209816
      209909
      209987
      210062
      210126
      210145
      210158
      210212
      210311
      210352
      210444
      210469
      210483
      210519
      210594
      210651
      210737
      210800
      210801
      210889
      210968
      211061
      211153
      211159
      211231
      211291
      211341
      211393
      211456
      211462
      211469
      211489
      211511
      211606
      211623
      211670
      211693
      211723
      211725
      211812
      211826
      211869
      211929
      211976
      212023
      212031
      212084
      212175
      212216
      212224
      212292
      212356
      212370
      212417
      212427
      212438
      212454
      212495
      212517
      212544
      212607
      212671
      212684
      212752
      212825
      212914
      212948
      212973
      213049
      213083
      213102
      213170
      213258
      213265
      213283
      213295
      213356
      213357
      213399
      213495
      213531
      213625
      213642
      213713
      213755
      213755
      213825
      213902
      213994
      214011
      214017
      214077
      214101
      214150
      214193
      214206
      214226
      214266
      214301
      214397
      214429
      214457
      214495
      214572
      214588
      214624
      214695
      214772
      214869
      214948
      215018
      215103
      215184
      215214
      215223
      215244
      215343
      215382
      215414
      215507
      215547
      215645
      215737
      215803
      215841
      215851
      215851
      215891
      215937
      216021
      216080
      216168
      216240
      216291
      216309
      216403
      216458
      216557
      216576
      216604
      216670
      216719
      216767
      216862
      216916
      216941
      217029
      217048
      217090
      217187
      217242
      217294
      217342
      217409
      217425
      217516
      217525
      217616
      217669
      217708
      217732
      217767
      217823
      217900
      217906
      217993
      218064
      218103
      218145
      218233
      218286
      218343
      218394
      218469
      218562
      218575
      218655
      218690
      218770
      218866
      218928
      218933
      219019
      219044
      219096
      219107
      219155
      219169
      219190
      219197
      219204
      219270
      219356
      219407
      219426
      219494
      219515
      219584
      219618
      219665
      219760
      219854
      219889
      219971
      220032
      220042
      220081
      220173
      220256
      220292
      220361
      220364
      220373
      220437
      220457
      220510
      220567
      220648
      220705
      220756
      220814
      220873
      220938
      220985
      221083
      221172
      221194
      221216
      221286
      221311
      221346
      221353
      221394
      221399
      221445
      221541
      221599
      221605
      221644
      221698
      221741
      221744
      221823
      221894
      221930
      221951
      222030
      222075
      222111
      222124
      222193
      222254
      222338
      222349
      222448
      222479
      222548
      222598
      222604
      222684
      222763
      222764
      222837
      222852
      222922
