           1
          56
          98
         103
         152
         175
         208
         277
         289
         359
         455
         482
         537
         588
         642
         694
         770
         853
         883
         971
        1039
        1116
        1159
        1184
        1265
        1329
        1418
        1450
        1475
        1548
        1565
        1602
        1629
        1670
        1763
        1805
        1850
        1896
        1927
        1957
        1961
        2037
        2050
        2090
        2160
        2205
        2286
        2336
        2397
        2481
        2484
        2551
        2650
        2690
        2778
        2859
        2903
        2946
        3011
        3075
        3093
        3121
        3135
        3184
        3194
        3232
        3270
        3356
        3374
        3417
        3492
        3555
        3613
        3673
        3750
        3798
        3817
        3857
        3930
        4020
        4106
        4141
        4236
        4237
        4254
        4261
        4279
        4367
        4389
        4467
        4497
        4526
        4579
        4615
        4659
        4715
        4760
        4762
        4801
        4809
        4876
        4957
        5025
        5076
        5163
        5213
        5284
        5353
        5375
        5417
        5433
        5465
        5537
        5538
        5617
        5655
        5700
        5754
        5849
        5899
        5995
        6026
        6097
        6168
        6217
        6238
        6313
        6391
        6394
        6410
        6444
        6450
        6502
        6543
        6547
        6646
        6683
        6700
        6734
        6752
        6815
        6848
        6881
        6921
        6926
        6959
        7023
        7084
        7172
        7218
        7259
        7336
        7364
        7435
        7458
        7474
        7515
        7610
        7683
        7755
        7757
        7801
        7825
        7867
        7954
        8039
        8049
        8063
        8132
        8154
        8241
        8259
        8328
        8332
        8382
        8437
        8527
        8581
        8645
        8704
        8738
        8747
        8756
        8842
        8900
        8960
        8964
        9050
        9142
        9162
        9204
        9292
        9344
        9415
        9500
        9557
        9595
        9599
        9649
        9710
        9748
        9801
        9889
        9942
        9943
       10018
       10020
       10062
       10150
       10229
       10320
       10372
       10433
       10523
       10553
       10633
       10654
       10718
       10737
       10818
       10841
       10846
       10857
       10865
       10958
       11016
       11040
       11081
       11164
       11203
       11232
       11234
       11289
       11323
       11340
       11427
       11505
       11557
       11649
       11651
       11738
       11777
       11840
       11869
       11953
       12049
       12089
       12159
       12242
       12242
       12273
       12367
       12368
       12447
       12448
       12542
       12571
       12647
       12702
       12768
       12844
       12892
       12988
       13037
       13112
       13172
       13264
       13295
       13390
       13473
       13500
       13518
       13576
       13642
       13739
       13763
       13782
       13869
       13901
       13954
       13999
       14077
       14144
       14147
       14244
       14253
       14334
       14369
       14429
       14439
       14534
       14566
       14605
       14622
       14701
       14742
       14831
       14862
       14914
       14915
       14998
       15058
       15079
       15101
       15139
       15206
       15280
       15334
       15374
       15436
       15486
       15583
       15671
       15758
       15824
       15836
       15851
       15907
       15944
       16010
       16108
       16150
       16200
       16253
       16331
       16366
       16375
       16425
       16467
       16543
       16561
       16659
       16709
       16775
       16848
       16875
       16957
       17001
       17030
       17047
       17101
       17160
       17197
       17246
       17253
       17313
       17350
       17358
       17409
       17474
       17530
       17574
       17613
       17663
       17713
       17810
       17813
       17861
       17882
       17899
       17902
       17924
       17937
       17947
       18009
       18097
       18177
       18204
       18303
       18325
       18376
       18406
       18419
       18501
       18541
       18584
       18627
       18695
       18749
       18754
       18778
       18837
       18866
       18879
       18970
       19049
       19122
       19186
       19272
       19312
       19337
       19407
       19463
       19537
       19562
       19585
       19600
       19634
       19702
       19785
       19853
       19916
       19926
       19926
       19970
       20015
       20023
       20029
       20051
       20125
       20186
       20204
       20221
       20312
       20380
       20444
       20539
       20562
       20653
       20751
       20804
       20821
       20854
       20942
       20981
       21069
       21075
       21141
       21238
       21280
       21303
       21332
       21423
       21466
       21544
       21548
       21562
       21661
       21683
       21722
       21732
       21807
       21890
       21923
       22016
       22070
       22132
       22182
       22231
       22329
       22345
       22408
       22433
       22462
       22513
       22570
       22573
       22604
       22685
       22751
       22815
       22911
       22934
       22987
       22991
       22997
       23065
       23081
       23083
       23175
       23180
       23201
       23279
       23300
       23306
       23359
       23389
       23472
       23500
       23581
       23638
       23688
       23726
       23819
       23851
       23919
       23968
       24000
       24098
       24119
       24203
       24269
       24292
       24293
       24333
       24430
       24482
       24556
       24563
       24595
       24595
       24634
       24729
       24752
       24756
       24811
       24896
       24904
       24933
       24986
       24992
       25021
       25118
       25145
       25205
       25297
       25349
       25405
       25485
       25564
       25585
       25667
       25691
       25714
       25765
       25788
       25880
       25977
       26006
       26061
       26115
       26121
       26157
       26216
       26289
       26331
       26378
       26476
       26556
       26608
       26680
       26691
       26715
       26789
       26829
       26861
       26886
       26967
       26970
       26992
       27046
       27117
       27173
       27233
       27278
       27279
       27329
       27406
       27500
       27552
       27636
       27672
       27758
       27831
       27915
       27990
       28000
       28041
       28136
       28226
       28269
       28320
       28332
       28395
       28436
       28497
       28521
       28558
       28613
       28690
       28787
       28848
       28850
       28911
       28935
       29025
       29065
       29146
       29205
       29276
       29364
       29366
       29390
       29457
       29466
       29543
       29565
       29571
       29636
       29647
       29686
       29742
       29767
       29794
       29806
       29817
       29854
       29886
       29921
       29964
       30055
       30078
       30099
       30111
       30181
       30191
       30290
       30349
       30349
       30384
       30399
       30481
       30511
       30587
       30632
       30719
       30794
       30848
       30919
       30978
       31061
       31116
       31181
       31217
       31225
       31293
       31382
       31420
       31486
       31559
       31585
       31632
       31679
       31737
       31739
       31828
       31897
       31979
       32012
       32111
       32181
       32221
       32316
       32369
       32405
       32462
       32499
       32510
       32598
       32669
       32689
       32738
       32788
       32846
       32897
       32902
       32916
       32998
       33079
       33147
       33221
       33289
       33352
       33376
       33469
       33498
       33575
       33584
       33638
       33681
       33727
       33793
       33824
       33900
       33904
       33998
       34055
       34056
       34139
       34234
       34284
       34377
       34476
       34559
       34626
       34684
       34723
       34789
       34873
       34898
       34990
       35060
       35066
       35121
       35176
       35226
       35294
       35344
       35421
       35518
       35547
       35639
       35649
       35674
       35765
       35839
       35909
       35935
       35971
       35982
       36023
       36108
       36167
       36238
       36300
       36373
       36386
       36444
       36520
       36613
       36675
       36763
       36792
       36850
       36876
       36947
       37011
       37103
       37130
       37228
       37274
       37281
       37361
       37457
       37523
       37563
       37649
       37722
       37785
       37882
       37953
       37965
       38021
       38095
       38181
       38236
       38293
       38328
       38416
       38447
       38471
       38557
       38566
       38636
       38652
       38696
       38765
       38834
       38868
       38934
       39013
       39108
       39173
       39259
       39356
       39435
       39518
       39530
       39586
       39679
       39748
       39829
       39842
       39940
       39974
       40057
       40069
       40069
       40106
       40147
       40170
       40227
       40287
       40330
       40385
       40432
       40484
       40565
       40592
       40599
       40687
       40769
       40793
       40835
       40881
       40958
       41047
       41080
       41133
       41216
       41243
       41338
       41346
       41423
       41466
       41523
       41604
       41610
       41708
       41726
       41820
       41893
       41936
       42027
       42031
       42076
       42081
       42137
       42143
       42213
       42276
       42336
       42434
       42490
       42574
       42614
       42626
       42719
       42735
       42815
       42883
       42897
       42935
       43014
       43047
       43114
       43121
       43174
       43180
       43221
       43269
       43348
       43360
       43453
       43465
       43496
       43583
       43602
       43654
       43700
       43728
       43735
       43737
       43831
       43916
       43971
       44028
       44031
       44037
       44114
       44114
       44152
       44226
       44245
       44315
       44318
       44367
       44378
       44402
       44471
       44568
       44643
       44662
       44716
       44722
       44728
       44791
       44881
       44889
       44903
       44927
       44971
       44972
       45023
       45120
       45156
       45172
       45175
       45198
       45232
       45309
       45318
       45340
       45369
       45455
       45493
       45498
       45569
       45651
       45661
       45756
       45810
       45845
       45943
       46040
       46048
       46079
       46110
       46186
       46220
       46306
       46341
       46399
       46403
       46473
       46484
       46504
       46553
       46619
       46661
       46758
       46785
       46831
       46870
       46873
       46949
       46996
       47058
       47080
       47131
       47189
       47250
       47301
       47377
       47384
       47476
       47501
       47551
       47590
       47616
       47670
       47707
       47762
       47858
       47947
       47963
       48048
       48070
       48131
       48186
       48210
       48216
       48223
       48314
       48318
       48397
       48456
       48464
       48486
       48507
       48564
       48593
       48605
       48614
       48657
       48703
       48714
       48780
       48790
       48880
       48924
       48946
       49005
       49046
       49086
       49185
       49223
       49272
       49359
       49454
       49531
       49553
       49585
       49624
       49696
       49715
       49765
       49833
       49846
       49888
       49944
       49979
       50067
       50166
       50225
       50310
       50348
       50417
       50439
       50498
       50516
       50572
       50644
       50709
       50768
       50784
       50831
       50897
       50979
       50989
       51068
       51095
       51187
       51192
       51247
       51321
       51373
       51374
       51451
       51502
       51562
       51565
       51572
       51600
       51609
       51629
       51668
       51744
       51784
       51873
       51947
       51995
       52068
       52125
       52188
       52213
       52280
       52294
       52378
       52393
       52482
       52504
       52542
       52590
       52619
       52654
       52719
       52727
       52796
       52821
       52869
       52887
       52975
       53009
       53030
       53079
       53165
       53262
       53274
       53338
       53339
       53417
       53465
       53504
       53517
       53583
       53676
       53679
       53724
       53762
       53770
       53796
       53831
       53892
       53921
       53936
       53945
       54028
       54102
       54170
       54172
       54242
       54298
       54363
       54430
       54506
       54566
       54604
       54608
       54653
       54750
       54821
       54845
       54856
       54944
       54944
       55029
       55123
       55189
       55232
       55252
       55324
       55358
       55377
       55381
       55396
       55444
       55525
       55550
       55569
       55662
       55710
       55713
       55796
       55886
       55902
       55942
       56033
       56119
       56210
       56274
       56337
       56430
       56494
       56578
       56600
       56631
       56707
       56762
       56853
       56868
       56897
       56964
       56979
       57029
       57120
       57181
       57218
       57250
       57339
       57345
       57356
       57446
       57510
       57526
       57539
       57596
       57668
       57751
       57808
       57844
       57891
       57943
       58030
       58085
       58132
       58139
       58189
       58201
       58220
       58296
       58357
       58374
       58426
       58523
       58574
       58586
       58674
       58749
       58757
       58839
       58849
       58932
       58969
       59067
       59134
       59199
       59199
       59238
       59306
       59313
       59388
       59483
       59525
       59589
       59618
       59622
       59627
       59696
       59785
       59811
       59818
       59821
       59827
       59889
       59946
       60011
       60077
       60175
       60183
       60229
       60316
       60351
       60418
       60443
       60515
       60522
       60594
       60611
       60668
       60719
       60786
       60788
       60862
       60959
       61056
       61110
       61156
       61166
       61179
       61188
       61224
       61230
       61231
       61306
       61344
       61344
       61425
       61463
       61478
       61478
       61481
       61549
       61587
       61624
       61705
       61725
       61729
       61796
       61863
       61874
       61905
       61924
       61993
       62004
       62053
       62054
       62113
       62126
       62145
       62233
       62272
       62359
       62375
       62386
       62386
       62424
       62433
       62434
       62509
       62588
       62627
       62662
       62742
       62811
       62872
       62927
       62983
       63052
       63078
       63095
       63113
       63161
       63205
       63253
       63347
       63398
       63455
       63540
       63623
       63684
       63738
       63816
       63822
       63910
       63959
       63964
       64009
       64036
       64132
       64148
       64191
       64216
       64231
       64326
       64404
       64428
       64464
       64545
       64619
       64646
       64678
       64760
       64831
       64901
       64903
       64928
       64953
       65045
       65054
       65127
       65132
       65157
       65205
       65279
       65336
       65411
       65468
       65472
       65520
       65609
       65652
       65697
       65755
       65830
       65850
       65892
       65962
       65994
       66025
       66106
       66147
       66225
       66231
       66242
       66252
       66261
       66324
       66351
       66403
       66404
       66482
       66572
       66638
       66643
       66677
       66755
       66817
       66821
       66835
       66868
       66941
       66942
       66985
       67079
       67115
       67191
       67219
       67273
       67290
       67310
       67327
       67332
       67410
       67499
       67580
       67673
       67749
       67811
       67887
       67978
       67988
       68042
       68076
       68146
       68218
       68292
       68381
       68443
       68494
       68557
       68623
       68647
       68695
       68794
       68797
       68896
       68929
       68963
       68981
       69019
       69105
       69166
       69233
       69329
       69354
       69437
       69482
       69572
       69646
       69734
       69809
       69903
       69994
       70017
       70018
       70085
       70132
       70213
       70294
       70357
       70414
       70463
       70504
       70518
       70552
       70601
       70697
       70754
       70805
       70811
       70851
       70859
       70938
       70953
       71032
       71071
       71089
       71182
       71253
       71309
       71332
       71374
       71443
       71499
       71537
       71565
       71595
       71655
       71673
       71734
       71766
       71824
       71831
       71912
       71998
       72041
       72096
       72106
       72189
       72230
       72312
       72366
       72396
       72433
       72484
       72511
       72562
       72612
       72656
       72675
       72769
       72793
       72886
       72898
       72950
       73037
       73134
       73197
       73209
       73283
       73293
       73389
       73415
       73492
       73506
       73528
       73540
       73595
       73675
       73759
       73774
       73800
       73890
       73903
       73996
       74075
       74115
       74125
       74138
       74138
       74186
       74217
       74281
       74321
       74419
       74493
       74561
       74602
       74688
       74737
       74810
       74828
       74855
       74950
       75031
       75087
       75164
       75187
       75254
       75303
       75352
       75354
       75361
       75436
       75514
       75515
       75577
       75650
       75690
       75702
       75778
       75831
       75897
       75973
       76024
       76027
       76065
       76139
       76153
       76242
       76256
       76318
       76400
       76442
       76468
       76521
       76611
       76706
       76802
       76825
       76827
       76872
       76947
       76989
       77053
       77070
       77151
       77184
       77227
       77301
       77392
       77417
       77458
       77557
       77604
       77668
       77698
       77719
       77781
       77852
       77874
       77951
       78033
       78052
       78124
       78143
       78146
       78178
       78250
       78269
       78291
       78340
       78385
       78399
       78401
       78475
       78524
       78548
       78599
       78690
       78697
       78796
       78824
       78910
       79005
       79056
       79070
       79138
       79234
       79324
       79359
       79424
       79469
       79535
       79547
       79624
       79645
       79646
       79696
       79771
       79821
       79863
       79905
       79936
       79962
       79994
       80015
       80020
       80071
       80103
       80174
       80193
       80246
       80298
       80351
       80366
       80402
       80499
       80536
       80615
       80648
       80744
       80821
       80910
       80927
       80987
       81062
       81068
       81070
       81134
       81202
       81219
       81293
       81313
       81329
       81372
       81459
       81502
       81574
       81633
       81654
       81751
       81818
       81822
       81878
       81904
       81939
       81974
       82023
       82107
       82134
       82178
       82184
       82197
       82266
       82327
       82359
       82417
       82502
       82587
       82587
       82598
       82689
       82715
       82738
       82761
       82832
       82914
       82926
       82936
       82982
       82996
       83073
       83150
       83176
       83208
       83230
       83283
       83367
       83385
       83424
       83472
       83539
       83611
       83697
       83774
       83783
       83815
       83833
       83930
       83957
       84027
       84118
       84166
       84175
       84180
       84225
       84232
       84301
       84371
       84431
       84434
       84451
       84485
       84566
       84601
       84654
       84682
       84776
       84875
       84902
       84919
       84977
       84999
       85008
       85026
       85055
       85140
       85227
       85279
       85325
       85353
       85429
       85454
       85506
       85541
       85616
       85634
       85658
       85692
       85705
       85774
       85774
       85859
       85919
       85973
       86050
       86116
       86203
       86234
       86328
       86355
       86413
       86470
       86513
       86550
       86594
       86596
       86627
       86668
       86685
       86756
       86809
       86847
       86932
       86944
       86958
       86958
       86965
       86971
       87065
       87101
       87125
       87173
       87203
       87228
       87292
       87359
       87372
       87379
       87379
       87433
       87440
       87522
       87590
       87626
       87686
       87780
       87864
       87948
       88007
       88095
       88142
       88213
       88234
       88273
       88361
       88386
       88444
       88466
       88549
       88608
       88668
       88692
       88744
       88792
       88852
       88855
       88954
       89053
       89072
       89164
       89201
       89213
       89298
       89337
       89421
       89474
       89505
       89506
       89601
       89656
       89683
       89768
       89807
       89886
       89978
       90017
       90017
       90057
       90153
       90186
       90219
       90222
       90261
       90292
       90333
       90380
       90430
       90467
       90525
       90528
       90542
       90630
       90703
       90724
       90768
       90824
       90884
       90886
       90920
       90928
       90964
       90984
       90993
       91068
       91083
       91143
       91184
       91279
       91296
       91334
       91336
       91360
       91390
       91448
       91475
       91481
       91499
       91508
       91527
       91591
       91645
       91672
       91698
       91781
       91879
       91965
       91981
       92074
       92117
       92146
       92237
       92271
       92343
       92426
       92505
       92563
       92605
       92699
       92789
       92863
       92926
       92993
       93008
       93062
       93115
       93205
       93233
       93271
       93323
       93334
       93356
       93442
       93515
       93560
       93597
       93639
       93729
       93730
       93807
       93887
       93976
       94020
       94084
       94106
       94175
       94263
       94322
       94410
       94454
       94530
       94556
       94570
       94595
       94615
       94650
       94716
       94813
       94849
       94882
       94976
       95038
       95136
       95230
       95286
       95364
       95431
       95483
       95496
       95595
       95611
       95689
       95696
       95711
       95774
       95835
       95858
       95935
       95996
       96086
       96145
       96175
       96219
       96307
       96319
       96408
       96448
       96544
       96624
       96669
       96729
       96745
       96821
       96828
       96851
       96922
       97006
       97026
       97047
       97087
       97133
       97189
       97232
       97267
       97333
       97379
       97475
       97513
       97522
       97552
       97578
       97628
       97672
       97704
       97771
       97772
       97781
       97846
       97940
       98026
       98061
       98105
       98126
       98201
       98263
       98313
       98331
       98362
       98418
       98452
       98502
       98548
       98586
       98640
       98685
       98723
       98769
       98859
       98937
       98955
       98987
       99060
       99116
       99208
       99253
       99302
       99401
       99499
       99526
       99562
       99566
       99615
       99654
       99671
       99724
       99784
       99789
       99844
       99878
       99915
       99963
      100020
      100066
      100137
      100148
      100178
      100192
      100237
      100270
      100338
      100425
      100439
      100482
      100565
      100593
      100638
      100689
      100711
      100757
      100807
      100873
      100943
      101028
      101087
      101125
      101201
      101267
      101332
      101366
      101386
      101458
      101462
      101468
      101540
      101577
      101649
      101721
      101737
      101835
      101915
      101983
      102057
      102108
      102142
      102203
      102245
      102302
      102345
      102349
      102376
      102416
      102468
      102511
      102533
      102591
      102591
      102671
      102702
      102790
      102858
      102934
      102979
      103027
      103124
      103223
      103262
      103361
      103432
      103505
      103547
      103550
      103642
      103731
      103805
      103819
      103875
      103965
      104003
      104091
      104120
      104131
      104140
      104205
      104289
      104314
      104319
      104327
      104377
      104378
      104473
      104546
      104572
      104640
      104683
      104756
      104807
      104882
      104961
      105037
      105080
      105175
      105198
      105224
      105320
      105416
      105498
      105517
      105603
      105697
      105789
      105830
      105893
      105950
      105988
      106031
      106066
      106067
      106079
      106103
      106148
      106157
      106206
      106297
      106319
      106324
      106407
      106476
      106543
      106564
      106629
      106702
      106743
      106747
      106790
      106853
      106948
      107024
      107085
      107147
      107171
      107264
      107360
      107413
      107488
      107546
      107592
      107631
      107685
      107728
      107761
      107774
      107817
      107913
      107941
      108006
      108104
      108133
      108223
      108286
      108348
      108364
      108429
      108430
      108474
      108479
      108520
      108544
      108545
      108602
      108667
      108694
      108740
      108789
      108861
      108898
      108927
      108958
      108993
      109019
      109066
      109073
      109130
      109139
      109233
      109311
      109354
      109436
      109461
      109560
      109569
      109597
      109623
      109695
      109771
      109866
      109908
      109987
      109988
      110017
      110083
      110166
      110220
      110284
      110296
      110335
      110423
      110515
      110542
      110624
      110675
      110753
      110797
      110896
      110899
      110966
      111001
      111087
      111125
      111209
      111250
      111271
      111271
      111272
      111364
      111378
      111400
      111430
      111457
      111518
      111589
      111593
      111661
      111669
      111682
      111761
      111819
      111860
      111932
      112028
      112117
      112132
      112227
      112248
      112291
      112294
      112308
      112375
      112392
      112399
      112442
      112518
      112596
      112668
      112693
      112710
      112761
      112821
      112848
      112929
      112996
      113001
      113038
      113071
      113081
      113144
      113174
      113218
      113302
      113317
      113402
      113424
      113443
      113467
      113509
      113519
      113570
      113635
      113732
      113812
      113833
      113913
      113915
      113977
      114029
      114084
      114170
      114195
      114205
      114206
      114286
      114383
      114433
      114463
      114535
      114596
      114633
      114702
      114702
      114787
      114826
      114907
      114938
      115003
      115100
      115108
      115109
      115179
      115223
      115266
      115300
      115330
      115333
      115396
      115413
      115502
      115555
      115609
      115646
      115669
      115744
      115807
      115876
      115958
      116021
      116073
      116135
      116150
      116178
      116183
      116224
      116253
      116302
      116319
      116344
      116426
      116428
      116496
      116502
      116547
      116636
      116688
      116694
      116767
      116822
      116906
      116923
      117007
      117072
      117168
      117223
      117307
      117328
      117370
      117442
      117512
      117558
      117652
      117684
      117768
      117852
      117860
      117955
      118048
      118146
      118222
      118277
      118353
      118408
      118411
      118471
      118560
      118608
      118671
      118741
      118747
      118789
      118793
      118820
      118889
      118950
      119033
      119126
      119191
      119208
      119247
      119278
      119325
      119386
      119442
      119479
      119539
      119627
      119645
      119672
      119754
      119791
      119865
      119894
      119961
      120029
      120041
      120117
      120185
      120187
      120240
      120276
      120304
      120398
      120481
      120491
      120542
      120575
      120635
      120733
      120771
      120826
      120891
      120987
      120997
      121091
      121144
      121234
      121318
      121337
      121350
      121381
      121453
      121488
      121566
      121579
      121648
      121674
      121721
      121805
      121891
      121983
      121991
      121996
      122057
      122111
      122152
      122176
      122261
      122353
      122376
      122458
      122486
      122540
      122629
      122643
      122674
      122757
      122817
      122860
      122898
      122942
      122962
      123054
      123116
      123164
      123228
      123230
      123279
      123333
      123405
      123427
      123508
      123534
      123630
      123672
      123700
      123723
      123796
      123895
      123939
      124025
      124066
      124163
      124232
      124317
      124327
      124384
      124419
      124448
      124536
      124581
      124622
      124708
      124784
      124828
      124885
      124948
      124978
      124978
      124994
      125021
      125076
      125108
      125178
      125253
      125271
      125299
      125354
      125369
      125410
      125456
      125495
      125508
      125574
      125654
      125742
      125769
      125800
      125826
      125885
      125949
      126000
      126066
      126074
      126131
      126131
      126159
      126237
      126252
      126268
      126276
      126280
      126354
      126368
      126435
      126476
      126497
      126529
      126565
      126654
      126720
      126791
      126863
      126879
      126958
      126990
      127036
      127105
      127189
      127219
      127247
      127272
      127326
      127368
      127398
      127463
      127486
      127563
      127619
      127678
      127704
      127713
      127804
      127853
      127908
      127970
      128001
      128094
      128104
      128107
      128121
      128123
      128138
      128193
      128237
      128293
      128332
      128354
      128357
      128430
      128487
      128490
      128587
      128630
      128685
      128700
      128771
      128815
      128857
      128873
      128883
      128937
      129021
      129120
      129201
      129286
      129288
      129351
      129416
      129508
      129603
      129634
      129669
      129685
      129701
      129790
      129865
      129952
      129976
      129982
      130002
      130067
      130162
      130235
      130275
      130292
      130306
      130309
      130320
      130354
      130358
      130364
      130425
      130439
      130476
      130557
      130608
      130629
      130654
      130676
      130722
      130741
      130794
      130817
      130897
      130979
      130988
      131086
      131093
      131119
      131206
      131269
      131346
      131373
      131373
      131409
      131417
      131486
      131578
      131586
      131671
      131730
      131789
      131873
      131957
      131986
      132004
      132042
      132130
      132219
      132221
      132307
      132307
      132312
      132401
      132413
      132461
      132505
      132523
      132592
      132642
      132668
      132700
      132750
      132847
      132938
      132940
      132941
      133010
      133065
      133147
      133161
      133252
      133264
      133340
      133406
      133468
      133513
      133596
      133689
      133719
      133743
      133822
      133848
      133919
      133947
      133955
      133970
      134033
      134107
      134152
      134223
      134230
      134242
      134273
      134306
      134373
      134451
      134510
      134562
      134597
      134633
      134711
      134797
      134824
      134895
      134899
      134948
      134963
      135011
      135068
      135078
      135146
      135229
      135311
      135319
      135354
      135414
      135423
      135503
      135564
      135594
      135692
      135746
      135773
      135864
      135910
      135915
      135934
      135949
      136015
      136051
      136065
      136138
      136227
      136274
      136288
      136333
      136396
      136406
      136413
      136487
      136560
      136565
      136645
      136711
      136716
      136810
      136904
      136982
      137021
      137066
      137101
      137150
      137183
      137236
      137257
      137282
      137335
      137407
      137413
      137432
      137475
      137539
      137612
      137629
      137664
      137749
      137758
      137854
      137888
      137931
      137995
      138020
      138068
      138159
      138223
      138320
      138344
      138387
      138478
      138478
      138502
      138599
      138648
      138737
      138831
      138869
      138934
      138959
      138989
      139077
      139095
      139181
      139264
      139281
      139372
      139416
      139470
      139568
      139613
      139645
      139648
      139682
      139692
      139764
      139855
      139933
      139958
      140017
      140055
      140093
      140108
      140135
      140207
      140275
      140276
      140371
      140415
      140431
      140495
      140571
      140627
      140689
      140784
      140872
      140935
      140939
      140994
      140997
      141060
      141139
      141187
      141276
      141294
      141294
      141337
      141378
      141411
      141489
      141556
      141584
      141662
      141672
      141674
      141692
      141754
      141768
      141833
      141868
      141949
      141982
      142049
      142107
      142163
      142226
      142291
      142381
      142467
      142528
      142612
      142626
      142661
      142670
      142689
      142785
      142801
      142875
      142937
      143028
      143080
      143137
      143154
      143228
      143290
      143302
      143349
      143388
      143403
      143432
      143448
      143515
      143590
      143639
      143697
      143729
      143820
      143860
      143912
      143963
      143970
      144020
      144026
      144101
      144119
      144147
      144227
      144228
      144275
      144309
      144338
      144364
      144444
      144448
      144451
      144504
      144507
      144593
      144642
      144672
      144703
      144719
      144802
      144815
      144829
      144850
      144851
      144851
      144881
      144884
      144920
      145019
      145066
      145101
      145187
      145202
      145236
      145241
      145307
      145381
      145396
      145493
      145553
      145593
      145648
      145682
      145700
      145794
      145887
      145958
      145971
      146046
      146054
      146092
      146152
      146210
      146272
      146334
      146392
      146433
      146495
      146500
      146513
      146600
      146607
      146630
      146676
      146749
      146753
      146788
      146829
      146883
      146958
      147033
      147036
      147114
      147174
      147204
      147290
      147374
      147423
      147522
      147538
      147599
      147643
      147740
      147810
      147887
      147908
      147960
      147986
      148004
      148048
      148147
      148183
      148275
      148293
      148300
      148383
      148421
      148434
      148459
      148467
      148481
      148542
      148603
      148655
      148658
      148710
      148736
      148816
      148826
      148887
      148969
      148980
      149013
      149091
      149177
      149276
      149375
      149409
      149442
      149510
      149527
      149593
      149596
      149639
      149660
      149753
      149786
      149845
      149919
      150009
      150043
      150084
      150129
      150220
      150291
      150319
      150388
      150413
      150432
      150500
      150555
      150649
      150725
      150750
      150759
      150829
      150915
      150947
      151001
      151043
      151067
      151155
      151210
      151230
      151271
      151318
      151369
      151429
      151505
      151522
      151610
      151700
      151757
      151827
      151872
      151872
      151903
      151967
      152021
      152077
      152115
      152148
      152174
      152223
      152264
      152283
      152368
      152401
      152435
      152481
      152495
      152526
      152575
      152586
      152661
      152664
      152701
      152788
      152882
      152932
      152935
      152983
      153067
      153149
      153174
      153266
      153286
      153378
      153455
      153551
      153645
      153712
      153717
      153759
      153847
      153887
      153981
      154044
      154060
      154071
      154102
      154191
      154231
      154286
      154294
      154393
      154450
      154479
      154569
      154581
      154584
      154646
      154703
      154726
      154792
      154814
      154873
      154913
      154950
      154956
      154976
      155075
      155112
      155170
      155258
      155293
      155353
      155374
      155457
      155470
      155547
      155555
      155599
      155616
      155655
      155682
      155735
      155831
      155843
      155863
      155875
      155877
      155914
      155985
      156083
      156138
      156198
      156242
      156307
      156333
      156389
      156463
      156507
      156570
      156573
      156644
      156681
      156740
      156833
      156869
      156876
      156942
      156994
      157024
      157046
      157081
      157112
      157145
      157224
      157250
      157323
      157370
      157435
      157516
      157517
      157556
      157641
      157698
      157753
      157756
      157836
      157837
      157903
      158002
      158079
      158161
      158191
      158198
      158228
      158292
      158371
      158406
      158472
      158540
      158547
      158638
      158735
      158754
      158851
      158927
      158988
      159085
      159119
      159178
      159266
      159314
      159323
      159419
      159437
      159463
      159525
      159577
      159654
      159658
      159684
      159736
      159774
      159824
      159860
      159946
      160016
      160054
      160140
      160145
      160185
      160256
      160279
      160302
      160305
      160364
      160374
      160400
      160424
      160435
      160502
      160567
      160598
      160625
      160693
      160748
      160768
      160800
      160898
      160973
      161034
      161043
      161082
      161126
      161191
      161222
      161310
      161401
      161453
      161516
      161599
      161664
      161704
      161801
      161879
      161953
      162035
      162067
      162136
      162203
      162243
      162314
      162363
      162373
      162407
      162415
      162416
      162441
      162526
      162534
      162535
      162593
      162659
      162731
      162745
      162803
      162876
      162927
      162998
      163045
      163074
      163153
      163188
      163264
      163325
      163338
      163377
      163393
      163422
      163516
      163539
      163636
      163667
      163693
      163730
      163793
      163868
      163879
      163924
      164020
      164036
      164094
      164132
      164176
      164233
      164302
      164390
      164445
      164538
      164601
      164668
      164765
      164793
      164825
      164867
      164925
      164992
      165053
      165122
      165145
      165160
      165223
      165320
      165353
      165420
      165510
      165595
      165654
      165716
      165726
      165805
      165813
      165904
      165960
      166013
      166082
      166126
      166207
      166222
      166255
      166261
      166344
      166374
      166385
      166409
      166492
      166529
      166551
      166563
      166608
      166683
      166694
      166775
      166801
      166898
      166969
      167049
      167087
      167157
      167178
      167202
      167251
      167334
      167424
      167506
      167534
      167581
      167628
      167703
      167706
      167760
      167767
      167859
      167900
      167923
      167999
      168006
      168065
      168162
      168235
      168274
      168285
      168345
      168403
      168475
      168489
      168530
      168585
      168631
      168703
      168749
      168771
      168804
      168858
      168902
      168989
      169069
      169142
      169198
      169270
      169283
      169298
      169362
      169430
      169526
      169537
      169616
      169711
      169723
      169752
      169759
      169822
      169867
      169953
      170032
      170092
      170112
      170173
      170215
      170290
      170320
      170387
      170470
      170471
      170484
      170496
      170518
      170600
      170654
      170677
      170685
      170700
      170775
      170836
      170855
      170860
      170945
      170955
      171014
      171081
      171175
      171253
      171342
      171376
      171458
      171524
      171604
      171656
      171752
      171752
      171840
      171871
      171914
      172007
      172096
      172184
      172256
      172267
      172327
      172330
      172409
      172457
      172469
      172531
      172545
      172640
      172706
      172722
      172763
      172840
      172891
      172937
      172958
      172969
      172981
      173014
      173066
      173137
      173160
      173194
      173258
      173278
      173318
      173345
      173356
      173409
      173505
      173555
      173644
      173674
      173722
      173821
      173861
      173951
      174026
      174115
      174200
      174278
      174359
      174394
      174488
      174525
      174585
      174635
      174651
      174708
      174774
      174797
      174854
      174936
      175008
      175050
      175115
      175126
      175184
      175279
      175310
      175406
      175429
      175485
      175539
      175547
      175631
      175711
      175786
      175786
      175876
      175883
      175964
      176013
      176087
      176100
      176166
      176242
      176299
      176383
      176479
      176551
      176643
      176709
      176801
      176864
      176889
      176956
      177005
      177031
      177098
      177133
      177174
      177212
      177230
      177232
      177282
      177313
      177324
      177330
      177402
      177496
      177581
      177584
      177617
      177635
      177722
      177732
      177828
      177892
      177962
      177967
      178002
      178072
      178157
      178172
      178185
      178268
      178272
      178342
      178436
      178472
      178518
      178528
      178611
      178631
      178636
      178674
      178729
      178783
      178854
      178947
      178989
      179042
      179077
      179150
      179226
      179285
      179373
      179388
      179406
      179458
      179495
      179553
      179584
      179637
      179715
      179796
      179865
      179868
      179875
      179951
      179994
      180092
      180184
      180189
      180214
      180287
      180383
      180437
      180439
      180460
      180487
      180575
      180653
      180689
      180762
      180829
      180928
      180950
      181022
      181052
      181145
      181202
      181272
      181297
      181389
      181432
      181531
      181577
      181659
      181742
      181811
      181910
      181988
      182057
      182086
      182150
      182183
      182232
      182244
      182318
      182376
      182409
      182427
      182515
      182595
      182621
      182621
      182646
      182721
      182765
      182796
      182892
      182975
      182987
      183070
      183107
      183132
      183193
      183201
      183201
      183272
      183305
      183342
      183394
      183476
      183493
      183520
      183584
      183660
      183679
      183722
      183785
      183820
      183887
      183973
      184027
      184058
      184151
      184244
      184251
      184304
      184345
      184345
      184390
      184441
      184459
      184504
      184557
      184644
      184717
      184725
      184787
      184881
      184949
      185047
      185126
      185204
      185207
      185229
      185245
      185335
      185405
      185446
      185532
      185604
      185631
      185697
      185736
      185809
      185817
      185844
      185862
      185888
      185974
      185991
      186086
      186142
      186198
      186265
      186361
      186457
      186518
      186551
      186620
      186636
      186663
      186676
      186686
      186704
      186704
      186775
      186804
      186887
      186964
      187029
      187031
      187081
      187127
      187131
      187131
      187160
      187214
      187288
      187358
      187443
      187498
      187578
      187622
      187714
      187775
      187818
      187884
      187888
      187904
      187919
      187951
      187982
      188015
      188095
      188113
      188178
      188204
      188216
      188267
      188347
      188440
      188491
      188563
      188649
      188719
      188732
      188745
      188785
      188849
      188883
      188913
      188958
      189033
      189111
      189117
      189205
      189260
      189295
      189339
      189390
      189460
      189491
      189576
      189616
      189710
      189785
      189874
      189965
      190005
      190061
      190125
      190177
      190241
      190260
      190304
      190333
      190424
      190509
      190545
      190549
      190595
      190620
      190627
      190722
      190727
      190770
      190786
      190824
      190840
      190908
      190974
      191004
      191089
      191128
      191227
      191248
      191256
      191316
      191401
      191447
      191456
      191496
      191498
      191595
      191610
      191662
      191735
      191763
      191845
      191927
      192017
      192074
      192081
      192118
      192202
      192222
      192232
      192326
      192395
      192469
      192503
      192558
      192581
      192617
      192656
      192714
      192791
      192857
      192897
      192908
      192916
      193002
      193011
      193053
      193064
      193087
      193143
      193165
      193258
      193316
      193331
      193414
      193428
      193517
      193553
      193610
      193649
      193687
      193726
      193771
      193783
      193816
      193836
      193903
      193996
      194093
      194186
      194189
      194227
      194285
      194369
      194425
      194471
      194493
      194561
      194651
      194695
      194746
      194747
      194778
      194809
      194839
      194927
      194994
      195081
      195124
      195182
      195223
      195250
      195323
      195381
      195418
      195429
      195506
      195546
      195582
      195603
      195629
      195657
      195699
      195699
      195782
      195804
      195813
      195851
      195924
      196013
      196088
      196111
      196199
      196223
      196253
      196304
      196322
      196378
      196400
      196410
      196451
      196465
      196535
      196567
      196619
      196691
      196737
      196818
      196860
      196914
      196981
      197041
      197117
      197125
      197153
      197162
      197235
      197297
      197332
      197362
      197387
      197446
      197498
      197583
      197647
      197739
      197743
      197813
      197822
      197908
      198004
      198064
      198119
      198135
      198194
      198198
      198240
      198266
      198337
      198342
      198413
      198473
      198504
      198547
      198575
      198658
      198721
      198747
      198845
      198884
      198918
      198940
      199024
      199073
      199084
      199159
      199172
      199266
      199339
      199341
      199403
      199415
      199438
      199448
      199529
      199566
      199633
      199717
      199724
      199809
      199832
      199914
      199921
      199938
      199997
      200042
      200070
      200071
      200129
      200182
      200253
      200312
      200332
      200371
      200419
      200487
      200501
      200569
      200656
      200728
      200730
      200828
      200904
      200905
      200988
      200994
      201035
      201107
      201165
      201217
      201240
      201247
      201274
      201361
      201375
      201397
      201419
      201464
      201526
      201538
      201590
      201630
      201669
      201745
      201783
      201855
      201925
      201989
      202087
      202096
      202131
      202161
      202248
      202305
      202353
      202364
      202391
      202472
      202535
      202560
      202587
      202592
      202620
      202642
      202701
      202739
      202813
      202817
      202865
      202930
      202994
      203040
      203093
      203127
      203171
      203237
      203254
      203309
      203330
      203365
      203432
      203494
      203529
      203594
      203657
      203673
      203709
      203798
      203853
      203933
      204016
      204049
      204107
      204199
      204217
      204290
      204306
      204315
      204394
      204466
      204466
      204565
      204581
      204647
      204694
      204776
      204808
      204866
      204880
      204913
      204981
      204993
      204994
      205062
      205159
      205219
      205285
      205302
      205341
      205381
      205431
      205473
      205529
      205558
      205612
      205616
      205707
      205802
      205814
      205842
      205891
      205952
      206031
      206057
      206086
      206089
      206140
      206198
      206285
      206384
      206386
      206402
      206454
      206470
      206546
      206625
      206669
      206706
      206711
      206713
      206746
      206774
      206817
      206904
      206922
      206998
      207041
      207078
      207154
      207227
      207302
      207337
      207396
      207481
      207509
      207608
      207652
      207728
      207733
      207815
      207857
      207896
      207958
      208044
      208100
      208146
      208228
      208295
      208360
      208443
      208453
      208549
      208631
      208676
      208698
      208742
      208784
      208881
      208931
      208965
      209027
      209123
      209180
      209220
      209253
      209289
      209318
      209405
      209455
      209535
      209600
      209671
      209740
      209743
      209778
      209868
      209900
      209908
      209995
      210011
      210041
      210070
      210088
      210098
      210150
      210191
      210196
      210277
      210285
      210366
      210438
      210528
      210615
      210646
      210703
      210795
      210795
      210846
      210871
      210954
      210966
      211012
      211055
      211151
      211188
      211267
      211305
      211355
      211434
      211439
      211518
      211552
      211563
      211600
      211672
      211746
      211791
      211816
      211852
      211901
      211937
      211983
      212032
      212074
      212078
      212116
      212139
      212175
      212257
      212339
      212430
      212445
      212472
      212540
      212604
      212637
      212673
      212726
      212812
      212831
      212853
      212906
      212912
      212979
      213029
      213100
      213157
      213219
      213264
      213282
      213289
      213341
      213426
      213441
      213523
      213580
      213650
      213744
      213833
      213838
      213871
      213925
      213997
      214090
      214096
      214156
      214215
      214272
      214352
      214413
      214452
      214471
      214545
      214569
      214637
      214647
      214679
      214709
      214770
      214832
      214860
      214913
      214913
      214979
      214999
      215063
      215135
      215212
      215224
      215244
      215313
      215383
      215386
      215416
      215462
      215555
      215634
      215695
      215731
      215773
      215775
      215874
      215931
      216012
      216017
      216084
      216085
      216094
      216135
      216156
      216225
      216308
      216353
      216396
      216475
      216549
      216571
      216654
      216738
      216808
      216897
      216974
      217015
      217061
      217095
      217122
      217216
      217241
      217333
      217431
      217528
      217584
      217640
      217716
      217751
      217836
      217847
      217887
      217937
      218003
      218057
      218063
      218156
      218249
      218342
      218376
      218463
      218472
      218516
      218573
      218579
      218663
      218732
      218819
      218916
      218968
      219063
      219091
      219097
      219185
      219263
      219335
      219406
      219442
      219448
      219470
      219556
      219613
      219694
      219745
      219802
      219807
      219828
      219868
      219955
      220043
      220083
      220120
      220123
      220181
      220205
      220283
      220345
      220408
      220424
      220435
      220501
      220597
      220676
      220743
      220828
      220902
      220923
      221015
      221018
      221058
      221091
      221158
      221221
      221281
      221370
      221403
      221463
      221522
      221524
      221607
      221663
      221676
      221738
      221836
      221865
      221899
      221914
      221989
      221996
      222041
      222085
      222133
      222143
      222192
      222228
      222282
      222380
      222470
      222489
      222552
      222552
      222562
      222632
      222692
      222777
      222829
      222886
      222963
      222998
      223068
      223109
      223175
      223186
      223212
      223229
      223271
      223277
      223328
      223349
      223400
      223460
      223468
      223555
      223633
      223680
      223725
      223815
      223886
      223900
      223928
      223977
      224069
      224084
      224170
      224210
      224292
      224325
      224398
      224475
      224498
      224522
      224591
      224678
      224734
      224814
      224828
      224911
      224966
      224983
      225006
      225094
      225108
      225142
      225191
      225265
      225355
      225431
      225522
      225617
      225664
      225674
      225707
      225727
      225800
      225839
      225914
      225970
      225987
      226040
      226075
      226092
      226155
      226200
      226250
      226300
      226388
      226408
      226462
      226559
      226596
      226606
      226643
      226702
      226796
      226861
      226949
      226984
      226999
      227061
      227067
      227160
      227227
      227250
      227304
      227351
      227435
      227508
      227520
      227522
      227609
      227621
      227662
      227667
      227673
      227772
      227781
      227848
      227849
      227879
      227959
      228055
      228128
      228129
      228215
      228235
      228267
      228343
      228361
      228411
      228472
      228505
      228574
      228607
      228611
      228683
      228743
      228767
      228864
      228955
      229013
      229103
      229166
      229260
      229355
      229430
      229437
      229522
      229587
      229601
      229615
      229659
      229729
      229824
      229866
      229923
      230006
      230031
      230073
      230162
      230198
      230296
      230343
      230372
      230414
      230491
      230545
      230618
      230686
      230765
      230765
      230827
      230881
      230961
      230989
      231037
      231106
      231155
      231215
      231219
      231297
      231365
      231368
      231450
      231473
      231541
      231576
      231656
      231672
      231758
      231851
      231888
      231969
      232036
      232052
      232136
      232190
      232255
      232290
      232328
      232351
      232364
      232397
      232474
      232566
      232615
      232704
      232714
      232767
      232820
      232823
      232902
      233000
      233069
      233128
      233166
      233235
      233326
      233397
      233415
      233513
      233611
      233641
      233678
      233717
      233722
      233809
      233821
      233827
      233895
      233974
      234050
      234067
      234110
      234132
      234155
      234242
      234328
      234350
      234403
      234465
      234485
      234552
      234557
      234626
      234643
      234689
      234729
      234813
      234837
      234852
      234919
      234941
      235024
      235037
      235043
      235090
      235176
      235269
      235289
      235384
      235395
      235396
      235475
      235488
      235509
      235512
      235604
      235615
      235648
      235729
      235812
      235887
      235976
      236072
      236135
      236200
      236252
      236293
      236339
      236343
      236401
      236416
      236463
      236521
      236620
      236648
      236736
      236829
      236879
      236887
      236919
      237010
      237057
      237057
      237101
      237114
      237204
      237243
      237333
      237338
      237405
      237466
      237505
      237571
      237573
      237584
      237640
      237709
      237760
      237831
      237892
      237969
      238065
      238158
      238194
      238269
      238310
      238324
      238385
      238429
      238519
      238591
      238643
      238670
      238674
      238674
      238716
      238735
      238762
      238814
      238889
      238919
      239007
      239093
      239103
      239123
      239150
      239240
      239280
      239346
      239443
      239496
      239515
      239545
      239637
      239669
      239766
      239804
      239819
      239871
      239878
      239934
      240025
      240031
      240038
      240054
      240073
      240169
      240260
      240299
      240381
      240381
      240421
      240513
      240533
      240534
      240547
      240558
      240564
      240653
      240712
      240763
      240801
      240885
      240894
      240900
      240918
      240969
      241031
      241092
      241148
      241233
      241258
      241280
      241364
      241392
      241440
      241508
      241508
      241548
      241553
      241649
      241676
      241729
      241764
      241796
      241804
      241851
      241895
      241947
      242015
      242079
      242168
      242198
      242263
      242345
      242413
      242446
      242449
      242478
      242531
      242611
      242690
      242716
      242759
      242776
      242798
      242868
      242952
      242973
      243012
      243041
      243091
      243099
      243138
      243175
      243182
      243272
      243343
      243418
      243450
      243482
      243556
      243572
      243638
      243647
      243696
      243704
      243744
      243816
      243865
      243933
      243970
      243997
      244047
      244118
      244189
      244284
      244329
      244376
      244450
      244522
      244585
      244656
      244732
      244815
      244891
      244964
      245063
      245121
      245126
      245169
      245238
      245287
      245303
      245360
      245400
      245464
      245503
      245581
      245630
      245699
      245738
      245834
      245893
      245923
      245998
      246036
      246047
      246076
      246143
      246219
      246294
      246318
      246351
      246429
      246434
      246511
      246604
      246645
      246723
      246744
      246801
      246833
      246916
      246994
      247060
      247104
      247170
      247176
      247187
      247221
      247242
      247271
      247326
      247380
      247429
      247482
      247527
      247539
      247621
      247622
      247681
      247713
      247721
      247815
      247879
      247908
      247924
      247925
      247954
      247972
      248034
      248124
      248153
      248251
      248311
      248367
      248412
      248481
      248560
      248566
      248624
      248668
      248679
      248726
      248742
      248759
      248847
      248891
      248909
      248933
      248944
      248960
      249041
      249139
      249173
      249231
      249286
      249292
      249362
      249458
      249515
      249534
      249603
      249697
      249764
      249810
      249822
      249846
      249886
      249981
      250031
      250053
      250094
      250182
      250226
      250300
      250384
      250437
      250506
      250543
      250557
      250562
      250568
      250576
      250631
      250679
      250741
      250827
      250842
      250938
      250948
      250993
      251041
      251133
      251174
      251238
      251245
      251329
      251344
      251404
      251409
      251488
      251559
      251654
      251751
      251752
      251847
      251889
      251970
      251996
      252082
      252084
      252115
      252211
      252292
      252306
      252368
      252410
      252418
      252462
      252470
      252494
      252506
      252601
      252697
      252710
      252794
      252846
      252867
      252921
      252953
      252957
      252999
      253043
      253072
      253116
      253147
      253229
      253318
      253330
      253350
      253440
      253533
      253549
      253612
      253649
      253722
      253749
      253839
      253925
      253935
      253956
      253978
      253991
      254049
      254057
      254126
      254135
      254185
      254222
      254229
      254297
      254303
      254357
      254376
      254471
      254471
      254524
      254552
      254600
      254612
      254698
      254770
      254861
      254883
      254977
      255036
      255036
      255078
      255175
      255210
      255303
      255393
      255469
      255540
      255634
      255645
      255679
      255754
      255760
      255788
      255793
      255854
      255936
      255968
      256050
      256135
      256189
      256196
      256239
      256324
      256328
      256341
      256378
      256412
      256426
      256432
      256460
      256475
      256556
      256639
      256723
      256758
      256798
      256859
      256931
      257015
      257023
      257032
      257120
      257187
      257198
      257273
      257341
      257392
      257476
      257480
      257572
      257619
      257667
      257669
      257726
      257792
      257804
      257871
      257899
      257909
      257983
      258007
      258022
      258073
      258132
      258225
      258268
      258357
      258445
      258501
      258509
      258602
      258646
      258659
      258679
      258695
      258714
      258797
      258797
      258889
      258970
      259016
      259052
      259062
      259133
      259160
      259227
      259250
      259310
      259381
      259391
      259393
      259464
      259528
      259560
      259629
      259660
      259722
      259752
      259846
      259882
      259950
      259984
      259997
      260064
      260112
      260187
      260200
      260201
      260221
      260275
      260355
      260360
      260452
      260477
      260530
      260580
      260645
      260728
      260802
      260804
      260887
      260891
      260932
      260963
      261026
      261044
      261082
      261084
      261086
      261130
      261220
      261297
      261349
      261353
      261373
      261410
      261468
      261508
      261510
      261572
      261659
      261724
      261728
      261792
      261875
      261941
      261991
      262051
      262088
      262113
      262115
      262142
      262234
      262294
      262326
      262384
      262446
      262543
      262581
      262674
      262724
      262763
      262774
      262838
      262845
      262927
      262951
      263000
      263012
      263108
      263169
      263185
      263206
      263296
      263327
      263404
      263486
      263540
      263557
      263560
      263648
      263659
      263671
      263763
      263785
      263815
      263853
      263915
      263938
      264024
      264123
      264154
      264157
      264201
      264254
      264265
      264296
      264300
      264320
      264402
      264434
      264513
      264584
      264602
      264695
      264726
      264801
      264825
      264880
      264938
      264983
      265006
      265050
      265078
      265089
      265101
      265132
      265205
      265260
      265284
      265291
      265376
      265427
      265459
      265532
      265608
      265666
      265723
      265757
      265816
      265888
      265908
      265909
      265921
      265927
      266011
      266109
      266131
      266198
      266253
      266290
      266339
      266378
      266438
      266468
      266555
      266639
      266650
      266741
      266805
      266824
      266829
      266847
      266943
      266967
      267049
      267054
      267134
      267229
      267291
      267389
      267444
      267446
      267476
      267561
      267637
      267685
      267698
      267712
      267716
      267740
      267825
      267864
      267934
      267984
      268068
      268095
      268148
      268189
      268260
      268338
      268343
      268409
      268418
      268515
      268541
      268628
      268632
      268727
      268768
      268773
      268819
      268893
      268955
      268971
      269048
      269129
      269157
      269232
      269270
      269356
      269432
      269442
      269472
      269550
      269577
      269664
      269672
      269679
      269741
      269838
      269912
      269970
      270021
      270040
      270123
      270167
      270170
      270255
      270274
      270366
      270382
      270444
      270488
      270586
      270602
      270610
      270676
      270706
      270800
      270885
      270955
      271048
      271086
      271131
      271152
      271181
      271267
      271317
      271371
      271427
      271509
      271591
      271631
      271690
      271756
      271845
      271855
      271886
      271886
      271946
      271953
      272019
      272100
      272144
      272189
      272237
      272331
      272413
      272451
      272507
      272516
      272558
      272584
      272625
      272656
      272668
      272695
      272789
      272880
      272908
      272950
      272982
      273043
      273044
      273094
      273119
      273165
      273254
      273254
      273254
      273335
      273372
      273409
      273442
      273529
      273551
      273598
      273635
      273642
      273716
      273802
      273850
      273872
      273943
      273949
      274020
      274085
      274086
      274153
      274252
      274331
      274424
      274501
      274530
      274564
      274616
      274686
      274723
      274729
      274822
      274848
      274935
      274988
      275080
      275136
      275227
      275278
      275372
      275384
      275457
      275474
      275507
      275583
      275613
      275684
      275781
      275794
      275886
      275890
      275957
      276018
      276081
      276114
      276139
      276172
      276251
      276252
      276252
      276287
      276362
      276366
      276455
      276517
      276593
      276613
      276696
      276737
      276830
      276921
      276972
      277070
      277146
      277209
      277287
      277386
      277479
      277527
      277539
      277571
      277659
      277753
      277756
      277848
      277852
      277877
      277926
      278021
      278085
      278152
      278208
      278244
      278342
      278352
      278433
      278522
      278576
      278593
      278619
      278619
      278654
      278732
      278749
      278749
      278807
      278825
      278858
      278936
      278946
      279042
      279053
      279122
      279156
      279206
      279224
      279282
      279315
      279355
      279380
      279434
      279434
      279488
      279582
      279621
      279636
      279715
      279722
      279798
      279875
      279968
      280002
      280101
      280119
      280186
      280225
      280249
      280278
      280340
      280412
      280465
      280564
      280592
      280653
      280720
      280746
      280844
      280895
      280978
      281070
      281119
      281214
      281298
      281341
      281411
      281484
      281564
      281591
      281662
      281739
      281755
      281827
      281878
      281962
      281967
      282009
      282019
      282073
      282111
      282195
      282219
      282297
      282357
      282414
      282443
      282531
      282592
      282642
      282672
      282766
      282802
      282813
      282906
      283003
      283016
      283030
      283079
      283140
      283184
      283276
      283358
      283423
      283474
      283495
      283503
      283511
      283579
      283621
      283654
      283722
      283724
      283819
      283845
      283907
      283932
      283981
      284038
      284062
      284099
      284110
      284120
      284165
      284177
      284210
      284228
      284260
      284307
      284382
      284473
      284517
      284531
      284610
      284654
      284730
      284773
      284782
      284836
      284867
      284937
      285015
      285085
      285137
      285153
      285215
      285243
      285279
      285336
      285404
      285499
      285542
      285598
      285651
      285664
      285666
      285700
      285799
      285824
      285907
      285930
      285954
      286046
      286061
      286111
      286190
      286236
      286251
      286268
      286356
      286398
      286468
      286526
      286617
      286674
      286759
      286837
      286911
      286932
      286953
      287040
      287100
      287120
      287167
      287260
      287313
      287412
      287424
      287504
      287591
      287658
      287756
      287843
      287857
      287922
      287979
      288053
      288085
      288163
      288195
      288218
      288252
      288336
      288427
      288495
      288578
      288587
      288655
      288711
      288712
      288719
      288805
      288825
      288843
      288859
      288892
      288904
      288945
      289032
      289113
      289208
      289244
      289337
      289362
      289378
      289435
      289435
      289502
      289571
      289571
      289593
      289642
      289722
      289805
      289805
      289900
      289903
      289940
      289953
      289963
      290037
      290038
      290114
      290152
      290188
      290274
      290343
      290394
      290476
      290500
      290559
      290650
      290715
      290813
      290841
      290933
      290987
      290990
      291052
      291084
      291125
      291127
      291155
      291197
      291268
      291296
      291323
      291404
      291436
      291528
      291579
      291651
      291735
      291770
      291834
      291846
      291907
      291924
      291961
      292020
      292064
      292132
      292161
      292214
      292223
      292261
      292277
      292301
      292309
      292321
      292330
      292349
      292425
      292436
      292486
      292550
      292591
      292626
      292720
      292721
      292809
      292897
      292964
      293023
      293105
      293189
      293244
      293307
      293396
      293476
      293506
      293524
      293574
      293604
      293617
      293666
      293690
      293691
      293697
      293764
      293850
      293859
      293941
      293972
      293978
      293978
      294037
      294061
      294112
      294160
      294218
      294265
      294270
      294306
      294314
      294365
      294390
      294439
      294444
      294447
      294497
      294505
      294523
      294537
      294603
      294695
      294743
      294821
      294842
      294926
      294936
      294949
      295047
      295088
      295107
      295155
      295194
      295267
      295347
      295401
      295480
      295492
      295586
      295676
      295757
      295802
      295870
      295931
      295935
      296014
      296083
      296120
      296139
      296154
      296231
      296308
      296317
      296341
      296373
      296407
      296491
      296550
      296570
      296649
      296675
      296689
      296764
      296772
      296835
      296848
      296920
      296948
      297022
      297097
      297119
      297121
      297214
      297253
      297336
      297345
      297412
      297476
      297485
      297526
      297580
      297599
      297666
      297673
      297743
      297752
      297814
      297833
      297928
      298001
      298039
      298094
      298186
      298220
      298257
      298317
      298355
      298410
      298465
      298531
      298626
      298686
      298724
      298794
      298880
      298972
      299034
      299036
      299067
      299098
      299128
      299209
      299226
      299241
      299334
      299432
      299526
      299528
      299529
      299591
      299643
      299663
      299690
      299785
      299866
      299939
      299946
      300003
      300029
      300033
      300045
      300133
      300225
      300311
      300367
      300440
      300468
      300519
      300596
      300640
      300667
      300717
      300773
      300830
      300926
      300976
      301032
      301042
      301088
      301150
      301183
      301261
      301336
      301384
      301450
      301522
      301577
      301581
      301646
      301669
      301767
      301823
      301830
      301881
      301882
      301892
      301899
      301991
      302032
      302130
      302192
      302253
      302319
      302339
      302409
      302433
      302455
      302531
      302552
      302576
      302595
      302603
      302667
      302689
      302705
      302798
      302880
      302967
      302980
      302992
      303075
      303135
      303234
      303317
      303361
      303429
      303460
      303492
      303560
      303565
      303662
      303667
      303678
      303707
      303765
      303845
      303848
      303891
      303921
      303971
      304010
      304010
      304013
      304081
      304173
      304263
      304281
      304360
      304397
      304465
      304495
      304573
      304613
      304657
      304714
      304751
      304825
      304832
      304931
      304985
      305069
      305125
      305196
      305264
      305267
      305278
      305281
      305325
      305338
      305422
      305459
      305491
      305558
      305564
      305639
      305661
      305721
      305805
      305826
      305863
      305912
      305997
      306066
      306133
      306136
      306164
      306244
      306270
      306362
      306445
      306463
      306508
      306523
      306556
      306654
      306713
      306763
      306764
      306845
      306896
      306986
      307038
      307126
      307209
      307216
      307314
      307391
      307413
      307440
      307442
      307500
      307585
      307664
      307741
      307770
      307859
      307918
      307965
      307972
      308042
      308086
      308131
      308201
      308286
      308363
      308426
      308437
      308455
      308532
      308575
      308642
      308733
      308815
      308843
      308846
      308870
      308960
      308994
      309019
      309069
      309089
      309184
      309237
      309320
      309416
      309436
      309480
      309531
      309570
      309579
      309657
      309728
      309791
      309824
      309850
      309881
      309912
      309956
      309979
      310013
      310103
      310199
      310284
      310345
      310411
      310479
      310503
      310516
      310545
      310633
      310696
      310764
      310853
      310868
      310947
      310977
      311064
      311161
      311235
      311273
      311324
      311337
      311400
      311487
      311522
      311612
      311671
      311710
      311740
      311752
      311785
      311839
      311869
      311958
      311973
      311993
      312017
      312022
      312076
      312150
      312198
      312254
      312325
      312409
      312438
      312475
      312497
      312534
      312594
      312680
      312697
      312698
      312704
      312750
      312825
      312835
      312898
      312931
      312999
      313023
      313081
      313133
      313164
      313198
      313292
      313340
      313344
      313412
      313475
      313571
      313582
      313627
      313704
      313713
      313751
      313823
      313876
      313932
      314019
      314103
      314113
      314150
      314241
      314277
      314293
      314335
      314352
      314445
      314479
      314519
      314522
      314557
      314638
      314704
      314722
      314739
      314797
      314825
      314906
      314907
      314917
      314920
      314949
      314980
      315069
      315081
      315151
      315166
      315253
      315254
      315338
      315345
      315351
      315378
      315428
      315506
      315545
      315574
      315641
      315665
      315667
      315764
      315795
      315845
      315872
      315886
      315907
      315935
      315964
      315969
      316060
      316074
      316167
      316265
      316297
      316315
      316343
      316368
      316463
      316506
      316536
      316584
      316678
      316746
      316812
      316884
      316969
      316974
      317052
      317093
      317181
      317254
      317284
      317307
      317337
      317429
      317496
      317577
      317624
      317646
      317689
      317774
      317867
      317918
      317943
      317950
      318040
      318119
      318162
      318186
      318269
      318303
      318357
      318396
      318422
      318509
      318565
      318589
      318682
      318752
      318785
      318845
      318922
      318957
      318992
      319035
      319050
      319063
      319135
      319217
      319286
      319383
      319482
      319533
      319558
      319579
      319596
      319612
      319613
      319614
      319634
      319680
      319734
      319823
      319860
      319871
      319952
      319971
      319990
      320059
      320059
      320076
      320118
      320124
      320187
      320277
      320289
      320311
      320410
      320443
      320525
      320537
      320546
      320605
      320675
      320758
      320785
      320853
      320921
      321000
      321033
      321100
      321115
      321159
      321198
      321242
      321260
      321354
      321363
      321416
      321424
      321454
      321474
      321541
      321604
      321703
      321774
      321817
      321830
      321865
      321933
      321992
      322041
      322081
      322140
      322152
      322154
      322192
      322192
      322260
      322324
      322352
      322369
      322438
      322452
      322478
      322545
      322642
      322659
      322727
      322736
      322736
      322752
      322805
      322869
      322923
      323022
      323060
      323155
      323161
      323222
      323238
      323335
      323376
      323475
      323548
      323607
      323664
      323744
      323834
      323911
      324007
      324026
      324037
      324066
      324120
      324138
      324159
      324215
      324269
      324357
      324427
      324520
      324602
      324630
      324701
      324781
      324827
      324837
      324879
      324958
      325047
      325092
      325130
      325157
      325213
      325304
      325312
      325315
      325336
      325362
      325378
      325448
      325462
      325512
      325518
      325583
      325632
      325706
      325707
      325718
      325806
      325853
      325951
      326048
      326064
      326124
      326191
      326288
      326366
      326450
      326475
      326560
      326614
      326712
      326787
      326871
      326889
      326891
      326949
      327025
      327109
      327138
      327209
      327293
      327317
      327404
      327435
      327501
      327510
      327516
      327571
      327659
      327722
      327793
      327831
      327927
      327991
      328058
      328079
      328139
      328210
      328276
      328339
      328414
      328431
      328453
      328528
      328614
      328630
      328651
      328707
      328768
      328851
      328872
      328893
      328987
      329050
      329116
      329161
      329162
      329234
      329254
      329351
      329401
      329491
      329504
      329583
      329671
      329742
      329838
      329927
      329957
      329967
      330031
      330043
      330141
      330171
      330266
      330294
      330322
      330373
      330468
      330517
      330548
      330557
      330652
      330718
      330807
      330881
      330944
      330966
      331016
      331110
      331159
      331219
      331275
      331302
      331382
      331446
      331464
      331533
      331580
      331676
      331716
      331719
      331764
      331833
      331840
      331845
      331869
      331907
      331989
      332052
      332103
      332158
      332181
      332218
      332303
      332322
      332420
      332422
      332460
      332530
      332608
      332690
      332703
      332796
      332835
      332927
      332955
      333018
      333030
      333067
      333148
      333198
      333284
