          57
         120
         154
         201
         242
         283
         291
         313
         355
         403
         435
         470
         524
         582
         622
         685
         739
         770
         774
         803
         835
         843
         867
         869
         965
        1013
        1029
        1114
        1175
        1195
        1234
        1278
        1334
        1357
        1397
        1397
        1422
        1431
        1524
        1559
        1635
        1662
        1677
        1704
        1744
        1751
        1816
        1819
        1841
        1861
        1874
        1934
        2008
        2022
        2056
        2062
        2076
        2127
        2203
        2239
        2286
        2370
        2410
        2498
        2511
        2553
        2566
        2568
        2639
        2639
        2717
        2741
        2755
        2831
        2901
        2903
        2968
        3029
        3071
        3114
        3138
        3201
        3246
        3309
        3364
        3398
        3402
        3451
        3451
        3452
        3513
        3534
        3626
        3707
        3756
        3795
        3818
        3913
        3913
        3980
        4028
        4096
        4123
        4215
        4310
        4319
        4348
        4439
        4532
        4541
        4542
        4606
        4653
        4752
        4828
        4899
        4920
        5012
        5051
        5120
        5143
        5155
        5192
        5281
        5286
        5286
        5303
        5397
        5450
        5496
        5584
        5668
        5762
        5807
        5885
        5917
        5953
        6008
        6024
        6056
        6115
        6159
        6216
        6247
        6301
        6343
        6390
        6429
        6473
        6541
        6620
        6671
        6683
        6704
        6773
        6794
        6796
        6843
        6924
        6944
        7033
        7132
        7225
        7269
        7289
        7317
        7416
        7477
        7545
        7608
        7703
        7772
        7836
        7910
        7964
        7985
        8061
        8103
        8178
        8211
        8231
        8323
        8405
        8444
        8473
        8553
        8618
        8680
        8692
        8780
        8807
        8829
        8920
        9001
        9095
        9136
        9149
        9209
        9303
        9313
        9404
        9454
        9521
        9585
        9629
        9703
        9751
        9830
        9835
        9854
        9890
        9890
        9974
        9984
       10057
       10060
       10148
       10245
       10277
       10290
       10386
       10393
       10448
       10547
       10555
       10587
       10679
       10683
       10710
       10755
       10769
       10781
       10880
       10938
       10942
       10976
       10976
       11006
       11010
       11018
       11053
       11074
       11078
       11155
       11202
       11279
       11308
       11356
       11384
       11394
       11471
       11569
       11596
       11632
       11688
       11725
       11800
       11816
       11843
       11885
       11932
       11994
       12058
       12058
       12119
       12203
       12217
       12226
       12249
       12347
       12409
       12490
       12539
       12595
       12683
       12688
       12717
       12732
       12795
       12848
       12871
       12898
       12973
       12991
       12995
       13015
       13112
       13114
       13166
       13245
       13286
       13302
       13319
       13383
       13434
       13462
       13480
       13564
       13653
       13665
       13761
       13812
       13890
       13963
       14003
       14008
       14033
       14058
       14069
       14099
       14186
       14246
       14302
       14401
       14480
       14511
       14588
       14588
       14591
       14639
       14707
       14742
       14837
       14837
       14896
       14897
       14985
       15042
       15115
       15192
       15199
       15217
       15235
       15307
       15359
       15450
       15466
       15494
       15562
       15640
       15696
       15785
       15852
       15875
       15882
       15923
       15989
       16058
       16137
       16161
       16164
       16204
       16278
       16282
       16308
       16323
       16397
       16452
       16551
       16648
       16665
       16693
       16735
       16833
       16852
       16883
       16894
       16894
       16925
       17024
       17073
       17142
       17240
       17336
       17425
       17485
       17564
       17625
       17700
       17788
       17818
       17833
       17900
       17945
       17987
       17996
       18024
       18118
       18212
       18297
       18313
       18330
       18399
       18414
       18502
       18578
       18608
       18665
       18671
       18740
       18828
       18855
       18944
       18947
       18997
       19049
       19098
       19150
       19191
       19216
       19281
       19372
       19456
       19548
       19551
       19606
       19608
       19700
       19730
       19766
       19835
       19845
       19853
       19932
       19965
       20057
       20114
       20167
       20170
       20190
       20266
       20279
       20372
       20411
       20457
       20487
       20551
       20588
       20592
       20647
       20651
       20693
       20707
       20806
       20895
       20924
       20963
       20963
       21047
       21078
       21110
       21123
       21152
       21202
       21266
       21354
       21390
       21466
       21554
       21623
       21656
       21723
       21796
       21842
       21886
       21908
       22001
       22042
       22088
       22184
       22275
       22288
       22358
       22419
       22441
       22516
       22544
       22626
       22644
       22683
       22736
       22772
       22836
       22875
       22889
       22961
       22978
       23007
       23026
       23060
       23108
       23174
       23228
       23296
       23356
       23408
       23504
       23516
       23582
       23658
       23754
       23766
       23799
       23818
       23901
       23930
       23939
       23948
       24035
       24053
       24091
       24176
       24191
       24227
       24274
       24340
       24384
       24429
       24525
       24591
       24630
       24689
       24733
       24787
       24789
       24863
       24932
       24938
       25004
       25055
       25099
       25101
       25196
       25217
       25308
       25375
       25414
       25435
       25463
       25488
       25499
       25509
       25522
       25523
       25617
       25693
       25765
       25833
       25872
       25945
       26027
       26069
       26074
       26086
       26160
       26211
       26255
       26303
       26373
       26420
       26441
       26517
       26614
       26692
       26745
       26801
       26814
       26886
       26906
       26968
       26993
       27089
       27106
       27122
       27131
       27159
       27169
       27246
       27333
       27417
       27427
       27513
       27516
       27558
       27606
       27608
       27685
       27695
       27742
       27803
       27887
       27931
       27964
       27999
       28037
       28080
       28121
       28210
       28227
       28249
       28328
       28384
       28411
       28471
       28553
       28587
       28622
       28670
       28723
       28777
       28831
       28884
       28980
       29008
       29048
       29095
       29146
       29216
       29288
       29288
       29296
       29390
       29426
       29465
       29562
       29593
       29620
       29631
       29690
       29706
       29789
       29880
       29971
       29984
       30016
       30051
       30054
       30059
       30101
       30179
       30271
       30276
       30289
       30316
       30327
       30373
       30406
       30432
       30513
       30552
       30614
       30673
       30733
       30742
       30824
       30894
       30908
       30967
       30977
       31043
       31138
       31218
       31309
       31389
       31389
       31465
       31486
       31579
       31604
       31687
       31752
       31827
       31864
       31872
       31894
       31973
       32047
       32091
       32176
       32200
       32270
       32349
       32442
       32514
       32524
       32615
       32649
       32702
       32733
       32810
       32819
       32825
       32868
       32957
       32975
       33050
       33139
       33197
       33280
       33306
       33384
       33426
       33488
       33571
       33578
       33663
       33755
       33771
       33803
       33815
       33819
       33879
       33901
       33922
       33973
       34008
       34071
       34167
       34227
       34248
       34300
       34339
       34367
       34435
       34494
       34593
       34615
       34631
       34652
       34676
       34706
       34748
       34796
       34819
       34872
       34888
       34948
       35018
       35035
       35122
       35179
       35191
       35264
       35331
       35375
       35463
       35556
       35627
       35628
       35700
       35708
       35800
       35833
       35917
       35966
       36037
       36082
       36149
       36238
       36336
       36422
       36476
       36569
       36630
       36639
       36701
       36738
       36828
       36904
       36927
       36951
       36968
       37021
       37032
       37082
       37117
       37153
       37188
       37246
       37325
       37351
       37374
       37391
       37394
       37472
       37507
       37559
       37651
       37734
       37779
       37804
       37821
       37870
       37965
       37995
       38063
       38083
       38106
       38133
       38218
       38233
       38325
       38409
       38503
       38543
       38602
       38605
       38634
       38647
       38689
       38776
       38846
       38880
       38979
       39039
       39097
       39186
       39272
       39319
       39336
       39424
       39432
       39497
       39499
       39533
       39559
       39623
       39699
       39779
       39841
       39871
       39926
       39932
       39946
       40039
       40096
       40105
       40157
       40163
       40228
       40270
       40288
       40380
       40414
       40476
       40513
       40553
       40555
       40566
       40646
       40704
       40783
       40837
       40896
       40975
       41044
       41072
       41162
       41212
       41293
       41348
       41367
       41388
       41487
       41586
       41677
       41687
       41708
       41803
       41805
       41888
       41911
       42000
       42054
       42066
       42130
       42195
       42200
       42207
       42208
       42225
       42254
       42286
       42288
       42302
       42367
       42464
       42469
       42533
       42564
       42647
       42700
       42733
       42798
       42853
       42929
       42973
       43011
       43092
       43188
       43275
       43342
       43411
       43472
       43519
       43519
       43568
       43592
       43631
       43652
       43653
       43694
       43694
       43713
       43771
       43844
       43927
       43944
       44028
       44079
       44138
       44165
       44206
       44289
       44384
       44472
       44513
       44558
       44594
       44615
       44666
       44705
       44710
       44725
       44769
       44848
       44879
       44903
       44955
       45013
       45034
       45116
       45215
       45251
       45287
       45353
       45372
       45375
       45428
       45440
       45523
       45552
       45577
       45605
       45605
       45668
       45704
       45742
       45773
       45783
       45813
       45828
       45910
       46003
       46050
       46122
       46151
       46199
       46254
       46310
       46373
       46444
       46463
       46485
       46539
       46594
       46636
       46700
       46778
       46816
       46902
       46989
       47041
       47095
       47149
       47176
       47265
       47348
       47381
       47407
       47494
       47496
       47550
       47639
       47734
       47735
       47833
       47883
       47958
       48053
       48090
       48175
       48194
       48286
       48336
       48400
       48447
       48525
       48535
       48633
       48668
       48728
       48774
       48799
       48891
       48952
       49043
       49124
       49152
       49179
       49240
       49263
       49328
       49379
       49437
       49507
       49530
       49589
       49687
       49746
       49787
       49814
       49869
       49869
       49961
       50058
       50144
       50236
       50298
       50359
       50435
       50500
       50594
       50642
       50735
       50746
       50777
       50824
       50906
       50971
       50977
       50987
       50994
       51038
       51131
       51200
       51272
       51370
       51445
       51464
       51561
       51579
       51654
       51711
       51781
       51872
       51948
       51960
       51996
       52053
       52136
       52140
       52232
       52291
       52336
       52414
       52418
       52461
       52467
       52540
       52555
       52585
       52660
       52664
       52689
       52723
       52808
       52819
       52859
       52860
       52919
       52923
       52981
       53075
       53096
       53111
       53151
       53211
       53284
       53354
       53410
       53411
       53421
       53473
       53506
       53575
       53633
       53722
       53723
       53809
       53879
       53940
       54004
       54024
       54045
       54115
       54166
       54166
       54199
       54214
       54259
       54311
       54397
       54399
       54417
       54500
       54582
       54657
       54681
       54702
       54795
       54894
       54924
       54957
       54997
       55017
       55078
       55160
       55253
       55315
       55334
       55399
       55486
       55498
       55528
       55608
       55658
       55713
       55792
       55879
       55966
       56028
       56041
       56122
       56219
       56261
       56275
       56276
       56335
       56401
       56413
       56424
       56466
       56515
       56526
       56575
       56585
       56655
       56702
       56772
       56773
       56804
       56875
       56878
       56970
       57033
       57061
       57073
       57136
       57209
       57255
       57353
       57415
       57464
       57512
       57544
       57623
       57638
       57722
       57749
       57798
       57851
       57869
       57926
       57931
       57961
       58029
       58111
       58121
       58161
       58171
       58176
       58264
       58339
       58387
       58411
       58445
       58502
       58529
       58609
       58690
       58722
       58765
       58769
       58782
       58841
       58906
       58923
       59010
       59050
       59051
       59055
       59073
       59162
       59222
       59237
       59250
       59341
       59391
       59406
       59461
       59559
       59603
       59628
       59716
       59745
       59842
       59934
       59999
       60034
       60113
       60182
       60225
       60286
       60329
       60372
       60408
       60431
       60513
       60541
       60618
       60686
       60698
       60719
       60751
       60751
       60800
       60843
       60904
       60905
       60947
       60985
       61024
       61107
       61181
       61232
       61313
       61377
       61404
       61481
       61568
       61631
       61684
       61709
       61720
       61770
       61798
       61811
       61866
       61904
       61938
       62029
       62064
       62123
       62211
       62292
       62331
       62419
       62474
       62533
       62622
       62642
       62643
       62711
       62775
       62788
       62814
       62876
       62919
       62955
       63042
       63044
       63130
       63187
       63264
       63339
       63376
       63416
       63453
       63548
       63618
       63671
       63707
       63748
       63836
       63856
       63951
       64014
       64067
       64123
       64178
       64228
       64237
       64268
       64307
       64367
       64406
       64503
       64602
       64678
       64706
       64796
       64839
       64920
       64965
       65037
       65041
       65124
       65215
       65220
       65259
       65334
       65358
       65446
       65545
       65593
       65673
       65716
       65720
       65791
       65863
       65903
       65925
       65931
       65944
       66019
       66071
       66164
       66197
       66217
       66309
       66406
       66466
       66515
       66559
       66594
       66676
       66733
       66809
       66885
       66947
       66970
       67004
       67082
       67150
       67237
       67239
       67271
       67347
       67412
       67455
       67519
       67595
       67645
       67665
       67697
       67725
       67778
       67783
       67794
       67880
       67915
       67943
       68036
       68087
       68156
       68180
       68231
       68254
       68286
       68309
       68385
       68454
       68520
       68577
       68638
       68686
       68716
       68747
       68774
       68868
       68938
       68958
       69017
       69114
       69192
       69264
       69330
       69358
       69423
       69472
       69524
       69588
       69632
       69645
       69722
       69754
       69774
       69863
       69898
       69947
       69953
       69970
       70066
       70109
       70116
       70144
       70208
       70209
       70228
       70270
       70326
       70408
       70433
       70454
       70514
       70578
       70580
       70626
       70651
       70726
       70728
       70800
       70816
       70910
       70941
       71023
       71072
       71149
       71164
       71222
       71277
       71298
       71339
       71405
       71478
       71521
       71610
       71699
       71730
       71757
       71781
       71807
       71864
       71916
       71982
       72033
       72066
       72115
       72195
       72260
       72337
       72346
       72370
       72431
       72478
       72554
       72628
       72701
       72725
       72780
       72797
       72830
       72878
       72890
       72988
       73035
       73043
       73072
       73082
       73115
       73118
       73147
       73195
       73277
       73360
       73367
       73384
       73441
       73536
       73536
       73584
       73603
       73672
       73746
       73753
       73832
       73839
       73842
       73883
       73922
       73936
       73964
       74060
       74076
       74114
       74114
       74165
       74234
       74245
       74256
       74301
       74301
       74352
       74369
       74455
       74527
       74611
       74659
       74700
       74773
       74841
       74892
       74939
       75015
       75060
       75154
       75178
       75206
       75251
       75265
       75268
       75280
       75310
       75345
       75413
       75474
       75556
       75617
       75665
       75690
       75758
       75765
       75799
       75799
       75883
       75885
       75929
       75995
       76044
       76044
       76067
       76090
       76188
       76228
       76263
       76275
       76332
       76365
       76404
       76478
       76553
       76602
       76619
       76717
       76721
       76786
       76837
       76849
       76908
       76909
       76973
       77000
       77056
       77137
       77229
       77285
       77285
       77368
       77421
       77428
       77484
       77541
       77612
       77622
       77637
       77689
       77749
       77769
       77830
       77907
       77912
       77952
       78001
       78023
       78050
       78112
       78121
       78169
       78232
       78274
       78328
       78361
       78403
       78415
       78450
       78495
       78578
       78609
       78641
       78709
       78734
       78784
       78883
       78946
       78952
       79039
       79064
       79163
       79256
       79342
       79364
       79393
       79405
       79466
       79470
       79541
       79587
       79648
       79661
       79742
       79755
       79790
       79830
       79856
       79916
       79917
       80013
       80069
       80094
       80164
       80256
       80284
       80330
       80403
       80445
       80496
       80567
       80591
       80637
       80649
       80732
       80737
       80762
       80834
       80836
       80926
       80927
       81008
       81091
       81133
       81170
       81228
       81256
       81303
       81392
       81399
       81495
       81522
       81620
       81645
       81729
       81770
       81868
       81947
       82043
       82120
       82143
       82163
       82218
       82293
       82392
       82479
       82526
       82588
       82663
       82731
       82803
       82810
       82846
       82882
       82916
       82942
       82956
       82982
       83077
       83104
       83123
       83216
       83233
       83275
       83281
       83365
       83448
       83517
       83602
       83667
       83711
       83781
       83817
       83881
       83940
       83955
       84019
       84118
       84149
       84160
       84210
       84215
       84264
       84350
       84438
       84483
       84582
       84674
       84746
       84841
       84855
       84868
       84916
       84935
       84972
       85020
       85045
       85143
       85239
       85325
       85379
       85470
       85506
       85595
       85666
       85711
       85764
       85805
       85866
       85885
       85913
       85915
       85965
       86030
       86118
       86141
       86235
       86298
       86396
       86492
       86501
       86502
       86584
       86624
       86697
       86743
       86817
       86837
       86837
       86862
       86944
       86974
       87017
       87079
       87118
       87134
       87198
       87219
       87236
       87311
       87364
       87451
       87496
       87589
       87681
       87721
       87805
       87813
       87865
       87928
       87945
       87947
       88008
       88045
       88089
       88104
       88122
       88207
       88304
       88397
       88414
       88461
       88522
       88556
       88610
       88685
       88750
       88821
       88835
       88913
       88984
       89073
       89093
       89179
       89179
       89190
       89286
       89321
       89372
       89377
       89441
       89514
       89564
       89610
       89685
       89694
       89697
       89740
       89746
       89831
       89901
       89991
       90087
       90178
       90275
       90291
       90361
       90430
       90438
       90530
       90530
       90595
       90640
       90688
       90729
       90750
       90842
       90885
       90899
       90988
       91000
       91096
       91145
       91241
       91279
       91374
       91405
       91437
       91483
       91530
       91570
       91622
       91687
       91749
       91754
       91830
       91843
       91882
       91965
       92062
       92089
       92107
       92159
       92167
       92167
       92246
       92264
       92310
       92398
       92490
       92569
       92615
       92707
       92763
       92780
       92804
       92888
       92890
       92964
       93016
       93111
       93172
       93252
       93283
       93336
       93366
       93396
       93486
       93578
       93608
       93630
       93703
       93707
       93792
       93830
       93885
       93922
       93941
       93962
       93968
       94055
       94126
       94153
       94212
       94212
       94309
       94382
       94458
       94551
       94565
       94629
       94630
       94700
       94764
       94767
       94851
       94911
       94934
       94962
       95014
       95099
       95198
       95285
       95329
       95414
       95474
       95543
       95626
       95651
       95700
       95706
       95794
       95794
       95862
       95908
       95964
       95987
       96038
       96135
       96170
       96256
       96271
       96277
       96329
       96406
       96454
       96484
       96509
       96577
       96629
       96644
       96664
       96685
       96703
       96733
       96770
       96860
       96939
       96981
       96994
       97055
       97113
       97139
       97164
       97171
       97202
       97284
       97339
       97434
       97520
       97618
       97662
       97693
       97753
       97815
       97843
       97863
       97920
       97972
       97981
       98059
       98134
       98167
       98249
       98323
       98391
       98416
       98423
       98435
       98475
       98566
       98599
       98690
       98718
       98812
       98855
       98911
       98912
       99001
       99082
       99142
       99177
       99202
       99288
       99369
       99412
       99493
       99533
       99540
       99595
       99605
       99673
       99770
       99798
       99806
       99878
       99878
       99894
       99993
      100085
      100111
      100173
      100259
      100295
      100327
      100371
      100393
      100451
      100540
      100557
      100573
      100623
      100664
      100680
      100771
      100847
      100906
      100994
      101049
      101059
      101104
      101123
      101177
      101250
      101330
      101345
      101361
      101382
      101467
      101504
      101540
      101639
      101712
      101807
      101874
      101878
      101956
      102041
      102097
      102135
      102153
      102154
      102168
      102227
      102247
      102295
      102350
      102353
      102429
      102434
      102439
      102480
      102539
      102556
      102655
      102724
      102753
      102756
      102804
      102817
      102866
      102911
      102974
      103057
      103089
      103109
      103151
      103209
      103238
      103332
      103368
      103452
      103470
      103523
      103530
      103592
      103635
      103668
      103751
      103810
      103903
      103926
      103926
      103983
      104014
      104103
      104166
      104185
      104198
      104198
      104255
      104280
      104346
      104355
      104450
      104498
      104529
      104600
      104677
      104759
      104779
      104845
      104934
      104957
      105024
      105024
      105105
      105158
      105236
      105280
      105286
      105317
      105372
      105378
      105434
      105508
      105570
      105609
      105688
      105712
      105806
      105823
      105830
      105843
      105912
      105987
      106059
      106077
      106080
      106090
      106117
      106135
      106149
      106212
      106252
      106269
      106332
      106410
      106430
      106493
      106551
      106605
      106638
      106709
      106709
      106717
      106771
      106810
      106886
      106977
      107036
      107090
      107154
      107238
      107292
      107328
      107423
      107518
      107521
      107528
      107610
      107611
      107680
      107700
      107704
      107745
      107764
      107801
      107806
      107831
      107925
      107933
      107993
      108069
      108156
      108239
      108285
      108293
      108382
      108416
      108455
      108496
      108538
      108538
      108599
      108689
      108721
      108815
      108912
      108976
      109013
      109013
      109076
      109121
      109201
      109225
      109273
      109325
      109415
      109491
      109502
      109524
      109546
      109563
      109581
      109628
      109723
      109767
      109828
      109839
      109935
      109982
      110066
      110137
      110185
      110272
      110279
      110290
      110386
      110440
      110498
      110532
      110554
      110581
      110609
      110615
      110652
      110711
      110793
      110812
      110827
      110855
      110878
      110885
      110952
      110967
      110985
      111009
      111054
      111107
      111149
      111247
      111312
      111316
      111348
      111399
      111466
      111475
      111506
      111510
      111519
      111565
      111566
      111640
      111716
      111791
      111804
      111818
      111917
      111996
      112087
      112167
      112182
      112189
      112255
      112332
      112372
      112440
      112501
      112575
      112582
      112651
      112655
      112672
      112705
      112719
      112749
      112812
      112854
      112915
      113007
      113047
      113074
      113126
      113161
      113164
      113261
      113267
      113331
      113370
      113408
      113430
      113488
      113512
      113520
      113544
      113576
      113648
      113692
      113734
      113760
      113814
      113892
      113953
      113967
      113997
      114022
      114113
      114139
      114183
      114236
      114305
      114305
      114360
      114421
      114491
      114493
      114507
      114593
      114649
      114679
      114698
      114746
      114747
      114792
      114882
      114894
      114894
      114921
      114993
      115073
      115120
      115217
      115298
      115321
      115361
      115401
      115431
      115499
      115509
      115529
      115559
      115633
      115659
      115742
      115789
      115815
      115892
      115925
      115998
      116023
      116043
      116068
      116126
      116132
      116160
      116235
      116274
      116360
      116367
      116388
      116439
      116529
      116594
      116608
      116695
      116766
      116857
      116948
      117022
      117073
      117115
      117139
      117197
      117267
      117278
      117333
      117408
      117448
      117535
      117588
      117612
      117675
      117729
      117783
      117796
      117893
      117977
      117991
      118069
      118107
      118128
      118225
      118249
      118332
      118351
      118399
      118498
      118576
      118606
      118682
      118735
      118807
      118865
      118890
      118907
      118982
      119024
      119076
      119169
      119268
      119269
      119318
      119384
      119469
      119469
      119511
      119531
      119616
      119645
      119678
      119721
      119810
      119878
      119933
      119940
      119962
      120046
      120049
      120112
      120153
      120203
      120206
      120292
      120312
      120344
      120357
      120419
      120504
      120509
      120541
      120590
      120605
      120656
      120690
      120714
      120718
      120746
      120825
      120883
      120917
      120976
      121057
      121100
      121154
      121199
      121268
      121364
      121411
      121437
      121487
      121571
      121612
      121703
      121782
      121850
      121901
      121943
      122025
      122107
      122170
      122213
      122217
      122304
      122391
      122455
      122500
      122523
      122538
      122620
      122708
      122720
      122806
      122871
      122879
      122928
      122997
      123051
      123065
      123123
      123211
      123244
      123296
      123364
      123460
      123463
      123520
      123540
      123631
      123690
      123739
      123750
      123815
      123873
      123935
      123967
      124007
      124081
      124176
      124270
      124360
      124410
      124441
      124498
      124515
      124522
      124619
      124670
      124762
      124797
      124809
      124886
      124923
      124952
      124969
      124997
      125017
      125059
      125129
      125135
      125170
      125203
      125217
      125273
      125340
      125404
      125485
      125530
      125612
      125639
      125736
      125738
      125800
      125870
      125899
      125922
      125952
      125977
      126057
      126116
      126173
      126250
      126336
      126364
      126405
      126464
      126517
      126613
      126643
      126696
      126794
      126880
      126956
      127055
      127117
      127134
      127231
      127263
      127274
      127328
      127396
      127454
      127509
      127573
      127623
      127635
      127652
      127741
      127764
      127785
      127869
      127927
      127983
      128011
      128035
      128039
      128124
      128125
      128203
      128252
      128348
      128431
      128519
      128596
      128623
      128629
      128698
      128767
      128789
      128801
      128887
      128949
      128972
      129009
      129045
      129072
      129122
      129185
      129223
      129231
      129256
      129354
      129420
      129425
      129490
      129519
      129546
      129626
      129671
      129697
      129787
      129834
      129835
      129917
      129994
      130058
      130064
      130122
      130186
      130201
      130271
      130281
      130355
      130413
      130483
      130498
      130542
      130591
      130647
      130655
      130698
      130716
      130739
      130812
      130894
      130902
      130911
      131000
      131007
      131069
      131119
      131122
      131147
      131153
      131199
      131261
      131358
      131416
      131466
      131538
      131637
      131647
      131736
      131775
      131850
      131918
      132015
      132063
      132081
      132148
      132157
      132253
      132343
      132427
      132454
      132524
      132555
      132646
      132686
      132697
      132796
      132810
      132872
      132966
      133050
      133102
      133169
      133256
      133312
      133359
      133428
      133500
      133556
      133648
      133714
      133761
      133773
      133869
      133912
      133931
      133978
      133994
      133998
      134046
      134070
      134124
      134156
      134250
      134259
      134298
      134309
      134406
      134502
      134547
      134637
      134666
      134691
      134717
      134777
      134867
      134919
      134994
      135022
      135073
      135166
      135240
      135322
      135345
      135417
      135457
      135538
      135571
      135644
      135721
      135784
      135858
      135945
      136036
      136108
      136114
      136127
      136148
      136194
      136248
      136318
      136384
      136447
      136527
      136568
      136663
      136693
      136717
      136759
      136787
      136824
      136840
      136874
      136882
      136904
      136946
      136956
      136994
      137077
      137098
      137183
      137247
      137301
      137321
      137407
      137418
      137498
      137503
      137578
      137676
      137755
      137851
      137930
      138002
      138079
      138162
      138260
      138284
      138366
      138399
      138480
      138494
      138545
      138603
      138658
      138696
      138722
      138799
      138880
      138908
      138941
      139036
      139075
      139128
      139128
      139214
      139258
      139269
      139359
      139458
      139549
      139590
      139673
      139755
      139820
      139826
      139848
      139897
      139898
      139974
      139982
      140048
      140048
      140130
      140209
      140258
      140326
      140328
      140400
      140446
      140500
      140593
      140652
      140678
      140715
      140770
      140776
      140805
      140866
      140950
      140960
      141031
      141044
      141096
      141137
      141137
      141206
      141295
      141313
      141329
      141379
      141400
      141490
      141504
      141524
      141597
      141647
      141743
      141840
      141895
      141935
      142007
      142040
      142114
      142166
      142262
      142334
      142416
      142438
      142527
      142579
      142613
      142638
      142737
      142739
      142810
      142817
      142883
      142885
      142970
      143019
      143027
      143054
      143138
      143140
      143178
      143265
      143299
      143313
      143365
      143383
      143450
      143459
      143478
      143492
      143578
      143582
      143681
      143764
      143772
      143790
      143819
      143848
      143916
      144006
      144075
      144115
      144125
      144190
      144228
      144326
      144412
      144461
      144480
      144532
      144558
      144598
      144677
      144766
      144772
      144854
      144920
      144924
      144963
      145026
      145028
      145094
      145121
      145191
      145225
      145287
      145317
      145384
      145397
      145414
      145486
      145529
      145610
      145691
      145790
      145874
      145877
      145961
      146044
      146135
      146145
      146231
      146283
      146363
      146419
      146511
      146574
      146653
      146747
      146775
      146843
      146856
      146952
      147000
      147089
      147174
      147196
      147219
      147222
      147301
      147387
      147399
      147467
      147486
      147535
      147577
      147650
      147689
      147752
      147832
      147854
      147903
      147945
      147949
      147966
      148015
      148072
      148100
      148195
      148285
      148293
      148354
      148358
      148407
      148437
      148443
      148501
      148513
      148558
      148578
      148623
      148690
      148741
      148760
      148828
      148861
      148901
      148944
      148999
      149021
      149078
      149112
      149197
      149256
      149317
      149330
      149410
      149443
      149496
      149513
      149554
      149595
      149657
      149737
      149741
      149774
      149785
      149849
      149860
      149913
      149978
      150069
      150113
      150118
      150135
      150160
      150167
      150209
      150302
      150310
      150367
      150454
      150530
      150605
      150661
      150760
      150806
      150822
      150909
      150966
      150999
      151023
      151061
      151159
      151160
      151212
      151216
      151248
      151257
      151321
      151375
      151390
      151400
      151437
      151471
      151502
      151582
      151612
      151647
      151654
      151726
      151745
      151797
      151815
      151889
      151943
      152003
      152048
      152051
      152115
      152205
      152222
      152301
      152342
      152387
      152393
      152425
      152496
      152508
      152521
      152564
      152635
      152680
      152702
      152726
      152796
      152808
      152906
      152909
      152945
      153017
      153073
      153083
      153155
      153242
      153283
      153313
      153360
      153405
      153425
      153428
      153446
      153545
      153641
      153684
      153757
      153770
      153827
      153832
      153854
      153934
      154012
      154106
      154112
      154199
      154270
      154277
      154350
      154389
      154410
      154458
      154463
      154526
      154576
      154578
      154630
      154717
      154751
      154820
      154881
      154924
      154946
      155033
      155082
      155119
      155200
      155294
      155356
      155391
      155417
      155450
      155541
      155574
      155630
      155651
      155736
      155762
      155822
      155921
      155948
      155992
      156042
      156112
      156152
      156182
      156270
      156305
      156343
      156413
      156486
      156563
      156655
      156681
      156773
      156801
      156887
      156902
      156925
      156935
      156975
      156996
      157095
      157184
      157190
      157208
      157241
      157260
      157261
      157268
      157297
      157386
      157428
      157443
      157503
      157509
      157563
      157586
      157676
      157763
      157827
      157832
      157931
      157948
      158008
      158062
      158088
      158166
      158169
      158191
      158209
      158265
      158275
      158288
      158362
      158368
      158396
      158467
      158515
      158603
      158687
      158739
      158760
      158854
      158854
      158919
      158967
      159050
      159110
      159130
      159150
      159190
      159255
      159320
      159398
      159428
      159457
      159507
      159596
      159643
      159725
      159770
      159827
      159859
      159883
      159945
      160018
      160103
      160142
      160238
      160251
      160279
      160282
      160374
      160383
      160388
      160476
      160531
      160581
      160613
      160707
      160730
      160795
      160890
      160906
      160943
      160986
      160994
      161059
      161135
      161157
      161203
      161206
      161305
      161382
      161427
      161427
      161504
      161549
      161638
      161645
      161660
      161681
      161739
      161739
      161830
      161851
      161947
      161957
      162015
      162102
      162166
      162213
      162298
      162379
      162437
      162477
      162537
      162538
      162623
      162720
      162750
      162798
      162895
      162956
      162959
      163048
      163130
      163195
      163221
      163317
      163347
      163366
      163423
      163481
      163560
      163633
      163644
      163667
      163725
      163747
      163815
      163865
      163873
      163939
      163993
      164025
      164042
      164043
      164074
      164077
      164128
      164178
      164276
      164370
      164371
      164457
      164498
      164546
      164572
      164657
      164665
      164690
      164767
      164792
      164844
      164941
      164959
      165028
      165083
      165102
      165140
      165168
      165254
      165271
      165278
      165323
      165327
      165366
      165378
      165409
      165469
      165532
      165617
      165626
      165722
      165777
      165842
      165861
      165865
      165868
      165886
      165971
      165991
      166077
      166086
      166168
      166177
      166178
      166237
      166269
      166288
      166299
      166341
      166341
      166423
      166430
      166466
      166522
      166592
      166656
      166704
      166733
      166829
      166833
      166870
      166937
      167031
      167044
      167140
      167236
      167248
      167253
      167352
      167390
      167464
      167517
      167537
      167573
      167624
      167635
      167668
      167761
      167781
      167822
      167833
      167912
      167985
      167987
      167989
      167998
      168060
      168104
      168201
      168218
      168309
      168344
      168386
      168386
      168407
      168459
      168526
      168548
      168589
      168659
      168751
      168780
      168848
      168923
      168988
      169049
      169071
      169076
      169171
      169247
      169342
      169398
      169457
      169530
      169538
      169587
      169671
      169704
      169750
      169769
      169856
      169951
      169970
      169989
      170044
      170108
      170204
      170271
      170346
      170435
      170467
      170564
      170619
      170673
      170700
      170733
      170789
      170817
      170863
      170866
      170947
      171012
      171064
      171154
      171168
      171194
      171233
      171287
      171333
      171334
      171420
      171442
      171456
      171520
      171523
      171538
      171583
      171610
      171646
      171692
      171756
      171756
      171793
      171862
      171870
      171935
      171974
      171980
      172031
      172126
      172133
      172217
      172218
      172282
      172297
      172299
      172353
      172441
      172462
      172517
      172522
      172571
      172656
      172712
      172770
      172849
      172864
      172957
      173055
      173151
      173204
      173241
      173296
      173353
      173450
      173452
      173541
      173640
      173667
      173686
      173757
      173836
      173884
      173963
      173986
      174074
      174100
      174156
      174193
      174289
      174339
      174402
      174432
      174503
      174535
      174567
      174595
      174657
      174741
      174808
      174882
      174904
      174937
      175031
      175095
      175099
      175106
      175165
      175263
      175357
      175363
      175363
      175400
      175480
      175553
      175624
      175651
      175657
      175683
      175767
      175768
      175781
      175797
      175865
      175916
      175942
      176018
      176088
      176099
      176185
      176239
      176301
      176320
      176374
      176431
      176507
      176583
      176658
      176730
      176740
      176797
      176822
      176889
      176971
      177048
      177145
      177225
      177243
      177304
      177335
      177415
      177416
      177436
      177460
      177528
      177611
      177704
      177757
      177765
      177845
      177877
      177881
      177887
      177933
      177981
      177985
      177991
      178089
      178168
      178207
      178250
      178281
      178375
      178398
      178416
      178425
      178511
      178575
      178612
      178697
      178728
      178802
      178854
      178869
      178949
      178998
      179013
      179043
      179096
      179109
      179160
      179256
      179267
      179292
      179343
      179385
      179459
      179550
      179626
      179704
      179761
      179782
      179811
      179819
      179895
      179895
      179976
      180064
      180129
      180164
      180169
      180207
      180293
      180299
      180336
      180342
      180360
      180423
      180438
      180524
      180574
      180631
      180726
      180800
      180858
      180895
      180935
      180962
      181060
      181095
      181153
      181171
      181171
      181192
      181283
      181296
      181296
      181320
      181384
      181407
      181409
      181479
      181566
      181617
      181691
      181699
      181773
      181835
      181866
      181896
      181955
      181956
      182002
      182083
      182151
      182165
      182241
      182321
      182325
      182378
      182449
      182497
      182529
      182625
      182670
      182704
      182736
      182767
      182847
      182886
      182895
      182956
      182980
      183022
      183071
      183118
      183118
      183212
      183233
      183314
      183386
      183455
      183518
      183603
      183643
      183717
      183797
      183881
      183885
      183939
      183998
      184055
      184123
      184136
      184233
      184270
      184342
      184439
      184453
      184501
      184585
      184671
      184759
      184784
      184803
      184859
      184876
      184923
      184975
      185022
      185114
      185136
      185234
      185242
      185298
      185385
      185421
      185520
      185530
      185565
      185636
      185643
      185658
      185664
      185703
      185758
      185772
      185812
      185813
      185885
      185924
      185974
      186011
      186053
      186068
      186082
      186147
      186181
      186263
      186297
      186360
      186377
      186448
      186505
      186516
      186553
      186591
      186628
      186696
      186701
      186765
      186782
      186878
      186910
      186942
      187028
      187067
      187129
      187189
      187240
      187261
      187346
      187431
      187489
      187551
      187569
      187623
      187623
      187644
      187669
      187709
      187714
      187736
      187749
      187768
      187789
      187849
      187851
      187895
      187940
      187995
      188071
      188170
      188228
      188314
      188409
      188493
      188528
      188546
      188595
      188666
      188708
      188782
      188785
      188797
      188885
      188899
      188997
      189089
      189160
      189250
      189333
      189414
      189511
      189522
      189523
      189620
      189628
      189677
      189724
      189791
      189871
      189959
      190055
      190076
      190130
      190158
      190185
      190234
      190276
      190328
      190420
      190435
      190505
      190590
      190609
      190613
      190650
      190711
      190728
      190758
      190827
      190881
      190961
      191019
      191101
      191107
      191164
      191198
      191259
      191316
      191347
      191391
      191476
      191571
      191646
      191658
      191681
      191764
      191796
      191849
      191912
      191931
      191943
      192024
      192091
      192099
      192106
      192127
      192193
      192202
      192267
      192358
      192422
      192430
      192527
      192556
      192576
      192662
      192745
      192834
      192882
      192975
      193047
      193084
      193099
      193192
      193241
      193257
      193295
      193332
      193421
      193485
      193507
      193557
      193616
      193681
      193741
      193814
      193870
      193903
      193980
      194051
      194138
      194186
      194259
      194309
      194339
      194362
      194434
      194468
      194492
      194582
      194621
      194628
      194686
      194772
      194791
      194796
      194799
      194823
      194897
      194932
      194961
      194973
      195053
      195059
      195086
      195168
      195196
      195255
      195345
      195351
      195386
      195417
      195436
      195496
      195564
      195647
      195682
      195726
      195824
      195906
      195943
      196037
      196125
      196213
      196249
      196270
      196318
      196372
      196459
      196536
      196572
      196605
      196640
      196664
      196664
      196677
      196747
      196787
      196798
      196835
      196871
      196955
      197050
      197077
      197140
      197167
      197250
      197289
      197363
      197459
      197546
      197579
      197594
      197648
      197733
      197808
      197808
      197872
      197931
      198018
      198054
      198152
      198191
      198193
      198284
      198382
      198478
      198500
      198526
      198591
      198593
      198667
      198708
      198773
      198828
      198887
      198900
      198929
      199023
      199046
      199128
      199220
      199252
      199318
      199353
      199375
      199408
      199440
      199480
      199540
      199621
      199625
      199662
      199665
      199708
      199716
      199717
      199767
      199795
      199889
      199926
      199981
      200037
      200058
      200108
      200120
      200183
      200270
      200338
      200361
      200433
      200454
      200455
      200548
      200584
      200646
      200732
      200791
      200804
      200828
      200895
      200952
      201030
      201043
      201074
      201092
      201133
      201222
      201271
      201301
      201343
      201391
      201481
      201485
      201511
      201571
      201628
      201655
      201740
      201789
      201812
      201908
      201956
      202025
      202083
      202123
      202192
      202287
      202358
      202423
      202509
      202556
      202572
      202593
      202622
      202701
      202795
      202806
      202888
      202909
      202984
      203027
      203084
      203161
      203213
      203231
      203272
      203340
      203366
      203435
      203499
      203558
      203647
      203653
      203707
      203749
      203841
      203917
      203955
      204041
      204048
      204072
      204160
      204227
      204239
      204274
      204340
      204364
      204379
      204411
      204431
      204522
      204596
      204651
      204664
      204667
      204735
      204823
      204862
      204954
      205023
      205114
      205143
      205158
      205175
      205234
      205297
      205391
      205399
      205403
      205426
      205431
      205524
      205620
      205703
      205728
      205756
      205816
      205885
      205896
      205910
      205949
      205993
      206012
      206087
      206169
      206246
      206289
      206375
      206384
      206397
      206425
      206507
      206539
      206613
      206633
      206723
      206820
      206860
      206946
      206962
      207053
      207143
      207209
      207243
      207249
      207344
      207354
      207414
      207499
      207500
      207504
      207540
      207591
      207680
      207766
      207819
      207914
      207935
      207957
      208002
      208098
      208165
      208214
      208306
      208349
      208362
      208371
      208415
      208457
      208529
      208607
      208654
      208659
      208735
      208832
      208878
      208879
      208918
      208996
      209030
      209078
      209088
      209179
      209258
      209342
      209441
      209492
      209582
      209633
      209702
      209744
      209834
      209882
      209935
      209948
      209960
      210013
      210075
      210083
      210160
      210235
      210301
      210305
      210322
      210382
      210435
      210512
      210591
      210627
      210634
      210695
      210714
      210770
      210833
      210918
      210957
      211010
      211027
      211032
      211105
      211185
      211196
      211213
      211225
      211227
      211260
      211308
      211356
      211443
      211502
      211598
      211636
      211711
      211743
      211821
      211885
      211953
      211976
      212012
      212066
      212108
      212147
      212194
      212243
      212249
      212287
      212305
      212334
      212424
      212494
      212576
      212612
      212684
      212766
      212813
      212864
      212925
      212940
      212947
      212989
      213030
      213078
      213152
      213241
      213261
      213272
      213340
      213404
      213412
      213460
      213475
      213530
      213581
      213666
      213755
      213799
      213844
      213862
      213936
      213973
      214046
      214134
      214163
      214233
      214298
      214343
      214362
      214396
      214416
      214421
      214500
      214571
      214658
      214739
      214816
      214835
      214925
      215021
      215045
      215073
      215133
      215167
      215227
      215316
      215405
      215493
      215581
      215613
      215695
      215785
      215834
      215905
      215964
      216026
      216080
      216135
      216146
      216226
      216307
      216354
      216397
      216456
      216555
      216646
      216739
      216819
      216844
      216940
      216959
      216963
      217028
      217031
      217045
      217139
      217160
      217258
      217339
      217410
      217441
      217471
      217549
      217559
      217596
      217609
      217620
      217719
      217747
      217807
      217819
      217851
      217946
      217952
      218043
      218124
      218203
      218221
      218234
      218325
      218424
      218476
      218575
      218635
      218638
      218699
      218743
      218791
      218826
      218846
      218859
      218860
      218922
      218971
      219014
      219060
      219061
      219113
      219149
      219175
      219244
      219329
      219362
      219431
      219506
      219526
      219558
      219615
      219618
      219705
      219713
      219724
      219732
      219776
      219837
      219846
      219876
      219931
      219961
      220029
      220109
      220122
      220213
      220262
      220310
      220366
      220463
      220472
      220479
      220545
      220582
      220586
      220639
      220721
      220780
      220862
      220942
      221007
      221064
      221100
      221121
      221149
      221218
      221251
      221292
      221307
      221312
      221373
      221444
      221445
      221471
      221492
      221580
      221587
      221684
      221703
      221747
      221751
      221822
      221896
      221938
      222024
      222059
      222124
      222160
      222206
      222228
      222247
      222295
      222363
      222420
      222440
      222445
      222510
      222511
      222588
      222651
      222713
      222737
      222811
      222871
      222883
      222975
      223004
      223041
      223116
      223170
      223239
      223281
      223378
      223472
      223552
      223621
      223719
      223767
      223779
      223867
      223940
      223967
      224042
      224091
      224154
      224161
      224181
      224249
      224283
      224285
      224334
      224405
      224436
      224507
      224538
      224571
      224591
      224592
      224641
      224704
      224707
      224707
      224708
      224740
      224755
      224836
      224869
      224898
      224975
      224982
      225005
      225087
      225130
      225184
      225245
      225332
      225428
      225441
      225444
      225488
      225507
      225561
      225569
      225643
      225654
      225723
      225766
      225850
      225885
      225925
      225969
      226010
      226076
      226086
      226125
      226186
      226190
      226207
      226208
      226242
      226275
      226297
      226357
      226429
      226432
      226464
      226500
      226583
      226634
      226698
      226720
      226818
      226881
      226913
      226939
      226976
      227030
      227092
      227177
      227202
      227264
      227335
      227379
      227399
      227415
      227461
      227531
