          29
          33
         112
         137
         205
         280
         316
         358
         454
         519
         530
         579
         615
         702
         790
         855
         938
         938
        1037
        1044
        1044
        1061
        1146
        1153
        1213
        1239
        1269
        1352
        1388
        1426
        1486
        1534
        1567
        1662
        1692
        1766
        1853
        1931
        2002
        2041
        2077
        2088
        2088
        2183
        2273
        2368
        2459
        2552
        2604
        2669
        2712
        2772
        2784
        2834
        2837
        2882
        2931
        2990
        3073
        3121
        3129
        3161
        3241
        3298
        3360
        3396
        3448
        3520
        3535
        3609
        3642
        3655
        3683
        3748
        3794
        3892
        3923
        3998
        4040
        4124
        4179
        4261
        4309
        4394
        4450
        4541
        4635
        4716
        4775
        4825
        4849
        4885
        4890
        4944
        5027
        5056
        5097
        5150
        5218
        5261
        5279
        5308
        5372
        5404
        5463
        5543
        5573
        5613
        5689
        5747
        5801
        5844
        5935
        5997
        6070
        6145
        6230
        6258
        6327
        6379
        6438
        6463
        6488
        6550
        6551
        6584
        6598
        6692
        6786
        6803
        6867
        6931
        6936
        6952
        7024
        7094
        7125
        7206
        7305
        7382
        7459
        7555
        7606
        7638
        7667
        7709
        7733
        7792
        7872
        7909
        7983
        8040
        8100
        8165
        8238
        8264
        8277
        8302
        8374
        8413
        8455
        8506
        8521
        8608
        8633
        8665
        8707
        8794
        8798
        8800
        8823
        8844
        8861
        8959
        9047
        9123
        9145
        9163
        9183
        9262
        9263
        9329
        9334
        9348
        9397
        9425
        9520
        9538
        9594
        9602
        9675
        9682
        9781
        9819
        9888
        9951
        9951
        9999
        9999
       10020
       10088
       10169
       10254
       10311
       10358
       10428
       10464
       10541
       10607
       10647
       10720
       10796
       10855
       10940
       11026
       11067
       11102
       11156
       11171
       11258
       11345
       11368
       11423
       11472
       11521
       11548
       11636
       11666
       11728
       11815
       11887
       11951
       11988
       12001
       12048
       12098
       12152
       12156
       12239
       12248
       12333
       12399
       12470
       12525
       12563
       12590
       12655
       12754
       12821
       12904
       12977
       13052
       13149
       13231
       13316
       13353
       13425
       13464
       13522
       13574
       13576
       13637
       13709
       13788
       13792
       13799
       13898
       13908
       13990
       14082
       14144
       14157
       14191
       14227
       14245
       14283
       14291
       14307
       14327
       14353
       14370
       14469
       14532
       14626
       14650
       14708
       14752
       14757
       14776
       14784
       14849
       14849
       14910
       14940
       14989
       15017
       15036
       15050
       15135
       15195
       15215
       15256
       15320
       15337
       15355
       15437
       15495
       15520
       15548
       15585
       15598
       15662
       15754
       15769
       15837
       15895
       15981
       16013
       16044
       16068
       16154
       16247
       16316
       16358
       16429
       16522
       16547
       16561
       16574
       16595
       16664
       16703
       16740
       16796
       16812
       16823
       16879
       16950
       16977
       17013
       17093
       17154
       17168
       17261
       17272
       17324
       17380
       17472
       17473
       17554
       17602
       17603
       17604
       17695
       17751
       17827
       17840
       17895
       17910
       17965
       18053
       18121
       18127
       18145
       18178
       18204
       18269
       18361
       18394
       18453
       18492
       18537
       18610
       18666
       18674
       18712
       18722
       18759
       18806
       18894
       18978
       19047
       19081
       19137
       19172
       19247
       19281
       19339
       19366
       19395
       19415
       19505
       19528
       19624
       19703
       19786
       19831
       19911
       19935
       19966
       20025
       20068
       20131
       20131
       20182
       20210
       20232
       20262
       20305
       20314
       20406
       20465
       20538
       20542
       20549
       20577
       20612
       20689
       20761
       20813
       20826
       20899
       20973
       20987
       21070
       21089
       21115
       21140
       21153
       21230
       21252
       21313
       21378
       21424
       21454
       21510
       21569
       21660
       21706
       21793
       21856
       21925
       21964
       22059
       22071
       22160
       22234
       22280
       22310
       22355
       22428
       22472
       22508
       22597
       22665
       22683
       22709
       22755
       22848
       22898
       22951
       22986
       23082
       23171
       23194
       23260
       23272
       23369
       23408
       23492
       23572
       23633
       23671
       23754
       23836
       23921
       23927
       23945
       24020
       24069
       24120
       24129
       24162
       24224
       24259
       24313
       24386
       24445
       24504
       24510
       24560
       24573
       24576
       24644
       24733
       24798
       24889
       24918
       25002
       25075
       25138
       25227
       25240
       25253
       25351
       25353
       25407
       25463
       25474
       25507
       25541
       25617
       25676
       25774
       25836
       25858
       25901
       25946
       25955
       26043
       26126
       26215
       26308
       26374
       26407
       26418
       26511
       26530
       26626
       26651
       26708
       26715
       26729
       26820
       26878
       26883
       26913
       26983
       27006
       27042
       27045
       27051
       27085
       27085
       27106
       27158
       27187
       27192
       27270
       27319
       27401
       27483
       27505
       27580
       27635
       27697
       27760
       27819
       27878
       27964
       28052
       28124
       28184
       28218
       28279
       28332
       28358
       28376
       28449
       28497
       28596
       28615
       28624
       28676
       28762
       28783
       28813
       28868
       28954
       29002
       29089
       29120
       29215
       29253
       29323
       29340
       29345
       29369
       29454
       29534
       29581
       29642
       29659
       29711
       29723
       29788
       29793
       29826
       29912
       30004
       30015
       30109
       30173
       30258
       30294
       30347
       30403
       30475
       30491
       30512
       30529
       30553
       30605
       30613
       30637
       30722
       30739
       30752
       30772
       30774
       30814
       30852
       30894
       30950
       31026
       31117
       31193
       31250
       31265
       31329
       31383
       31406
       31406
       31453
       31545
       31569
       31633
       31726
       31819
       31884
       31971
       32052
       32075
       32087
       32095
       32150
       32223
       32312
       32338
       32360
       32380
       32403
       32465
       32556
       32618
       32686
       32700
       32701
       32721
       32810
       32860
       32874
       32971
       33042
       33109
       33151
       33206
       33294
       33392
       33450
       33526
       33538
       33541
       33632
       33708
       33737
       33777
       33863
       33933
       33942
       34002
       34071
       34081
       34122
       34176
       34189
       34254
       34346
       34442
       34524
       34582
       34679
       34684
       34738
       34745
       34806
       34902
       34958
       34968
       34996
       35064
       35132
       35191
       35206
       35280
       35324
       35412
       35414
       35447
       35468
       35468
       35489
       35554
       35606
       35611
       35673
       35701
       35756
       35808
       35818
       35879
       35944
       35969
       35986
       36064
       36083
       36127
       36140
       36150
       36201
       36232
       36252
       36262
       36349
       36444
       36487
       36530
       36537
       36601
       36641
       36691
       36754
       36815
       36914
       36930
       36933
       37002
       37012
       37063
       37089
       37143
       37173
       37243
       37253
       37341
       37356
       37419
       37446
       37512
       37549
       37594
       37677
       37729
       37784
       37841
       37841
       37918
       37996
       38080
       38179
       38208
       38213
       38254
       38286
       38315
       38318
       38321
       38397
       38433
       38434
       38510
       38597
       38638
       38704
       38728
       38756
       38758
       38846
       38921
       39010
       39030
       39086
       39174
       39188
       39262
       39263
       39284
       39325
       39402
       39501
       39555
       39618
       39714
       39799
       39831
       39840
       39902
       39977
       40053
       40068
       40125
       40135
       40228
       40296
       40316
       40385
       40433
       40477
       40489
       40529
       40555
       40626
       40698
       40796
       40858
       40898
       40910
       40971
       41000
       41008
       41054
       41105
       41137
       41140
       41193
       41193
       41250
       41262
       41291
       41351
       41429
       41474
       41502
       41536
       41589
       41593
       41599
       41645
       41742
       41758
       41820
       41895
       41922
       41949
       42031
       42110
       42112
       42172
       42196
       42280
       42350
       42418
       42441
       42495
       42560
       42628
       42666
       42729
       42740
       42834
       42861
       42898
       42980
       43027
       43080
       43100
       43106
       43192
       43244
       43262
       43343
       43367
       43433
       43477
       43544
       43572
       43609
       43668
       43696
       43787
       43872
       43971
       43976
       43993
       44060
       44062
       44086
       44182
       44263
       44316
       44323
       44385
       44411
       44433
       44521
       44557
       44651
       44725
       44761
       44774
       44799
       44868
       44921
       44930
       44986
       45028
       45030
       45076
       45080
       45177
       45197
       45267
       45318
       45324
       45339
       45436
       45476
       45528
       45536
       45615
       45681
       45743
       45789
       45789
       45863
       45923
       45926
       45937
       45999
       46063
       46068
       46145
       46156
       46240
       46287
       46329
       46385
       46422
       46473
       46479
       46489
       46561
       46591
       46630
       46663
       46746
       46783
       46836
       46905
       46938
       46966
       47022
       47042
       47045
       47065
       47156
       47170
       47239
       47331
       47338
       47380
       47462
       47505
       47551
       47595
       47630
       47668
       47766
       47830
       47899
       47988
       48032
       48046
       48086
       48111
       48180
       48249
       48307
       48315
       48345
       48377
       48457
       48524
       48578
       48656
       48711
       48799
       48853
       48934
       48938
       48966
       48993
       49057
       49134
       49149
       49229
       49277
       49309
       49316
       49356
       49430
       49496
       49568
       49657
       49732
       49825
       49890
       49939
       50012
       50061
       50076
       50107
       50111
       50201
       50204
       50288
       50375
       50455
       50509
       50596
       50625
       50675
       50721
       50812
       50867
       50903
       50976
       50991
       51043
       51117
       51189
       51189
       51202
       51290
       51300
       51374
       51443
       51456
       51485
       51563
       51655
       51674
       51758
       51825
       51863
       51951
       52009
       52083
       52144
       52224
       52311
       52340
       52437
       52471
       52556
       52569
       52632
       52678
       52731
       52817
       52866
       52944
       53012
       53026
       53102
       53174
       53250
       53282
       53378
       53465
       53518
       53605
       53704
       53740
       53764
       53770
       53827
       53842
       53893
       53901
       53924
       53962
       53967
       54051
       54103
       54144
       54217
       54306
       54356
       54432
       54477
       54480
       54518
       54600
       54639
       54681
       54745
       54802
       54858
       54864
       54917
       55008
       55076
       55117
       55198
       55224
       55284
       55328
       55396
       55485
       55559
       55583
       55594
       55610
       55662
       55727
       55794
       55888
       55920
       55920
       55993
       56049
       56146
       56147
       56219
       56302
       56315
       56347
       56439
       56443
       56509
       56552
       56618
       56701
       56709
       56747
       56808
       56849
       56900
       56995
       57030
       57067
       57095
       57138
       57216
       57268
       57347
       57416
       57434
       57462
       57547
       57639
       57678
       57758
       57764
       57850
       57862
       57928
       57947
       57977
       58024
       58070
       58167
       58191
       58243
       58274
       58310
       58400
       58408
       58448
       58468
       58548
       58573
       58587
       58600
       58670
       58767
       58860
       58938
       58975
       59000
       59055
       59080
       59145
       59215
       59298
       59356
       59391
       59482
       59564
       59653
       59723
       59771
       59833
       59900
       59993
       60067
       60130
       60147
       60217
       60290
       60336
       60369
       60424
       60463
       60512
       60596
       60673
       60750
       60770
       60817
       60873
       60890
       60894
       60914
       60917
       61013
       61034
       61118
       61201
       61217
       61244
       61310
       61356
       61449
       61457
       61505
       61553
       61582
       61632
       61695
       61755
       61802
       61888
       61913
       61923
       62014
       62046
       62075
       62145
       62158
       62180
       62270
       62271
       62330
       62346
       62352
       62413
       62479
       62573
       62613
       62697
       62739
       62771
       62819
       62852
       62856
       62919
       62920
       62980
       63006
       63101
       63119
       63144
       63151
       63187
       63228
       63265
       63285
       63329
       63329
       63348
       63418
       63515
       63568
       63591
       63668
       63672
       63726
       63747
       63834
       63843
       63916
       64008
       64066
       64096
       64163
       64238
       64246
       64341
       64369
       64402
       64471
       64524
       64547
       64569
       64619
       64713
       64793
       64835
       64901
       64945
       65019
       65029
       65069
       65089
       65119
       65157
       65161
       65198
       65255
       65282
       65335
       65375
       65461
       65548
       65611
       65673
       65744
       65756
       65826
       65868
       65959
       66030
       66118
       66159
       66236
       66283
       66366
       66427
       66457
       66520
       66606
       66654
       66710
       66788
       66797
       66891
       66989
       67036
       67077
       67169
       67262
       67335
       67383
       67460
       67462
       67498
       67564
       67621
       67642
       67644
       67646
       67665
       67688
       67712
       67721
       67813
       67889
       67894
       67912
       67987
       68047
       68087
       68184
       68278
       68329
       68395
       68486
       68561
       68650
       68698
       68755
       68810
       68825
       68873
       68905
       68999
       69015
       69019
       69083
       69146
       69154
       69220
       69235
       69322
       69378
       69457
       69556
       69598
       69654
       69748
       69757
       69774
       69778
       69779
       69864
       69926
       70006
       70015
       70056
       70124
       70145
       70183
       70234
       70250
       70271
       70290
       70343
       70384
       70390
       70441
       70533
       70598
       70656
       70695
       70779
       70858
       70938
       70970
       71019
       71037
       71063
       71073
       71083
       71155
       71185
       71284
       71329
       71353
       71427
       71524
       71608
       71608
       71704
       71739
       71762
       71808
       71890
       71975
       72011
       72018
       72028
       72120
       72126
       72151
       72207
       72278
       72375
       72458
       72547
       72600
       72631
       72657
       72665
       72718
       72721
       72813
       72827
       72874
       72944
       73015
       73053
       73140
       73220
       73288
       73351
       73415
       73467
       73562
       73599
       73697
       73724
       73795
       73820
       73837
       73859
       73900
       73981
       74042
       74139
       74185
       74265
       74285
       74372
       74446
       74486
       74510
       74609
       74673
       74684
       74685
       74693
       74752
       74851
       74873
       74943
       75024
       75110
       75110
       75125
       75142
       75222
       75312
       75315
       75400
       75466
       75564
       75599
       75676
       75717
       75720
       75732
       75744
       75839
       75853
       75866
       75934
       75958
       76021
       76021
       76047
       76061
       76143
       76204
       76300
       76372
       76427
       76453
       76501
       76599
       76599
       76687
       76762
       76799
       76895
       76941
       76947
       77028
       77093
       77183
       77232
       77298
       77301
       77396
       77452
       77515
       77531
       77614
       77631
       77666
       77718
       77738
       77790
       77856
       77899
       77911
       77989
       78075
       78165
       78217
       78249
       78284
       78342
       78423
       78452
       78510
       78547
       78585
       78672
       78753
       78798
       78825
       78900
       78968
       78984
       79045
       79118
       79137
       79213
       79240
       79313
       79380
       79408
       79491
       79561
       79574
       79630
       79719
       79770
       79816
       79912
       79975
       80028
       80087
       80106
       80187
       80197
       80287
       80360
       80412
       80487
       80494
       80520
       80552
       80580
       80666
       80751
       80804
       80867
       80931
       81029
       81045
       81134
       81135
       81188
       81258
       81354
       81444
       81454
       81500
       81582
       81656
       81669
       81720
       81728
       81779
       81784
       81848
       81923
       81963
       82015
       82097
       82147
       82232
       82289
       82327
       82362
       82384
       82459
       82496
       82552
       82614
       82678
       82736
       82756
       82803
       82858
       82899
       82934
       83001
       83043
       83117
       83190
       83206
       83268
       83312
       83387
       83467
       83514
       83589
       83663
       83665
       83716
       83758
       83799
       83890
       83915
       83941
       84024
       84050
       84140
       84194
       84263
       84349
       84441
       84521
       84541
       84628
       84700
       84766
       84811
       84821
       84832
       84849
       84874
       84952
       84996
       85005
       85086
       85157
       85158
       85238
       85306
       85390
       85444
       85504
       85571
       85657
       85701
       85713
       85770
       85829
       85852
       85924
       85988
       86023
       86083
       86112
       86160
       86229
       86327
       86426
       86466
       86524
       86598
       86631
       86709
       86744
       86808
       86842
       86935
       87034
       87121
       87198
       87244
       87290
       87306
       87331
       87395
       87406
       87416
       87465
       87562
       87569
       87595
       87648
       87696
       87742
       87775
       87823
       87831
       87873
       87928
       88010
       88081
       88140
       88184
       88242
       88272
       88357
       88402
       88425
       88448
       88534
       88536
       88613
       88668
       88720
       88812
       88854
       88940
       89028
       89119
       89142
       89191
       89212
       89215
       89284
       89295
       89338
       89349
       89384
       89403
       89440
       89520
       89591
       89607
       89700
       89717
       89753
       89788
       89799
       89865
       89953
       90001
       90097
       90188
       90227
       90227
       90302
       90391
       90450
       90458
       90553
       90600
       90686
       90759
       90790
       90888
       90965
       90990
       91049
       91145
       91174
       91269
       91314
       91331
       91383
       91445
       91479
       91513
       91548
       91608
       91648
       91721
       91731
       91796
       91837
       91906
       91910
       91936
       91992
       92027
       92080
       92109
       92206
       92240
       92330
       92366
       92439
       92497
       92536
       92555
       92652
       92662
       92704
       92727
       92795
       92832
       92879
       92925
       92960
       93034
       93061
       93110
       93122
       93205
       93270
       93287
       93319
       93343
       93390
       93439
       93495
       93517
       93615
       93620
       93685
       93698
       93707
       93777
       93851
       93929
       94009
       94070
       94148
       94234
       94253
       94310
       94342
       94424
       94522
       94592
       94651
       94667
       94725
       94737
       94781
       94849
       94922
       94984
       95047
       95084
       95088
       95115
       95176
       95257
       95350
       95390
       95423
       95521
       95548
       95551
       95602
       95694
       95710
       95788
       95834
       95915
       95931
       95951
       96043
       96076
       96159
       96171
       96209
       96306
       96383
       96405
       96466
       96548
       96552
       96592
       96647
       96671
       96716
       96748
       96764
       96826
       96890
       96957
       96990
       97043
       97087
       97137
       97165
       97252
       97348
       97426
       97486
       97562
       97581
       97657
       97658
       97701
       97771
       97805
       97814
       97858
       97871
       97928
       98019
       98055
       98153
       98222
       98278
       98335
       98403
       98448
       98498
       98511
       98586
       98678
       98739
       98817
       98858
       98953
       99049
       99120
       99138
       99193
       99260
       99344
       99411
       99441
       99464
       99553
       99639
       99667
       99692
       99786
       99872
       99881
       99958
      100037
      100129
      100142
      100231
      100243
      100275
      100306
      100395
      100489
      100538
      100625
      100722
      100737
      100792
      100860
      100901
      100994
      100997
      101009
      101086
      101167
      101214
      101239
      101239
      101277
      101349
      101369
      101468
      101529
      101595
      101651
      101656
      101656
      101717
      101747
      101765
      101828
      101864
      101921
      101957
      102035
      102104
      102113
      102177
      102181
      102229
      102234
      102258
      102318
      102365
      102369
      102447
      102469
      102554
      102584
      102653
      102697
      102761
      102773
      102828
      102867
      102872
      102916
      102996
      103011
      103071
      103152
      103171
      103180
      103249
      103325
      103349
      103381
      103464
      103541
      103638
      103683
      103695
      103731
      103757
      103791
      103875
      103938
      104022
      104061
      104114
      104164
      104181
      104272
      104298
      104308
      104366
      104375
      104392
      104397
      104465
      104477
      104529
      104597
      104687
      104708
      104781
      104795
      104867
      104904
      104952
      105033
      105119
      105217
      105244
      105292
      105306
      105390
      105478
      105570
      105661
      105710
      105760
      105800
      105831
      105929
      105983
      106057
      106125
      106203
      106217
      106219
      106248
      106282
      106358
      106361
      106419
      106440
      106475
      106547
      106623
      106666
      106702
      106772
      106864
      106937
      106944
      106946
      106974
      107015
      107064
      107101
      107140
      107182
      107224
      107278
      107376
      107443
      107498
      107539
      107574
      107626
      107686
      107772
      107801
      107817
      107902
      107938
      107947
      108010
      108105
      108120
      108123
      108127
      108145
      108153
      108229
      108237
      108300
      108387
      108393
      108404
      108464
      108513
      108527
      108539
      108605
      108632
      108720
      108812
      108885
      108983
      109071
      109105
      109177
      109194
      109224
      109269
      109297
      109322
      109346
      109351
      109423
      109463
      109474
      109539
      109548
      109570
      109613
      109635
      109659
      109699
      109753
      109779
      109824
      109900
      109917
      109934
      109948
      110031
      110037
      110122
      110192
      110284
      110349
      110404
      110407
      110482
      110521
      110578
      110665
      110708
      110778
      110813
      110894
      110946
      111017
      111084
      111111
      111130
      111175
      111212
      111258
      111332
      111408
      111416
      111500
      111543
      111585
      111653
      111701
      111714
      111747
      111787
      111809
      111897
      111930
      111987
      112043
      112114
      112170
      112196
      112266
      112338
      112399
      112437
      112514
      112601
      112657
      112665
      112727
      112819
      112833
      112860
      112919
      112992
      112995
      113051
      113068
      113098
      113187
      113262
      113310
      113391
      113409
      113499
      113506
      113541
      113636
      113673
      113678
      113752
      113779
      113784
      113790
      113885
      113953
      114040
      114090
      114149
      114188
      114283
      114320
      114359
      114437
      114443
      114444
      114537
      114547
      114559
      114656
      114686
      114765
      114856
      114936
      115021
      115079
      115163
      115177
      115230
      115244
      115305
      115311
      115403
      115491
      115544
      115568
      115646
      115741
      115782
      115865
      115958
      116047
      116059
      116152
      116206
      116253
      116300
      116385
      116393
      116446
      116490
      116502
      116592
      116607
      116634
      116716
      116777
      116874
      116878
      116943
      117036
      117064
      117084
      117149
      117199
      117246
      117297
      117379
      117457
      117540
      117620
      117661
      117705
      117720
      117802
      117850
      117893
      117990
      118020
      118029
      118035
      118116
      118153
      118159
      118163
      118226
      118269
      118366
      118371
      118429
      118452
      118539
      118615
      118678
      118684
      118782
      118845
      118902
      118911
      118987
      118999
      119006
      119083
      119165
      119193
      119262
      119307
      119325
      119390
      119399
      119412
      119464
      119485
      119546
      119595
      119622
      119684
      119703
      119767
      119864
      119879
      119974
      120067
      120093
      120191
      120225
      120278
      120351
      120360
      120444
      120494
      120584
      120673
      120696
      120787
      120818
      120914
      120987
      121017
      121085
      121097
      121118
      121171
      121199
      121251
      121266
      121273
      121370
      121432
      121498
      121550
      121605
      121615
      121701
      121785
      121882
      121882
      121957
      121960
      122009
      122009
      122013
      122064
      122082
      122156
      122190
      122193
      122273
      122323
      122418
      122441
      122497
      122500
      122507
      122514
      122534
      122627
      122640
      122727
      122744
      122826
      122855
      122897
      122955
      123044
      123069
      123110
      123156
      123183
      123220
      123269
      123353
      123387
      123467
      123468
      123552
      123561
      123626
      123694
      123714
      123785
      123800
      123897
      123908
      123945
      123954
      124049
      124135
      124158
      124175
      124245
      124325
      124422
      124427
      124479
      124503
      124566
      124584
      124644
      124664
      124702
      124784
      124854
      124855
      124940
      125004
      125056
      125138
      125216
      125252
      125284
      125331
      125389
      125483
      125539
      125557
      125641
      125686
      125780
      125874
      125908
      125963
      126055
      126118
      126174
      126229
      126287
      126352
      126380
      126410
      126425
      126435
      126530
      126616
      126654
      126735
      126774
      126868
      126894
      126992
      127005
      127072
      127167
      127237
      127300
      127388
      127409
      127478
      127536
      127562
      127656
      127698
      127784
      127855
      127888
      127955
      127959
      127998
      128055
      128116
      128211
      128233
      128262
      128298
      128375
      128394
      128399
      128410
      128451
      128515
      128542
      128593
      128673
      128729
      128760
      128812
      128868
      128947
      128995
      129025
      129047
      129059
      129135
      129204
      129214
      129253
      129299
      129317
      129415
      129447
      129515
      129519
      129541
      129554
      129569
      129662
      129746
      129803
      129831
      129833
      129852
      129877
      129894
      129934
      129994
      130011
      130096
      130096
      130141
      130185
      130193
      130269
      130344
      130348
      130421
      130510
      130597
      130649
      130661
      130674
      130743
      130789
      130798
      130859
      130917
      130948
      130990
      131057
      131098
      131111
      131171
      131221
      131303
      131348
      131389
      131432
      131508
      131550
      131607
      131698
      131712
      131778
      131862
      131953
      132029
      132064
      132075
      132166
      132240
      132308
      132367
      132399
      132469
      132553
      132612
      132665
      132667
      132707
      132771
      132845
      132875
      132906
      132997
      133014
      133029
      133052
      133110
      133144
      133158
      133182
      133271
      133320
      133390
      133409
      133418
      133445
      133460
      133466
      133562
      133651
      133699
      133721
      133798
      133823
      133867
      133945
      133972
      134000
      134071
      134168
      134214
      134269
      134292
      134313
      134352
      134434
      134449
      134498
      134585
      134596
      134606
      134617
      134619
      134673
      134731
      134731
      134732
      134753
      134807
      134827
      134854
      134893
      134939
      134960
      135057
      135116
      135182
      135206
      135274
      135330
      135343
      135442
      135499
      135597
      135618
      135669
      135737
      135823
      135850
      135861
      135927
      135954
      136011
      136052
      136111
      136178
      136207
      136213
      136253
      136264
      136273
      136318
      136363
      136462
      136537
      136603
      136660
      136699
      136787
      136818
      136897
      136976
      137023
      137036
      137080
      137167
      137232
      137285
      137368
      137407
      137502
      137551
      137589
      137608
      137695
      137767
      137846
      137872
      137892
      137923
      137961
      138050
      138120
      138141
      138204
      138253
      138349
      138392
      138432
      138453
      138504
      138509
      138521
      138554
      138611
      138620
      138719
      138720
      138787
      138846
      138850
      138893
      138984
      138994
      139069
      139093
      139159
      139258
      139335
      139362
      139392
      139444
      139471
      139485
      139506
      139575
      139587
      139685
      139710
      139773
      139819
      139849
      139920
      139942
      139962
      140036
      140096
      140128
      140207
      140267
      140333
      140419
      140466
      140498
      140540
      140624
      140640
      140737
      140828
      140866
      140933
      140968
      140998
      141010
      141041
      141089
      141175
      141188
      141229
      141252
      141284
      141289
      141327
      141409
      141438
      141509
      141603
      141640
      141733
      141824
      141910
      141985
      142072
      142158
      142161
      142202
      142265
      142338
      142431
      142441
      142508
      142509
      142577
      142623
      142637
      142704
      142749
      142755
      142852
      142918
      142998
      143097
      143125
      143193
      143224
      143279
      143339
      143369
      143392
      143394
      143481
      143564
      143579
      143606
      143703
      143720
      143766
      143792
      143844
      143923
      143974
      144018
      144069
      144157
      144189
      144269
      144329
      144426
      144435
      144487
      144495
      144528
      144563
      144653
      144732
      144830
      144882
      144923
      144974
      144997
      145007
      145054
      145055
      145089
      145154
      145163
      145231
      145306
      145352
      145365
      145400
      145414
      145486
      145572
      145666
      145754
      145769
      145801
      145864
      145872
      145946
      145965
      145968
      145995
      146024
      146048
      146080
      146081
      146081
      146118
      146147
      146173
      146224
      146240
      146318
      146364
      146391
      146412
      146466
      146486
      146528
      146597
      146656
      146715
      146761
      146809
      146876
      146892
      146981
      147059
      147102
      147104
      147163
      147190
      147202
      147228
      147246
      147283
      147303
      147312
      147367
      147456
      147504
      147543
      147633
      147691
      147783
      147818
      147819
      147825
      147862
      147921
      147975
      148042
      148139
      148167
      148221
      148289
      148307
      148317
      148385
      148436
      148449
      148464
      148530
      148612
      148666
      148762
      148777
      148802
      148803
      148876
      148975
      149071
      149135
      149182
      149186
      149238
      149290
      149350
      149366
      149446
      149495
      149588
      149650
      149690
      149750
      149842
      149917
      149941
      149949
      149967
      150060
      150158
      150210
      150225
      150303
      150383
      150457
      150543
      150591
      150610
      150700
      150795
      150861
      150931
      150984
      151082
      151172
      151195
      151238
      151305
      151375
      151401
      151448
      151464
      151467
      151560
      151609
      151703
      151780
      151848
      151885
      151943
      151947
      151986
      152084
      152153
      152172
      152211
      152212
      152214
      152249
      152255
      152305
      152354
      152371
      152383
      152385
      152451
      152462
      152481
      152558
      152635
      152704
      152732
      152759
      152772
      152803
      152897
      152942
      152972
      153006
      153028
      153050
      153118
      153192
      153254
      153291
      153314
      153328
      153423
      153514
      153595
      153632
      153684
      153710
      153721
      153737
      153793
      153869
      153870
      153950
      154017
      154059
      154080
      154109
      154207
      154221
      154296
      154361
      154412
      154459
      154497
      154531
      154577
      154588
      154627
      154724
      154794
      154868
      154949
      154995
      155056
      155095
      155164
      155198
      155198
      155201
      155288
      155356
      155391
      155406
      155410
      155439
      155457
      155492
      155501
      155588
      155682
      155776
      155867
      155889
      155916
      155923
      155976
      155979
      156032
      156064
      156126
      156138
      156173
      156196
      156224
      156273
      156325
      156334
      156376
      156419
      156480
      156495
      156551
      156562
      156578
      156585
      156664
      156757
      156846
      156898
      156946
      156995
      157012
      157055
      157131
      157206
      157219
      157271
      157339
      157362
      157443
      157489
      157587
      157620
      157688
      157732
      157742
      157764
      157835
      157913
      158009
      158083
      158144
      158178
      158262
      158349
      158419
      158471
      158475
      158525
      158608
      158611
      158698
      158757
      158842
      158873
      158898
      158940
      158992
      159000
      159080
      159146
      159218
      159255
      159274
      159283
      159322
      159354
      159451
      159540
      159583
      159653
      159742
      159788
      159805
      159829
      159927
      160009
      160085
      160139
      160234
      160319
      160379
      160418
      160515
      160545
      160550
      160556
      160587
      160671
      160703
      160773
      160811
      160852
      160852
      160936
      161012
      161051
      161060
      161112
      161168
      161223
      161241
      161288
      161306
      161376
      161406
      161477
      161499
      161557
      161575
      161604
      161675
      161684
      161693
      161735
      161742
      161825
      161853
      161946
      161981
      162027
      162050
      162076
      162164
      162199
      162267
      162305
      162393
      162456
      162503
      162583
      162612
      162618
      162668
      162730
      162816
      162844
      162932
      163004
      163098
      163149
      163151
      163201
      163224
      163300
      163377
      163431
      163523
      163587
      163654
      163704
      163749
      163781
      163843
      163893
      163989
      164069
      164132
      164204
      164238
      164326
      164425
      164499
      164507
      164523
      164568
      164635
      164731
      164809
      164811
      164836
      164869
      164926
      164974
      164992
      165034
      165131
      165210
      165298
      165304
      165375
      165431
      165500
      165508
      165536
      165540
      165613
      165683
      165744
      165788
      165802
      165900
      165976
      166042
      166104
      166130
      166181
      166227
      166263
      166288
      166359
      166449
      166470
      166488
      166538
      166586
      166620
      166694
      166700
      166713
      166759
      166856
      166954
      167005
      167097
      167180
      167238
      167329
      167330
      167359
      167451
      167487
      167572
      167587
      167627
      167707
      167713
      167772
      167855
      167938
      168018
      168027
      168057
      168114
      168124
      168180
      168188
      168276
      168321
      168355
      168401
      168464
      168531
      168601
      168627
      168637
      168681
      168764
      168769
      168817
      168862
      168898
      168975
      168978
      169076
      169101
      169188
      169238
      169299
      169356
      169414
      169468
      169510
      169569
      169598
      169606
      169609
      169707
      169765
      169804
      169903
      169917
      169921
      169925
      169941
      170011
      170072
      170149
      170238
      170266
      170280
      170294
      170336
      170412
      170482
      170510
      170518
      170596
      170644
      170685
      170759
      170787
      170874
      170891
      170950
      170980
      171038
      171052
      171067
      171092
      171101
      171158
      171230
      171294
      171356
      171380
      171382
      171394
      171419
      171498
      171514
      171536
      171572
      171573
      171585
      171615
      171627
      171635
      171712
      171776
      171875
      171910
      171937
      171968
      171996
      172009
      172081
      172132
      172158
      172251
      172350
      172363
      172456
      172486
      172583
      172654
      172673
      172675
      172711
      172723
      172784
      172857
      172870
      172883
      172934
      173029
      173122
      173124
      173176
      173189
      173221
      173248
      173257
      173319
      173349
      173362
      173425
      173456
      173553
      173568
      173614
      173709
      173780
      173792
      173890
      173945
      174031
      174073
      174081
      174099
      174190
      174252
      174311
      174316
      174316
      174355
      174430
      174439
      174526
      174569
      174590
      174636
      174703
      174731
      174788
      174791
      174864
      174934
      174954
      175006
      175079
      175134
      175209
      175241
      175290
      175317
      175381
      175459
      175540
      175577
      175599
      175665
      175704
      175748
      175753
      175784
      175880
      175964
      175988
      176082
      176168
      176180
      176193
      176199
      176272
      176306
      176397
      176399
      176473
      176518
      176579
      176637
      176711
      176781
      176789
      176861
      176893
      176980
      177041
      177088
      177117
      177145
      177159
      177255
      177308
      177399
      177470
      177510
      177574
      177589
      177636
      177650
      177735
      177767
      177805
      177875
      177958
      177962
      177993
      178024
      178097
      178166
      178166
      178256
      178316
      178403
      178434
      178526
      178580
      178676
      178688
      178722
      178774
      178810
      178853
      178872
      178936
      179002
      179047
      179115
      179205
      179228
      179290
      179301
      179377
      179429
      179483
      179545
      179573
      179589
      179631
      179664
      179748
      179841
      179939
      180009
      180108
      180162
      180222
      180232
      180303
      180362
      180444
      180523
      180617
      180630
      180649
      180727
      180728
      180754
      180791
      180827
      180857
      180917
      180945
      180982
      181046
      181133
      181200
      181281
      181374
      181398
      181425
      181519
      181574
      181579
      181641
      181641
      181710
      181776
      181801
      181838
      181911
      182006
      182040
      182106
      182115
      182152
      182250
      182282
      182377
      182452
      182516
      182572
      182614
      182683
      182735
      182827
      182891
      182902
      182999
      183072
      183115
      183189
      183198
      183248
      183272
      183295
      183308
      183369
      183448
      183470
      183534
      183580
      183618
      183640
      183700
      183733
      183817
      183864
      183893
      183901
      183910
      183927
      184000
      184084
      184109
      184130
      184217
      184253
      184338
      184431
      184462
      184541
      184542
      184628
      184645
      184659
      184757
      184850
      184901
      184991
      185014
      185014
      185037
      185054
      185129
      185159
      185208
      185252
      185308
      185392
      185392
      185410
      185457
      185477
      185559
      185559
      185648
      185670
      185692
      185707
      185718
      185756
      185852
      185871
      185916
      185943
      185978
      186013
      186106
      186134
      186178
      186208
      186280
      186357
      186419
      186458
      186547
      186620
      186665
      186715
      186732
      186768
      186772
      186776
      186847
      186929
      186956
      186983
      187066
      187071
      187088
      187111
      187145
      187235
      187260
      187265
      187324
      187379
      187393
      187477
      187494
      187530
      187629
      187728
      187756
      187814
      187847
      187889
      187891
      187965
      188006
      188097
      188150
      188153
      188167
      188230
      188245
      188252
      188297
      188382
      188414
      188418
      188444
      188463
      188525
      188579
      188610
      188708
      188733
      188777
      188801
      188861
      188901
      188927
      188997
      189087
      189133
      189207
      189275
      189298
      189336
      189347
      189417
      189497
      189519
      189580
      189653
      189655
      189686
      189764
      189812
      189866
      189923
      189987
      190005
      190090
      190114
      190191
      190248
      190288
      190291
      190378
      190397
      190420
      190512
      190586
      190685
      190781
      190805
      190841
      190875
      190944
      191033
      191124
      191206
      191267
      191341
      191383
      191452
      191489
      191528
      191569
      191584
      191633
      191679
      191768
      191781
      191826
      191864
      191924
      191927
      191974
      192038
      192126
      192170
      192173
      192194
      192250
      192259
      192342
      192350
      192386
      192445
      192459
      192553
      192596
      192644
      192654
      192679
      192737
      192754
      192851
      192943
      192983
      193034
      193131
      193182
      193191
      193280
      193348
      193414
      193475
      193521
      193610
      193626
      193629
      193656
      193667
      193726
      193806
      193846
      193945
      194024
      194056
      194064
      194120
      194210
      194253
      194268
      194365
      194385
      194465
      194554
      194584
      194620
      194690
      194729
      194813
      194839
      194876
      194883
      194934
      194943
      195012
      195045
      195079
      195091
      195110
      195190
      195268
      195277
      195358
      195456
      195512
      195579
      195597
      195681
      195760
      195760
      195793
      195852
      195932
      196030
      196037
      196114
      196162
      196179
      196262
      196336
      196381
      196409
      196455
      196540
      196568
      196583
      196631
      196713
      196764
      196806
      196819
      196863
      196947
      196984
      197011
      197075
      197149
      197221
      197232
      197326
      197399
      197474
      197531
      197555
      197611
      197653
      197723
      197782
      197869
      197877
      197963
      198052
      198143
      198166
      198208
      198240
      198284
      198325
      198367
      198402
      198471
      198561
      198620
      198671
      198738
      198820
      198833
      198843
      198901
      198991
      199051
      199071
      199104
      199183
      199281
      199304
      199344
      199402
      199486
      199502
      199508
      199575
      199632
      199675
      199680
      199765
      199838
      199881
      199941
      200026
      200071
      200097
      200116
      200197
      200287
      200371
      200435
      200498
      200534
      200613
      200619
      200714
      200764
      200834
      200930
      200997
      201043
      201049
      201051
      201138
      201197
      201270
      201339
      201422
      201429
      201450
      201461
      201543
      201588
      201596
      201616
      201672
      201767
      201839
      201889
      201986
      202058
      202063
      202090
      202167
      202228
      202255
      202316
      202385
      202478
      202574
      202595
      202638
      202667
      202691
      202746
      202841
      202913
      202957
      203032
      203090
      203112
      203149
      203204
      203299
      203352
      203409
      203445
      203526
      203615
      203709
      203765
      203839
      203926
      204010
      204092
      204182
      204195
      204232
      204251
      204282
      204295
      204320
      204350
      204414
      204492
      204557
      204610
      204704
      204748
      204842
      204851
      204922
      204934
      204989
      205044
      205070
      205098
      205185
      205258
      205279
      205327
      205380
      205435
      205480
      205571
      205626
      205658
      205658
      205753
      205823
      205908
      205967
      206037
      206071
      206118
      206186
      206233
      206287
      206362
      206370
      206381
      206438
      206470
      206529
      206532
      206587
      206684
      206735
      206771
      206858
      206928
      206962
      206995
      207078
      207092
      207174
      207233
      207248
      207284
      207337
      207374
      207387
      207481
      207510
      207593
      207679
      207718
      207790
      207845
      207869
      207946
      207997
      207997
      208034
      208107
      208187
      208202
      208272
      208293
      208327
      208391
      208402
      208476
      208480
      208546
      208562
      208644
      208685
      208748
      208777
      208786
      208797
      208885
      208946
      209004
      209036
      209094
      209144
      209194
      209269
      209351
      209402
      209443
      209522
      209602
      209652
      209671
      209760
      209796
      209822
      209834
      209915
      210011
      210106
      210151
      210250
      210305
      210327
      210343
      210348
      210365
      210431
      210525
      210555
      210565
      210653
      210752
      210847
      210910
      210911
      210924
      210991
      211049
      211125
      211145
      211242
      211267
      211274
      211286
      211346
      211349
      211356
      211434
      211461
      211487
      211559
      211618
      211676
      211713
      211750
      211810
      211828
      211832
      211867
      211962
      212039
      212107
      212130
      212191
      212196
      212295
      212295
      212387
      212479
      212570
      212570
      212653
      212705
      212754
      212789
      212830
      212842
      212856
      212883
      212971
      213046
      213095
      213098
      213158
      213211
      213277
      213326
      213406
      213424
      213473
      213549
      213585
      213610
      213707
      213732
      213746
      213829
      213898
      213934
      214027
      214105
      214204
      214296
      214370
      214410
      214437
      214456
      214548
      214585
      214625
      214716
      214736
      214826
      214849
      214912
      214923
      214924
      214972
      214992
      215070
      215166
      215250
      215288
      215344
      215439
      215503
      215540
      215546
      215633
      215676
      215684
      215691
      215753
      215815
      215869
      215902
      215947
      215964
      216028
      216075
      216139
      216190
      216196
      216221
      216250
      216325
      216403
      216447
      216469
      216527
      216595
      216607
      216671
      216721
      216800
      216832
      216910
      216996
      217052
      217139
      217226
      217266
      217314
      217365
      217401
      217445
      217451
      217487
      217511
      217570
      217589
      217687
      217732
      217774
      217818
      217825
      217886
      217961
      217997
      218012
      218027
      218114
      218201
      218296
      218318
      218364
      218427
      218460
      218462
      218488
      218540
      218636
      218685
      218717
      218720
      218729
      218770
      218798
      218861
      218873
      218888
      218910
      218960
      219002
      219098
      219129
      219177
      219189
      219262
      219262
      219330
      219341
      219426
      219446
      219477
      219547
      219632
      219731
      219743
      219753
      219762
      219824
      219847
      219929
      219963
      220052
      220135
      220231
      220300
      220368
      220407
      220499
      220576
      220665
      220751
      220797
      220878
      220889
      220907
      220954
      221052
      221088
      221094
      221097
      221102
      221188
      221277
      221303
      221387
      221478
      221501
      221536
      221547
      221552
      221564
      221615
      221702
      221754
      221769
      221830
      221894
      221958
      222013
      222076
      222116
      222171
      222191
      222275
      222330
      222334
      222364
      222445
      222460
      222501
      222528
      222540
      222573
      222622
      222626
      222684
      222686
      222785
      222814
      222886
      222905
      222919
      222946
      223035
      223065
      223145
      223160
      223161
      223172
      223225
      223228
      223244
      223342
      223369
      223369
      223438
      223477
      223555
      223567
      223653
      223658
      223679
      223757
      223815
      223899
      223996
      224033
      224055
      224068
      224119
      224137
      224194
      224283
      224340
      224431
      224529
      224547
      224595
      224642
      224713
      224799
      224870
      224909
      224970
      224987
      225028
      225046
      225108
      225163
      225212
      225272
      225304
      225328
      225364
      225454
      225459
      225530
      225562
      225588
      225686
      225729
      225732
      225750
      225836
      225918
      225961
      226054
      226085
      226098
      226168
      226188
      226270
      226295
      226389
      226415
      226464
      226556
      226636
      226655
      226679
      226745
      226764
      226776
      226824
      226893
      226908
      226944
      227006
      227095
      227141
      227205
      227227
      227311
      227341
      227394
      227405
      227497
      227574
      227622
      227640
      227698
      227746
      227832
      227833
      227902
      227989
      228037
      228091
      228162
      228227
      228269
      228364
      228417
      228417
      228425
      228485
      228504
      228589
      228639
      228735
      228792
      228824
      228904
      228948
      229030
      229083
      229113
      229134
      229167
      229262
      229340
      229415
      229493
      229528
      229529
      229608
      229674
      229755
      229842
      229929
      229944
      229948
      230042
      230059
      230095
      230100
      230137
      230212
      230311
      230346
      230357
      230434
      230516
      230522
      230537
      230560
      230645
      230732
      230742
      230814
      230814
      230854
      230937
      230946
      231004
      231096
      231102
      231135
      231151
      231152
      231179
      231229
      231241
      231327
      231345
      231434
      231481
      231526
      231572
      231589
      231685
      231749
      231833
      231931
      231949
      232046
      232120
      232126
      232151
      232186
      232232
      232264
      232361
      232392
      232479
      232550
      232596
      232642
      232661
      232738
      232813
      232816
      232866
      232957
      232961
      233018
      233115
      233138
      233176
      233266
      233275
      233342
      233415
      233500
      233578
      233656
      233707
      233761
      233849
      233910
      233990
      234031
      234049
      234137
      234170
      234208
      234263
      234336
      234423
      234474
      234496
      234518
      234531
      234577
      234578
      234663
      234667
      234757
      234821
      234878
      234893
      234977
      235037
      235103
      235168
      235208
      235245
      235305
      235331
      235417
      235447
      235470
      235547
      235592
      235601
      235635
      235663
      235743
      235792
      235807
      235810
      235845
      235915
      235978
      236000
      236054
      236057
      236124
      236169
      236227
      236275
      236330
      236418
      236459
      236463
      236496
      236501
      236557
      236654
      236724
      236800
      236898
      236898
      236983
      237019
      237116
      237158
      237246
      237344
      237427
      237464
      237467
      237475
      237547
      237605
      237631
      237702
      237801
      237819
      237847
      237888
      237905
      237933
      237998
      238054
      238089
      238127
      238215
      238293
      238296
      238361
      238395
      238415
      238500
      238585
      238617
      238705
      238718
      238774
      238825
      238849
      238908
      238979
      239030
      239096
      239148
      239188
      239196
      239200
      239212
      239246
      239308
      239336
      239422
      239428
      239469
      239563
      239607
      239636
      239670
      239735
      239785
      239827
      239832
      239857
      239935
      240011
      240096
      240159
      240205
      240226
      240226
      240294
      240370
      240419
      240483
      240509
      240553
      240629
      240644
      240731
      240781
      240807
      240841
      240928
      241023
      241032
      241111
      241175
      241203
      241251
      241333
      241399
      241432
      241450
      241489
      241558
      241635
      241718
      241733
      241799
      241813
      241863
      241938
      242011
      242104
      242109
      242183
      242234
      242256
      242339
      242430
      242435
      242480
      242556
      242641
      242723
      242810
      242815
      242857
      242881
      242976
      243064
      243112
      243138
      243219
      243249
      243335
      243420
      243432
      243494
      243591
      243683
      243731
      243774
      243824
      243860
      243921
      243942
      243983
      244040
      244137
      244191
      244268
      244318
      244348
      244388
      244460
      244506
      244544
      244599
      244683
      244760
      244801
      244819
      244828
      244889
      244934
      244963
      245011
      245045
      245049
      245113
      245203
      245209
      245289
      245348
      245367
      245463
      245545
      245550
      245648
      245650
      245662
      245700
      245788
      245846
      245926
      246022
      246089
      246160
      246255
      246265
      246311
      246397
      246410
      246416
      246431
      246464
      246475
      246476
      246510
      246604
      246658
      246665
      246761
      246845
      246892
      246921
      246945
      246999
      247007
      247029
      247114
      247149
      247222
      247311
      247399
      247470
      247522
      247556
      247589
      247618
      247712
      247735
      247781
      247810
      247880
      247890
      247931
      247951
      248038
      248093
      248132
      248197
      248293
      248364
      248412
      248509
      248572
      248624
      248710
      248807
      248883
      248915
      248947
      248952
      248963
      248967
      248982
      249046
      249072
      249137
      249152
      249188
      249240
      249281
      249287
      249324
      249351
      249448
      249524
      249596
      249633
      249729
      249753
      249785
      249821
      249886
      249950
      250019
      250050
      250103
      250139
      250200
      250277
      250350
      250367
      250419
      250478
      250482
      250553
      250597
      250629
      250673
      250680
      250696
      250779
      250855
      250934
      250993
      250993
      251088
      251099
      251152
      251240
      251280
      251334
      251413
      251495
      251590
      251672
      251751
      251837
      251861
      251891
      251944
      251969
      251977
      252031
      252127
      252222
      252222
      252290
      252360
      252442
      252494
      252494
      252541
      252596
      252673
      252695
      252742
      252773
      252790
      252800
      252847
      252911
      253006
      253022
      253115
      253133
      253133
      253167
      253228
      253325
      253359
      253377
      253449
      253513
      253516
      253608
      253693
      253735
      253735
      253767
      253827
      253833
      253896
      253903
      253941
      253990
      254027
      254052
      254076
      254102
      254106
      254169
      254245
      254303
      254363
      254375
      254463
      254484
      254553
      254594
      254614
      254664
      254762
      254786
      254853
      254934
      255031
      255106
      255120
      255129
      255217
      255285
      255379
      255436
      255436
      255520
      255590
      255639
      255647
      255725
      255768
      255839
      255856
      255884
      255967
      256024
      256090
      256161
      256190
      256230
      256250
      256279
      256344
      256374
      256399
      256432
      256490
      256494
      256588
      256592
      256592
      256689
      256726
      256776
      256862
      256950
      257019
      257059
      257106
      257157
      257249
      257282
      257321
      257339
      257413
      257470
      257540
      257591
      257600
      257683
      257744
      257833
      257875
      257959
      258033
      258055
      258142
      258211
      258257
      258259
      258289
      258356
      258391
      258426
      258434
      258479
      258524
      258546
      258626
      258657
      258659
      258694
      258707
      258722
      258738
      258772
      258830
      258862
      258923
      258986
      258989
      259086
      259178
      259223
      259262
      259342
      259354
      259426
      259473
      259495
      259545
      259627
      259684
      259776
      259872
      259939
      259995
      260011
      260074
      260128
      260218
      260243
      260289
      260310
      260385
      260431
      260481
      260509
      260578
      260616
      260692
      260760
      260779
      260792
      260810
      260850
      260853
      260877
      260914
      261003
      261082
      261124
      261200
      261293
      261364
      261441
      261529
      261617
      261646
      261696
      261727
      261749
      261796
      261802
      261862
      261946
      261981
      262040
      262125
      262155
      262248
      262294
      262330
      262335
      262407
      262467
      262566
      262598
      262639
      262658
      262734
      262778
      262803
      262901
      262901
      262925
      263016
      263042
      263061
      263154
      263171
      263249
      263256
      263342
      263408
      263472
      263485
      263536
      263616
      263662
      263743
      263753
      263832
      263926
      264004
      264076
      264082
      264147
      264183
      264264
      264307
      264317
      264366
      264375
      264388
      264399
      264495
      264543
      264622
      264678
      264689
      264737
      264821
      264910
      264946
      264952
      264981
      265041
      265124
      265160
      265184
      265201
      265208
      265248
      265284
      265317
      265331
      265404
      265449
      265531
      265584
      265668
      265759
      265822
      265837
      265846
      265912
      266011
      266035
      266123
      266164
      266252
      266272
      266313
      266380
      266418
      266476
      266476
      266535
      266568
      266655
      266693
      266714
      266721
      266816
      266832
      266846
      266870
      266891
      266915
      266918
      266997
      267036
      267051
      267064
      267118
      267147
      267159
      267210
      267275
      267337
      267385
      267423
      267463
      267468
      267539
      267604
      267660
      267680
      267705
      267765
      267794
      267862
      267892
      267951
      268001
      268022
      268084
      268183
      268236
      268279
      268287
      268372
      268386
      268452
      268452
      268503
      268572
      268643
      268681
      268716
      268776
      268861
      268909
      268937
      269018
      269080
      269151
      269199
      269208
      269282
      269286
      269368
      269461
      269539
      269571
      269665
      269734
      269803
      269832
      269900
      269976
      270054
      270125
      270222
      270270
      270359
      270398
      270408
      270426
      270476
      270535
      270544
      270587
      270587
      270641
      270703
      270795
      270860
      270875
      270966
      270980
      270991
      271066
      271088
      271142
      271233
      271304
      271364
      271457
      271485
      271564
      271625
      271712
      271728
      271773
      271853
      271886
      271979
      272074
      272112
      272158
      272241
      272269
      272318
      272361
      272362
      272391
      272415
      272513
      272585
      272609
      272686
      272738
      272775
      272868
      272925
      272995
      273026
      273070
      273073
      273082
      273088
      273185
      273186
      273207
      273264
      273356
      273453
      273552
      273558
      273656
      273691
      273744
      273754
      273779
      273834
      273852
      273858
      273935
      274029
      274093
      274154
