          75
         135
         179
         234
         328
         391
         470
         541
         561
         577
         673
         683
         767
         845
         891
         900
         909
         961
         988
        1023
        1122
        1194
        1224
        1259
        1338
        1400
        1410
        1411
        1478
        1532
        1621
        1674
        1751
        1777
        1800
        1892
        1965
        2053
        2148
        2207
        2295
        2329
        2377
        2377
        2444
        2496
        2560
        2593
        2640
        2684
        2771
        2807
        2827
        2854
        2893
        2907
        2907
        2937
        3021
        3093
        3136
        3162
        3242
        3322
        3343
        3428
        3480
        3492
        3571
        3614
        3687
        3760
        3805
        3877
        3976
        4062
        4078
        4089
        4165
        4262
        4348
        4440
        4448
        4537
        4564
        4613
        4694
        4703
        4704
        4756
        4765
        4816
        4910
        4921
        5013
        5076
        5085
        5099
        5122
        5184
        5244
        5255
        5293
        5385
        5397
        5488
        5559
        5641
        5689
        5705
        5783
        5801
        5841
        5906
        5913
        5993
        6074
        6145
        6214
        6291
        6308
        6319
        6379
        6415
        6472
        6533
        6632
        6694
        6763
        6821
        6869
        6948
        6950
        7007
        7047
        7141
        7165
        7243
        7275
        7285
        7366
        7399
        7400
        7458
        7491
        7548
        7639
        7665
        7748
        7754
        7799
        7843
        7906
        7991
        8012
        8087
        8099
        8144
        8233
        8267
        8348
        8388
        8484
        8490
        8583
        8630
        8653
        8729
        8731
        8786
        8800
        8802
        8888
        8964
        9041
        9115
        9172
        9175
        9188
        9269
        9324
        9329
        9383
        9419
        9446
        9489
        9505
        9604
        9683
        9717
        9762
        9777
        9875
        9897
        9943
       10022
       10022
       10101
       10159
       10209
       10211
       10303
       10370
       10447
       10515
       10586
       10612
       10646
       10733
       10826
       10857
       10878
       10941
       11039
       11096
       11184
       11246
       11274
       11339
       11355
       11436
       11477
       11512
       11515
       11537
       11547
       11585
       11665
       11721
       11740
       11831
       11836
       11916
       12006
       12092
       12134
       12137
       12139
       12231
       12295
       12346
       12401
       12444
       12459
       12535
       12541
       12583
       12678
       12756
       12830
       12846
       12888
       12932
       12950
       12994
       13090
       13175
       13226
       13301
       13353
       13374
       13427
       13516
       13606
       13627
       13643
       13680
       13680
       13745
       13824
       13883
       13950
       14006
       14018
       14099
       14158
       14209
       14265
       14341
       14425
       14461
       14560
       14592
       14663
       14730
       14741
       14783
       14784
       14826
       14867
       14959
       15030
       15088
       15106
       15127
       15160
       15221
       15229
       15325
       15404
       15458
       15504
       15533
       15534
       15540
       15583
       15661
       15702
       15747
       15768
       15842
       15896
       15963
       16053
       16151
       16152
       16174
       16245
       16301
       16330
       16381
       16386
       16422
       16476
       16547
       16620
       16649
       16661
       16711
       16779
       16791
       16888
       16891
       16981
       17005
       17056
       17122
       17144
       17230
       17291
       17336
       17375
       17406
       17493
       17585
       17619
       17695
       17708
       17790
       17842
       17861
       17900
       17950
       17961
       17988
       18008
       18042
       18059
       18074
       18140
       18199
       18224
       18315
       18389
       18479
       18511
       18556
       18627
       18694
       18724
       18773
       18871
       18960
       19058
       19100
       19124
       19205
       19211
       19218
       19304
       19351
       19365
       19386
       19438
       19524
       19555
       19557
       19629
       19681
       19773
       19862
       19913
       19944
       20040
       20072
       20100
       20164
       20208
       20283
       20300
       20347
       20370
       20389
       20396
       20443
       20500
       20522
       20555
       20629
       20635
       20685
       20778
       20798
       20883
       20927
       20935
       21020
       21107
       21179
       21270
       21331
       21334
       21354
       21418
       21421
       21475
       21537
       21624
       21630
       21646
       21704
       21717
       21743
       21795
       21843
       21913
       21920
       21935
       21941
       21978
       22061
       22108
       22135
       22223
       22243
       22296
       22334
       22424
       22440
       22473
       22522
       22538
       22626
