          21
          67
         151
         192
         199
         234
         295
         352
         411
         498
         596
         606
         686
         721
         818
         862
         918
         967
        1041
        1115
        1157
        1232
        1318
        1334
        1427
        1471
        1546
        1609
        1659
        1702
        1760
        1808
        1893
        1952
        2021
        2094
        2097
        2149
        2248
        2252
        2301
        2341
        2371
        2390
        2398
        2461
        2539
        2557
        2567
        2630
        2635
        2682
        2724
        2734
        2801
        2883
        2889
        2987
        3010
        3081
        3131
        3159
        3207
        3265
        3303
        3368
        3427
        3469
        3538
        3632
        3721
        3724
        3817
        3900
        3910
        4003
        4059
        4077
        4176
        4252
        4318
        4401
        4489
        4535
        4634
        4662
        4747
        4750
        4841
        4931
        4947
        4966
        5038
        5136
        5230
        5300
        5333
        5408
        5473
        5540
        5585
        5602
        5696
        5770
        5785
        5821
        5874
        5936
        5973
        6006
        6104
        6134
        6213
        6288
        6349
        6443
        6498
        6576
        6641
        6697
        6793
        6812
        6867
        6930
        6953
        6991
        7004
        7062
        7064
        7087
        7186
        7227
        7277
        7307
        7404
        7502
        7582
        7583
        7599
        7655
        7695
        7744
        7798
        7840
        7905
        7976
        8030
        8088
        8116
        8168
        8216
        8273
        8340
        8424
        8508
        8547
        8562
        8584
        8677
        8757
        8794
        8830
        8913
        8972
        9041
        9053
        9091
        9169
        9216
        9224
        9274
        9359
        9375
        9402
        9492
        9553
        9598
        9667
        9696
        9743
        9835
        9897
        9984
       10008
       10038
       10126
       10160
       10214
       10247
       10276
       10296
       10365
       10449
       10526
       10607
       10623
       10680
       10739
       10809
       10838
       10906
       10931
       10989
       11025
       11056
       11121
       11129
       11168
       11213
       11298
       11350
       11394
       11443
       11498
       11512
       11611
       11689
       11764
       11838
       11850
       11851
       11928
       11936
       11945
       12024
       12081
       12169
       12265
       12353
       12360
       12417
       12499
       12527
       12583
       12607
       12704
       12781
       12847
       12902
       12944
       12988
       13053
       13128
       13159
       13244
       13327
       13334
       13416
       13441
       13485
       13522
       13523
       13591
       13677
       13677
       13750
       13849
       13938
       14033
       14102
       14190
       14223
       14272
       14325
       14327
       14409
       14451
       14538
       14615
       14698
       14789
       14842
       14931
       15021
       15096
       15176
       15183
       15197
       15214
       15262
       15300
       15387
       15458
       15474
       15503
       15531
       15532
       15622
       15626
       15660
       15749
       15777
       15782
       15830
       15913
       15974
       16016
       16101
       16131
       16184
       16186
       16273
       16340
       16361
       16447
       16490
       16568
       16598
       16629
       16676
       16696
       16794
       16879
       16930
       16940
       16941
       17027
       17060
       17076
       17155
       17186
       17247
       17339
       17341
       17416
       17442
       17493
       17578
       17653
       17708
       17717
       17788
       17788
       17852
       17888
       17951
       17974
       18016
       18044
       18058
       18058
       18138
       18183
       18203
       18253
       18258
       18300
       18352
       18407
       18419
       18510
       18559
       18650
       18721
       18750
       18759
       18819
       18907
       18959
       19055
       19128
       19221
       19319
       19345
       19423
       19475
       19501
       19514
       19597
       19606
       19659
       19743
       19826
       19883
       19889
       19978
       19985
       20027
       20076
       20135
       20194
       20222
       20286
       20295
       20363
       20462
       20528
       20535
       20620
       20631
       20708
       20780
       20842
       20851
       20882
       20884
       20905
       20936
       20941
       21003
       21005
       21014
       21097
       21177
       21180
       21236
       21238
       21238
       21331
       21342
       21384
       21434
       21462
       21526
       21531
       21612
       21620
       21705
       21733
       21752
       21756
       21840
       21926
       21943
       21962
       22054
       22087
       22112
       22141
       22186
       22238
       22324
       22374
       22436
       22533
       22594
       22639
       22644
       22670
       22722
       22806
       22898
       22985
       23020
       23028
       23105
       23202
       23237
       23280
       23309
       23390
       23401
       23433
       23449
       23524
       23623
       23715
       23746
       23796
       23844
       23900
       23927
       23983
       24015
       24034
       24092
       24140
       24174
       24248
       24303
       24388
       24480
       24546
       24550
       24649
       24725
       24742
       24761
       24830
       24837
       24856
       24856
       24947
       25010
       25080
       25100
       25123
       25200
       25283
       25287
       25384
       25410
       25411
       25421
       25422
       25507
       25579
       25592
       25610
       25638
       25677
       25721
       25800
       25820
       25849
       25920
       25982
       26049
       26092
       26128
       26210
       26245
       26282
       26301
       26329
       26344
       26381
       26427
       26500
       26514
       26608
       26669
       26723
       26762
       26847
       26888
       26951
       26981
       26995
       27068
       27110
       27182
       27272
       27316
       27319
       27319
       27354
       27355
       27434
       27521
       27553
       27591
       27673
       27747
       27836
       27845
       27938
       27962
       28026
       28124
       28210
       28299
       28382
       28418
       28451
       28472
       28524
       28596
       28624
       28719
       28771
       28805
       28840
       28881
       28909
       28951
       28985
       29042
       29137
       29233
       29289
       29291
       29315
       29337
       29435
       29530
       29564
       29594
       29686
       29754
       29763
       29816
       29864
       29877
       29878
       29967
       29970
       29991
       30015
       30093
       30166
       30184
       30184
       30248
       30268
       30304
       30398
       30493
       30576
       30637
       30675
       30761
       30801
       30862
       30952
       30994
       31062
       31067
       31090
       31181
       31260
       31277
       31332
       31376
       31440
       31442
       31479
       31541
       31546
       31579
       31594
       31660
       31755
       31845
       31882
       31891
       31981
       32054
       32074
       32142
       32234
       32267
       32360
       32396
       32480
       32541
       32604
       32645
       32732
       32745
       32752
       32837
       32885
       32950
       32998
       33018
       33092
       33159
       33242
       33242
       33246
       33331
       33360
       33421
       33463
       33478
       33481
       33533
       33563
       33638
       33644
       33737
       33784
       33836
       33924
       34001
       34097
       34158
       34234
       34296
       34336
       34420
       34422
       34520
       34529
       34550
       34609
       34689
       34747
       34753
       34837
       34935
       35034
       35096
       35169
       35248
       35259
       35342
       35352
       35445
       35531
       35594
       35604
       35700
       35731
       35828
       35851
       35858
       35864
       35890
       35913
       35969
       36055
       36056
       36083
       36120
       36187
       36239
       36296
       36368
       36377
       36448
       36538
       36569
       36629
       36720
       36771
       36783
       36874
       36958
       36968
       37020
       37060
       37120
       37150
       37158
       37238
       37296
       37362
       37389
       37458
       37537
       37582
       37639
       37685
       37775
       37851
       37929
       37945
       37956
       37970
       38034
       38071
       38135
       38186
       38266
       38276
       38368
       38384
       38482
       38537
       38560
       38578
       38590
       38592
       38659
       38671
       38713
       38778
       38778
       38785
       38795
       38854
       38895
       38939
       38955
       39041
       39134
       39193
       39257
       39328
       39386
       39400
       39489
       39529
       39591
       39639
       39649
       39675
       39730
       39801
       39881
       39926
       39968
       40035
       40050
       40108
       40171
       40195
       40206
       40234
       40242
       40285
       40360
       40385
       40389
       40390
       40418
       40516
       40592
       40603
       40631
       40663
       40664
       40754
       40830
       40924
       40966
       41042
       41082
       41087
       41108
       41199
       41268
       41270
       41340
       41422
       41467
       41527
       41530
       41608
       41612
       41612
       41612
       41662
       41706
       41753
       41823
       41855
       41907
       41930
       41951
       42050
       42098
       42143
       42166
       42221
       42297
       42300
       42380
       42410
       42464
       42539
       42617
       42636
       42724
       42809
       42908
       42993
       43071
       43152
       43169
       43219
       43252
       43311
       43332
       43403
       43449
       43548
       43553
       43624
       43673
       43748
       43750
       43802
       43851
       43902
       43981
       44045
       44102
       44126
       44217
       44282
       44351
       44360
       44382
       44444
       44473
       44571
       44598
       44599
       44623
       44704
       44716
       44765
       44851
       44864
       44953
       44987
       44992
       45041
       45058
       45155
       45199
       45245
       45286
       45364
       45439
       45450
       45537
       45596
       45622
       45627
       45641
       45734
       45756
       45825
       45843
       45906
       45933
       45940
       46030
       46119
       46169
       46259
       46288
       46385
       46422
       46517
       46570
       46575
       46663
       46675
       46747
       46751
       46830
       46910
       46922
       46996
       47010
       47085
       47112
       47162
       47211
       47212
       47292
       47388
       47426
       47458
       47540
       47586
       47640
       47655
       47686
       47785
       47865
       47904
       47947
       47986
       47987
       48007
       48056
       48110
       48144
       48186
       48199
       48261
       48292
       48297
       48376
       48451
       48537
       48602
       48619
       48677
       48725
       48789
       48825
       48873
       48878
       48889
       48988
       48990
       49052
       49052
       49077
       49093
       49117
       49202
       49203
       49258
       49326
       49380
       49476
       49533
       49584
       49682
       49741
       49772
       49779
       49815
       49897
       49928
       50009
       50083
       50146
       50238
       50247
       50255
       50314
       50341
       50416
       50501
       50517
       50604
       50647
       50686
       50755
       50802
       50891
       50972
       51005
       51055
       51139
       51193
       51197
       51218
       51316
       51385
       51447
       51503
       51521
       51528
       51607
       51677
       51747
       51779
       51871
       51907
       52001
       52051
       52139
       52233
       52304
       52338
       52371
       52421
       52445
       52482
       52529
       52568
       52603
       52654
       52722
       52780
       52819
       52861
       52925
       52989
       53006
       53050
       53062
       53076
       53101
