          34
          68
          93
         183
         252
         327
         388
         396
         459
         508
         599
         609
         692
         790
         861
         949
         990
        1057
        1084
        1132
        1167
        1262
        1310
        1365
        1431
        1478
        1496
        1542
        1545
        1554
        1603
        1624
        1699
        1716
        1776
        1836
        1847
        1892
        1971
        2042
        2051
        2149
        2230
        2259
        2356
        2443
        2450
        2527
        2559
        2628
        2677
        2719
        2779
        2820
        2824
        2882
        2957
        3022
        3033
        3108
        3128
        3143
        3195
        3220
        3225
        3311
        3341
        3343
        3438
        3454
        3515
        3556
        3626
        3723
        3802
        3835
        3843
        3886
        3941
        4004
        4093
        4112
        4154
        4189
        4284
        4308
        4390
        4474
        4570
        4592
        4651
        4699
        4744
        4817
        4848
        4857
        4875
        4972
        5010
        5105
        5148
        5232
        5232
        5312
        5397
        5411
        5461
        5525
        5548
        5638
        5725
        5752
        5840
        5933
        5995
        6066
        6094
        6177
        6209
        6259
        6282
        6365
        6400
        6450
        6471
        6485
        6524
        6526
        6596
        6639
        6641
        6655
        6694
        6740
        6838
        6878
        6967
        7049
        7059
        7110
        7174
        7227
        7255
        7329
        7384
        7402
        7443
        7500
        7574
        7579
        7616
        7635
        7646
        7656
        7752
        7796
        7888
        7949
        8011
        8099
        8170
        8241
        8284
        8337
        8417
        8500
        8514
        8538
        8620
        8629
        8728
        8779
        8801
        8805
        8843
        8942
        9003
        9018
        9086
        9178
        9199
        9263
        9334
        9373
        9420
        9465
        9482
        9521
        9560
        9635
        9651
        9678
        9740
        9807
        9906
        9986
       10049
       10128
       10176
       10227
       10294
       10336
       10372
       10401
       10496
       10528
       10616
       10699
       10754
       10794
       10844
       10922
       10924
       10945
       11026
       11056
       11087
       11107
       11178
       11210
       11284
       11316
       11414
       11477
       11574
       11633
       11702
       11765
       11792
       11815
       11834
       11923
       11934
       11955
       11966
       12051
       12084
       12087
       12114
       12206
       12302
       12345
       12409
       12486
       12537
       12608
       12666
       12671
       12674
       12686
       12718
       12725
       12734
       12762
       12807
       12894
       12970
       13064
       13066
       13097
       13123
       13127
       13207
       13256
       13280
       13342
       13410
       13454
       13536
       13563
       13625
       13701
       13713
       13771
       13845
       13905
       13953
       13991
       14046
       14049
       14085
       14086
       14129
       14148
       14159
       14197
       14209
       14247
       14311
       14334
       14406
       14427
       14515
       14569
       14626
       14712
       14772
       14795
       14854
       14914
       15001
       15049
       15102
       15183
       15202
       15222
       15252
       15277
       15335
       15355
       15427
       15443
       15450
       15515
       15560
       15614
       15636
       15676
       15767
       15850
       15860
       15923
       15996
       16033
       16108
       16116
       16174
       16179
       16213
       16224
       16234
       16333
       16383
       16388
       16477
       16502
       16595
       16682
       16762
       16854
       16902
       16922
       16965
       17032
       17118
       17211
       17262
       17318
       17411
       17436
       17454
       17545
       17549
       17568
       17665
       17731
       17818
       17891
       17957
       18045
       18127
       18161
       18225
       18323
       18333
       18338
       18364
       18403
       18426
       18504
       18520
       18619
       18638
       18724
       18799
       18846
       18854
       18866
       18914
       18918
       19004
       19017
       19047
       19066
       19142
       19234
       19276
       19332
       19371
       19419
       19499
       19590
       19600
       19673
       19740
       19778
       19864
       19873
       19904
       20003
       20031
       20123
       20183
       20184
       20200
       20285
       20326
       20388
       20461
       20470
       20473
       20558
       20614
       20615
       20701
       20752
       20767
       20798
       20854
       20873
       20953
       20990
       21077
       21080
       21132
       21177
       21201
       21300
       21384
       21447
       21503
       21542
       21605
       21657
       21661
       21718
       21763
       21830
       21916
       21968
       21997
       22002
       22062
       22090
       22129
       22221
       22259
       22291
       22319
       22401
       22498
       22573
       22574
       22660
       22664
       22672
       22708
       22807
       22835
       22882
       22886
       22967
       23010
       23062
       23154
       23163
       23255
       23293
       23294
       23374
       23413
       23421
       23507
       23585
       23626
       23722
       23817
       23883
       23922
       24003
       24022
       24077
       24126
       24186
       24269
       24280
       24320
       24381
       24468
       24547
       24622
       24636
       24681
       24721
       24728
       24807
       24887
       24899
       24986
       25041
       25108
       25171
       25212
       25297
       25342
       25411
       25436
       25518
       25552
       25593
       25646
       25717
       25812
       25819
       25908
       25993
       26042
       26133
       26145
       26224
       26293
       26322
       26381
       26434
       26443
       26532
       26603
       26645
       26730
       26821
       26879
       26966
       27054
       27070
       27111
       27183
       27202
       27217
       27230
       27311
       27337
       27391
       27411
       27423
       27519
       27549
       27577
       27673
       27710
       27736
       27797
       27805
       27865
       27932
       27974
       28060
       28082
       28103
       28107
       28177
       28225
       28276
       28349
       28370
       28459
       28545
       28631
       28644
       28741
       28750
       28779
       28810
       28836
       28927
       28971
       29039
       29087
       29088
       29183
       29237
       29250
       29349
       29420
       29491
       29493
       29563
       29582
       29617
       29637
       29672
       29756
       29847
       29887
       29928
       30003
       30099
       30187
       30225
       30315
       30382
       30412
       30465
       30542
       30624
       30637
       30678
       30752
       30836
       30897
       30978
       31001
       31096
       31119
       31181
       31274
       31350
       31390
       31425
       31475
       31501
       31535
       31559
       31617
       31714
       31763
       31782
       31799
       31854
       31882
       31918
       31998
       32077
       32102
       32117
       32204
       32263
       32263
       32338
       32370
       32376
       32444
       32542
       32564
       32576
       32674
       32730
       32767
       32813
       32842
       32893
       32930
       32999
       33091
       33131
       33170
       33265
       33308
       33327
       33388
       33395
       33449
       33496
       33575
       33596
       33625
       33676
       33752
       33818
       33916
       33951
       34007
       34045
       34102
       34185
       34195
       34226
       34296
       34300
       34381
       34415
       34460
       34505
       34543
       34626
       34635
       34642
       34646
       34727
       34787
       34843
       34869
       34874
       34966
       35015
       35066
       35067
       35151
       35182
       35227
       35324
       35409
       35484
       35540
       35634
       35705
       35710
       35770
       35791
       35847
       35928
       35983
       36081
       36105
       36165
       36179
       36180
       36257
       36353
       36413
       36465
       36537
       36611
       36655
       36750
       36804
       36875
       36875
       36905
       36914
       36973
       36991
       37051
       37102
       37112
       37191
       37273
       37339
       37425
       37524
       37541
       37606
       37623
       37640
       37668
       37754
       37844
       37909
       37933
       38000
       38064
       38095
       38130
       38174
       38269
       38287
       38361
       38440
       38523
       38564
       38575
       38601
       38669
       38737
       38771
       38857
       38860
       38878
       38882
       38883
       38978
       38990
       39046
       39139
       39181
       39273
       39329
       39364
       39458
       39539
       39556
       39562
       39564
       39569
       39593
       39600
       39697
       39713
       39721
       39767
       39767
       39770
       39795
       39861
       39904
       39940
       39942
       40006
       40076
       40129
       40221
       40272
       40331
       40388
       40456
       40461
       40489
       40500
       40599
       40687
       40765
       40804
       40832
       40854
       40915
       40915
       40965
       40986
       40996
       41075
       41160
       41238
       41335
       41402
       41463
       41497
       41548
       41553
       41585
       41674
       41677
       41684
       41690
       41703
       41718
       41807
       41840
       41939
       41947
       41965
       42041
       42119
       42211
       42214
       42266
       42320
       42346
       42404
       42453
       42485
       42566
       42648
       42707
       42741
       42830
       42836
       42913
       42936
       42978
       43056
       43131
       43213
       43302
       43310
       43342
       43435
       43463
       43518
       43586
       43594
       43627
       43669
       43729
       43743
       43825
       43887
       43894
       43960
       43962
       44051
       44134
       44208
       44298
       44380
       44478
       44516
       44609
       44613
       44657
       44701
       44795
       44887
       44968
       44976
       45022
       45040
       45081
       45093
       45121
       45140
       45191
       45265
       45356
       45374
       45411
       45471
       45535
       45618
       45631
       45695
       45701
       45710
       45803
       45859
       45946
       45973
       46004
       46039
       46112
       46126
       46184
       46266
       46301
       46313
       46331
       46356
       46447
       46456
       46460
       46460
       46552
       46639
       46674
       46743
       46822
       46910
       46968
       46990
       47062
       47116
       47156
       47194
       47235
       47324
       47418
       47507
       47574
       47651
       47696
       47697
       47732
       47751
       47775
       47819
       47864
       47870
       47887
       47921
       47939
       47986
       48079
       48125
       48170
       48242
       48283
       48341
       48371
       48406
       48469
       48549
       48552
       48608
       48630
       48676
       48733
       48826
       48892
       48986
       48991
       49049
       49101
       49111
       49118
       49178
       49191
       49262
       49279
       49365
       49421
       49500
       49564
       49661
       49758
       49789
       49879
       49935
       49948
       49974
       49987
       50005
       50056
       50149
       50234
       50327
       50332
       50419
       50510
       50588
       50630
       50672
       50743
       50758
       50835
       50891
       50902
       50931
       50979
       51013
       51059
       51096
       51135
       51157
       51241
       51330
       51395
       51444
       51524
       51623
       51625
       51660
       51727
       51735
       51744
       51781
       51847
       51904
       51999
       52093
       52138
       52226
       52236
       52264
       52292
       52318
       52358
       52366
       52377
       52411
       52436
       52448
       52542
       52565
       52611
       52666
       52761
       52851
       52937
       52948
       53020
       53059
       53157
       53205
       53264
       53278
       53341
       53436
       53444
       53504
       53522
       53539
       53567
       53660
       53734
       53809
       53894
       53949
       54013
       54032
       54049
       54123
       54135
       54208
       54226
       54290
       54352
       54413
       54494
       54516
       54613
       54674
       54715
       54727
       54814
       54823
       54829
       54887
       54954
       55049
       55095
       55098
       55175
       55186
       55226
       55297
       55395
       55415
       55501
       55546
       55622
       55633
       55696
       55723
       55813
       55852
       55908
       55991
       56080
       56091
       56109
       56161
       56196
       56291
       56300
       56338
       56426
       56427
       56493
       56541
       56542
       56544
       56612
       56703
       56748
       56822
       56881
       56901
       56975
       56979
       56994
       57074
       57154
       57177
       57250
       57326
       57380
       57418
       57502
       57583
       57596
       57597
       57645
       57685
       57736
       57751
       57766
       57831
       57876
       57911
       57969
       58018
       58083
       58112
       58174
       58240
       58291
       58355
       58401
       58456
       58531
       58568
       58587
       58616
       58689
       58698
       58706
       58765
       58786
       58871
       58940
       58951
       59028
       59094
       59137
       59161
       59257
       59355
       59423
       59501
       59531
       59600
       59631
       59666
       59697
       59760
       59843
       59940
       59973
       60037
       60112
       60121
       60188
       60243
       60256
       60341
       60430
       60476
       60533
       60537
       60575
       60598
       60673
       60713
       60758
       60796
       60861
       60923
       61004
       61087
       61163
       61243
       61260
       61343
       61358
       61390
       61410
       61469
       61505
       61554
       61602
       61688
       61731
       61756
       61787
       61857
       61859
       61887
       61972
       61987
       62081
       62090
       62143
       62228
       62326
       62382
       62436
       62503
       62552
       62641
       62693
       62693
       62708
       62776
       62831
       62925
       62947
       62961
       63045
       63087
       63090
       63168
       63181
       63270
       63306
       63400
       63452
       63471
       63498
       63532
       63623
       63696
       63738
       63759
       63848
       63941
       64021
       64024
       64031
       64053
       64065
       64120
       64173
       64239
       64263
       64317
       64347
       64347
       64360
       64372
       64450
       64517
       64544
       64590
       64638
       64710
       64779
       64831
       64838
       64919
       64948
       65043
       65081
       65136
       65199
       65243
       65247
       65315
       65357
       65431
       65483
       65581
       65653
       65693
       65789
       65842
       65927
       65998
       66036
       66099
       66190
       66224
       66319
       66333
       66393
       66486
       66499
       66540
       66559
       66618
       66628
       66716
       66728
       66808
       66871
       66965
       66969
       67019
       67054
       67103
       67141
       67203
       67243
       67316
       67335
       67359
       67396
       67451
       67521
       67571
       67574
       67649
       67684
       67745
       67822
       67875
       67901
       67916
       67920
       68019
       68043
       68139
       68208
       68294
       68338
       68407
       68485
       68518
       68612
       68662
       68730
       68739
       68739
       68820
       68829
       68850
       68911
       68923
       69022
       69064
       69156
       69201
       69252
       69319
       69379
       69465
       69547
       69569
       69574
       69575
       69632
       69725
       69814
       69844
       69899
       69906
       69967
       70041
       70041
       70129
       70165
       70170
       70255
       70310
       70398
       70440
       70461
       70535
       70584
       70588
       70629
       70672
       70701
       70746
       70826
       70858
       70933
       70965
       70983
       71011
       71088
       71176
       71232
       71307
       71388
       71423
       71488
       71536
       71541
       71612
       71696
       71711
       71756
       71855
       71911
       71949
       72040
       72111
       72190
       72272
       72310
       72329
       72386
       72448
       72476
       72495
       72528
       72627
       72673
       72722
       72747
       72749
       72799
       72835
       72890
       72945
       73028
       73047
       73108
       73163
       73258
       73357
       73399
       73465
       73551
       73631
       73651
       73681
       73725
       73726
       73793
       73811
       73823
       73877
       73904
       73961
       73980
       74024
       74098
       74186
       74249
       74299
       74309
       74366
       74444
       74456
       74515
       74550
       74599
       74624
       74715
       74748
       74786
       74807
       74829
       74916
       74977
       75014
       75023
       75031
       75046
       75141
       75211
       75285
       75362
       75383
       75399
       75489
       75500
       75532
       75554
       75587
       75630
       75705
       75705
       75797
       75799
       75841
       75940
       76032
       76114
       76170
       76255
       76263
       76307
       76315
       76388
       76446
       76532
       76577
       76619
       76698
       76785
       76839
       76929
       76951
       77026
       77075
       77118
       77139
       77139
       77219
       77233
       77234
       77326
       77415
       77443
       77494
       77539
       77596
       77606
       77631
       77632
       77701
       77743
       77791
       77846
       77872
       77944
       77989
       78079
       78112
       78185
       78267
       78328
       78414
       78446
       78474
       78537
       78573
       78588
       78597
       78669
       78676
       78753
       78756
       78790
       78845
       78910
       78991
       79036
       79097
       79167
       79214
       79219
       79228
       79285
       79372
       79406
       79502
       79577
       79605
       79677
       79703
       79719
       79771
       79834
       79851
       79906
       79948
       80036
       80118
       80203
       80258
       80272
       80294
       80386
       80471
       80566
       80576
       80648
       80671
       80688
       80785
       80824
       80887
       80919
       81008
       81022
       81117
       81213
       81232
       81265
       81300
       81392
       81424
       81455
       81491
       81500
       81529
       81581
       81659
       81733
       81830
       81868
       81916
       81979
       82017
       82061
       82129
       82129
       82166
       82219
       82226
       82244
       82330
       82371
       82410
       82449
       82488
       82493
       82531
       82619
       82697
       82763
       82794
       82866
       82949
       82991
       83029
       83066
       83138
       83165
       83187
       83216
       83273
       83279
       83340
       83353
       83372
       83400
       83424
       83431
       83469
       83537
       83571
       83605
       83648
       83671
       83747
       83797
       83844
       83860
       83892
       83895
       83991
       84082
       84172
       84194
       84230
       84239
       84253
       84272
       84364
       84392
       84395
       84475
       84509
       84593
       84664
       84745
       84779
       84839
       84899
       84962
       84995
       85081
       85097
       85182
       85271
       85289
       85363
       85452
       85539
       85598
       85696
       85763
       85806
       85812
       85815
       85817
       85865
       85877
       85891
       85937
       85953
       86025
       86052
       86105
       86168
       86263
       86298
       86334
       86424
       86510
       86568
       86585
       86602
       86676
       86676
       86676
       86730
       86781
       86852
       86871
       86962
       86971
       87052
       87117
       87159
       87256
       87353
       87407
       87423
       87439
       87453
       87501
       87506
       87550
       87641
       87734
       87773
       87817
       87849
       87927
       87966
       88045
       88087
       88089
       88092
       88151
       88152
       88208
       88212
       88306
       88361
       88406
       88459
       88480
       88576
       88663
       88687
       88727
       88741
       88804
       88825
       88844
       88883
       88911
       88971
       89033
       89074
       89083
       89115
       89157
       89216
       89268
       89346
       89385
       89484
       89548
       89588
       89601
       89682
       89766
       89821
       89828
       89884
       89904
       89955
       90023
       90049
       90094
       90154
       90215
       90232
       90313
       90367
       90414
       90448
       90523
       90607
       90608
       90690
       90754
       90761
       90848
       90942
       90974
       91042
       91062
       91113
       91204
       91282
       91284
       91299
       91370
       91394
       91466
       91478
       91553
       91639
       91641
       91700
       91713
       91799
       91808
       91827
       91875
       91903
       91988
       92056
       92059
       92147
       92211
       92261
       92356
       92431
       92455
       92545
       92629
       92724
       92781
       92874
       92955
       93006
       93030
       93049
       93144
       93146
       93204
       93206
       93217
       93273
       93304
       93337
       93398
       93412
       93505
       93564
       93566
       93608
       93641
       93671
       93742
       93742
       93769
       93837
       93869
       93964
       93967
       93970
       93970
       94032
       94111
       94139
       94196
       94243
       94252
       94264
       94333
       94429
       94479
       94520
       94609
       94687
       94695
       94776
       94817
       94852
       94932
       94991
       95072
       95081
       95143
       95150
       95217
       95222
       95225
       95296
       95319
       95341
       95341
       95422
       95426
       95519
       95568
       95630
       95713
       95728
       95814
       95898
       95965
       96005
       96074
       96148
       96210
       96280
       96368
       96408
       96414
       96424
       96516
       96558
       96575
       96593
       96666
       96679
       96741
       96828
       96918
       96996
       97002
       97055
       97075
       97142
       97201
       97248
       97266
       97342
       97399
       97421
       97446
       97471
       97474
       97525
       97525
       97544
       97636
       97712
       97727
       97775
       97852
       97885
       97945
       98035
       98123
       98132
       98143
       98242
       98249
       98302
       98355
       98381
       98438
       98472
       98540
       98551
       98593
       98600
       98694
       98695
       98698
       98746
       98751
       98786
       98837
       98906
       98933
       98947
       98959
       99056
       99130
       99176
       99179
       99194
       99246
       99328
       99408
       99460
       99510
       99558
       99574
       99660
       99687
       99708
       99760
       99798
       99799
       99889
       99944
       99964
      100041
      100074
      100118
      100157
      100208
      100211
      100230
      100320
      100332
      100342
      100401
      100500
      100515
      100566
      100613
      100655
      100710
      100801
      100868
      100869
      100945
      101039
      101085
      101116
      101122
      101165
      101256
      101320
      101322
      101386
      101474
      101499
      101519
      101571
      101657
      101692
      101725
      101741
      101794
      101833
      101844
      101908
      101984
      101988
      102008
      102016
      102034
      102095
      102160
      102214
      102271
      102314
      102389
      102395
      102468
      102486
      102515
      102549
      102589
      102674
      102740
      102812
      102857
      102884
      102943
      102984
      103072
      103143
      103189
      103284
      103351
      103382
      103414
      103487
      103575
      103595
      103676
      103717
      103787
      103804
      103867
      103903
      103992
      104046
      104103
      104157
      104183
      104247
      104319
      104391
      104479
      104565
      104568
      104576
      104638
      104681
      104763
      104774
      104817
      104867
      104964
      104986
      105013
      105072
      105126
      105218
      105223
      105299
      105361
      105380
      105467
      105510
      105548
      105568
      105584
      105617
      105653
      105724
      105753
      105820
      105868
      105879
      105885
      105909
      105947
      106004
      106095
      106135
      106140
      106143
      106158
      106192
      106232
      106253
      106280
      106294
      106322
      106342
      106365
      106426
      106438
      106476
      106477
      106488
      106563
      106597
      106638
      106658
      106749
      106801
      106813
      106852
      106928
      106964
      107054
      107116
      107202
      107292
      107391
      107406
      107420
      107439
      107497
      107565
      107660
      107710
      107808
      107904
      107982
      108048
      108049
      108147
      108206
      108241
      108263
      108301
      108389
      108487
      108540
      108566
      108616
      108619
      108662
      108702
      108706
      108759
      108858
      108933
      108976
      108997
      109025
      109088
      109176
      109193
      109218
      109223
      109320
      109400
      109480
      109565
      109620
      109683
      109706
      109774
      109823
      109876
      109918
      109977
      110000
      110092
      110150
      110184
      110195
      110268
      110341
      110342
      110387
      110387
      110485
      110495
      110571
      110598
      110631
      110685
      110751
      110850
      110910
      110926
      110996
      111023
      111087
      111165
      111209
      111300
      111371
      111408
      111480
      111566
      111595
      111677
      111691
      111710
      111743
      111790
      111829
      111915
      111951
      111997
      112011
      112036
      112044
      112077
      112091
      112108
      112164
      112211
      112232
      112254
      112310
      112312
      112408
      112420
      112445
      112541
      112594
      112655
      112657
      112733
      112795
      112850
      112891
      112986
      112995
      113077
      113143
      113234
      113245
      113333
      113344
      113426
      113510
      113580
      113617
      113690
      113777
      113814
      113904
      113950
      114043
      114077
      114164
      114215
      114280
      114315
      114413
      114475
      114510
      114561
      114598
      114634
      114673
      114688
      114741
      114770
      114843
      114868
      114899
      114952
      114989
      115018
      115068
      115076
      115147
      115245
      115287
      115309
      115358
      115378
      115434
      115463
      115544
      115601
      115661
      115696
      115697
      115711
      115714
      115753
      115789
      115840
      115933
      115966
      116008
      116071
      116106
      116123
      116125
      116171
      116189
      116211
      116261
      116304
      116352
      116374
      116426
      116461
      116476
      116519
      116568
      116614
      116705
      116760
      116769
      116819
      116837
      116870
      116897
      116938
      116971
      117028
      117036
      117100
      117145
      117211
      117260
      117292
      117340
      117362
      117437
      117467
      117484
      117548
      117627
      117721
      117728
      117760
      117760
      117823
      117908
      117979
      118025
      118112
      118172
      118176
      118197
      118200
      118216
      118277
      118321
      118340
      118406
      118452
      118458
      118468
      118541
      118593
      118645
      118653
      118692
      118765
      118778
      118870
      118892
      118964
      119036
      119126
      119165
      119242
      119258
      119272
      119309
      119408
      119474
      119541
      119596
      119641
      119673
      119685
      119701
      119734
      119831
      119846
      119913
      119959
      119996
      120039
      120137
      120195
      120230
      120240
      120304
      120323
      120328
      120328
      120333
      120403
      120471
      120479
      120504
      120549
      120619
      120633
      120697
      120750
      120795
      120871
      120902
      120920
      120972
      121069
      121163
      121262
      121354
      121414
      121415
      121458
      121518
      121559
      121629
      121706
      121713
      121736
      121784
      121800
      121807
      121870
      121875
      121915
      121982
      122000
      122001
      122083
      122098
      122160
      122167
      122240
      122290
      122359
      122388
      122446
      122494
      122563
      122649
      122683
      122721
      122798
      122849
      122903
      122907
      123002
      123100
      123155
      123202
      123238
      123271
      123303
      123344
      123420
      123430
      123450
      123536
      123594
      123681
      123743
      123784
      123848
      123859
      123940
      123994
      124031
      124102
      124182
      124256
      124272
      124288
      124288
      124364
      124463
      124500
      124580
      124623
      124698
      124706
      124709
      124719
      124730
      124792
      124873
      124905
      124977
      125062
      125108
      125121
      125161
      125169
      125248
      125347
      125355
      125434
      125524
      125615
      125713
      125747
      125753
      125760
      125776
      125796
      125814
      125842
      125865
      125892
      125938
      126025
      126035
      126048
      126076
      126104
      126119
      126157
      126172
      126189
      126236
      126280
      126328
      126328
      126419
      126441
      126521
      126617
      126641
      126688
      126688
      126756
      126822
      126885
      126956
      127054
      127132
      127139
      127214
      127308
      127377
      127382
      127447
      127503
      127560
      127653
      127705
      127780
      127869
      127916
      127968
      127994
      127995
      128064
      128077
      128125
      128131
      128207
      128281
      128331
      128401
      128425
      128455
      128493
      128503
      128555
      128609
      128687
      128690
      128754
      128852
      128940
      128955
      129020
      129098
      129185
      129260
      129307
      129377
      129449
      129511
      129566
      129583
      129616
      129632
      129685
      129746
      129833
      129894
      129985
      130073
      130158
      130160
      130172
      130209
      130282
      130351
      130448
      130510
      130602
      130680
      130774
      130838
      130935
      130948
      130966
      131020
      131079
      131155
      131252
      131290
      131319
      131376
      131469
      131522
      131556
      131628
      131688
      131748
      131819
      131832
      131925
      132004
      132031
      132072
      132123
      132204
      132230
      132249
      132281
      132302
      132380
      132407
      132429
      132526
      132610
      132653
      132737
      132751
      132838
      132869
      132922
      133021
      133037
      133062
      133103
      133186
      133280
      133355
      133436
      133444
      133511
      133525
      133529
      133615
      133643
      133676
      133676
      133759
      133764
      133831
      133885
      133925
      133949
      133980
      133981
      134021
      134058
      134153
      134190
      134249
      134288
      134341
      134430
      134483
      134559
      134628
      134687
      134763
      134836
      134855
      134899
      134955
      135016
      135072
      135108
      135134
      135169
      135252
      135306
      135335
      135386
      135411
      135459
      135523
      135579
      135639
      135726
      135787
      135841
      135899
      135908
      135997
      136045
      136080
      136081
      136129
      136222
      136248
      136275
      136337
      136357
      136450
      136512
      136547
      136628
      136662
      136719
      136788
      136810
      136853
      136942
      136966
      137037
      137058
      137110
      137194
      137227
      137318
      137384
      137455
      137482
      137558
      137591
      137625
      137704
      137780
      137801
      137878
      137956
      137968
      137984
      138076
      138097
      138195
      138217
      138220
      138223
      138293
      138345
      138438
      138451
      138513
      138611
      138671
      138712
      138771
      138798
      138865
      138945
      139044
      139113
      139115
      139133
      139184
      139229
      139322
      139329
      139380
      139423
      139432
      139485
      139552
      139566
      139603
      139626
      139673
      139725
      139772
      139800
      139866
      139956
      139960
      140010
      140077
      140142
      140221
      140295
      140319
      140362
      140412
      140492
      140546
      140627
      140665
      140669
      140757
      140846
      140873
      140917
      140922
      140940
      141032
      141082
      141121
      141154
      141191
      141271
      141362
      141380
      141463
      141548
      141633
      141716
      141737
      141740
      141781
      141871
      141902
      141917
      141992
      142014
      142026
      142036
      142077
      142166
      142228
      142267
      142317
      142394
      142408
      142481
      142547
      142579
      142588
      142656
      142715
      142806
      142845
      142942
      142983
      143055
      143130
      143134
      143156
      143226
      143301
      143381
      143439
      143502
      143545
      143618
      143670
      143764
      143799
      143846
      143921
      143952
      143986
      144025
      144098
      144118
      144160
      144242
      144338
      144422
      144473
      144500
      144545
      144547
      144608
      144647
      144665
      144749
      144814
      144893
      144923
      144933
      144960
      145008
      145089
      145092
      145181
      145242
      145311
      145329
      145392
      145487
      145576
      145653
      145672
      145683
      145719
      145764
      145837
      145880
      145897
      145964
      146043
      146094
      146190
      146192
      146247
      146301
      146315
      146339
      146385
      146430
      146435
      146492
      146582
      146650
      146686
      146696
      146758
      146786
      146823
      146883
      146979
      147065
      147124
      147156
      147162
      147185
      147237
      147320
      147410
      147473
      147532
      147580
      147597
      147659
      147720
      147776
      147801
      147830
      147845
      147850
      147929
      148023
      148084
      148091
      148132
      148158
      148203
      148268
      148294
      148305
      148320
      148321
      148385
      148454
      148514
      148545
      148628
      148685
      148768
      148829
      148867
      148947
      149031
      149058
      149154
      149187
      149201
      149289
      149320
      149339
      149376
      149404
      149434
      149526
      149573
      149662
      149719
      149767
      149841
      149879
      149884
      149886
      149938
      150016
      150062
      150071
      150085
      150148
      150181
      150190
      150239
      150295
      150363
      150450
      150549
      150639
      150718
      150781
      150823
      150865
      150933
      150991
      151056
      151060
      151062
      151147
      151226
      151293
      151307
      151322
      151335
      151363
      151429
      151502
      151504
      151577
      151654
      151701
      151712
      151727
      151814
      151844
      151906
      151966
      152065
      152084
      152156
      152188
      152282
      152365
      152389
      152425
      152434
      152434
      152482
      152524
      152611
      152706
      152750
      152771
      152852
      152855
      152947
      153046
      153132
      153170
      153199
      153243
      153272
      153316
      153368
      153430
      153525
      153536
      153619
      153635
      153675
      153738
      153792
      153832
      153890
      153908
      154004
      154092
      154125
      154189
      154251
      154272
      154357
      154448
      154487
      154542
      154632
      154645
      154649
      154661
      154757
      154805
      154875
      154950
      154997
      155034
      155040
      155092
      155180
      155245
      155254
      155263
      155323
      155381
      155392
      155481
      155559
      155582
      155666
      155667
      155720
      155730
      155744
      155811
      155828
      155846
      155876
      155932
      155998
      156009
      156012
      156075
      156111
      156201
      156281
      156295
      156391
      156489
      156542
      156605
      156630
      156653
      156723
      156758
      156849
      156872
      156917
      156930
      156978
      157015
      157070
      157162
      157166
      157208
      157238
      157285
      157344
      157357
      157379
      157391
      157407
      157413
      157435
      157482
      157502
      157598
      157643
      157669
      157714
      157813
      157816
      157843
      157886
      157984
      158039
      158116
      158171
      158224
      158290
      158345
      158353
      158444
      158492
      158568
      158586
      158665
      158673
      158759
      158771
      158833
      158834
      158896
      158982
      158985
      159026
      159044
      159123
      159186
      159277
      159292
      159352
      159417
      159438
      159461
      159520
      159549
      159615
      159674
      159691
      159749
      159766
      159790
      159872
      159879
      159906
      159953
      160034
      160034
      160046
      160113
      160205
      160213
      160246
      160296
      160304
      160362
      160408
      160452
      160518
      160522
      160621
      160652
      160727
      160778
      160862
      160947
      160960
      160968
      161035
      161047
      161118
      161152
      161204
      161287
      161305
      161389
      161456
      161482
      161574
      161637
      161696
      161755
      161777
      161817
      161820
      161838
      161895
      161966
      162054
      162054
      162056
      162111
      162139
      162181
      162273
      162289
      162297
      162360
      162397
      162492
      162506
      162519
      162580
      162667
      162724
      162730
      162776
      162793
      162883
      162977
      163018
      163051
      163124
      163144
      163149
      163226
      163324
      163420
      163518
      163597
      163623
      163682
      163725
      163731
      163751
      163837
      163911
      163953
      164045
      164097
      164171
      164220
      164299
      164361
      164430
      164493
      164583
      164677
      164721
      164735
      164754
      164759
      164785
      164809
      164852
      164900
      164959
      165007
      165055
      165082
      165133
      165184
      165256
      165329
      165350
      165378
      165465
      165562
      165587
      165624
      165674
      165706
      165708
      165800
      165809
      165814
      165870
      165955
      166028
      166098
      166131
      166133
      166148
      166185
      166250
      166280
      166309
      166354
      166384
      166453
      166505
      166531
      166560
      166579
      166676
      166767
      166810
      166833
      166849
      166872
      166881
      166935
      166981
      167079
      167135
      167142
      167148
      167243
      167321
      167343
      167359
      167437
      167479
      167520
      167579
      167608
      167668
      167671
      167721
      167746
      167796
      167798
      167815
      167834
      167855
      167915
      167960
      168035
      168113
      168140
      168220
      168279
      168280
      168328
      168331
      168423
      168477
      168513
      168603
      168615
      168700
      168707
      168722
      168748
      168780
      168812
      168910
      168987
      169080
      169094
      169189
      169264
      169360
      169394
      169433
      169499
      169552
      169601
      169698
      169725
      169811
      169819
      169822
      169889
      169983
      170081
      170154
      170197
      170281
      170350
      170404
      170431
      170468
      170515
      170527
      170529
      170620
      170712
      170770
      170835
      170934
      170990
      171068
      171165
      171243
      171330
      171341
      171347
      171401
      171421
      171484
      171491
      171505
      171526
      171604
      171692
      171725
      171794
      171856
      171860
      171923
      172012
      172062
      172123
      172183
      172229
      172295
      172376
      172430
      172431
      172444
      172508
      172571
      172589
      172596
      172654
      172733
      172764
      172823
      172845
      172903
      172923
      172963
      173035
      173081
      173098
      173148
      173149
      173153
      173194
      173225
      173284
      173371
      173428
      173430
      173480
      173532
      173550
      173630
      173679
      173752
      173788
      173887
      173950
      174010
      174052
      174097
      174100
      174162
      174246
      174289
      174331
      174409
      174428
      174514
      174595
      174685
      174755
      174812
      174847
      174886
      174925
      174975
      175002
      175003
      175009
      175069
      175102
      175137
      175183
      175267
      175311
      175381
      175449
      175543
      175628
      175724
      175747
      175750
      175796
      175818
      175820
      175853
      175883
      175965
      176053
      176113
      176118
      176203
      176218
      176249
      176313
      176382
      176422
      176484
      176513
      176536
      176586
      176648
      176673
      176753
      176842
      176883
      176977
      177009
      177105
      177199
      177236
      177329
      177369
      177462
      177538
      177607
      177637
      177660
      177730
      177797
      177876
      177912
      177978
      178073
      178133
      178231
      178232
      178248
      178283
      178315
      178388
      178429
      178527
      178531
      178546
      178586
      178674
      178739
      178827
      178926
      178940
      178962
      178999
      179044
      179130
      179140
      179170
      179213
      179289
      179387
      179467
      179500
      179562
      179647
      179690
      179774
      179847
      179886
      179973
      179997
      180069
      180107
      180138
      180151
      180229
      180283
      180372
      180410
      180481
      180524
      180565
      180568
      180617
      180716
      180736
      180807
      180859
      180910
      180994
      181091
      181140
      181209
      181293
      181382
      181405
      181410
      181425
      181426
      181430
      181515
      181613
      181670
      181737
      181806
      181870
      181907
      181937
      181985
      182002
      182093
      182093
      182150
      182202
      182261
      182297
      182377
      182418
      182419
      182444
      182500
      182501
      182565
      182597
      182672
      182756
      182815
      182846
      182934
      183012
      183104
      183172
      183233
      183311
      183400
      183446
      183502
      183538
      183595
      183625
      183647
      183693
      183707
      183721
      183782
      183855
      183944
      184027
      184030
      184123
      184216
      184299
      184373
      184470
      184471
      184548
      184641
      184738
      184827
      184848
      184922
      184986
      185016
      185031
      185091
      185156
      185255
      185262
      185342
      185342
      185424
      185452
      185467
      185543
      185578
      185589
      185666
      185688
      185711
      185779
      185853
      185937
      185963
      186021
      186046
      186120
      186156
      186197
      186285
      186383
      186432
      186507
      186557
      186648
      186673
      186737
      186822
      186862
      186893
      186960
      186962
      187040
      187094
      187137
      187185
      187274
      187344
      187365
      187456
      187479
      187553
      187580
      187604
      187607
      187619
      187657
      187663
      187742
      187785
      187811
      187864
      187869
      187887
      187907
      187917
      187924
      187980
      188055
      188110
      188170
      188250
      188284
      188285
      188361
      188446
      188508
      188519
      188610
      188648
      188701
      188792
      188878
      188949
      188976
      188994
      189051
      189071
      189120
      189190
      189190
      189268
      189362
      189448
      189504
      189568
      189591
      189626
      189705
      189777
      189847
      189898
      189966
      189987
      190078
      190120
      190128
      190147
      190191
      190271
      190312
      190313
      190356
      190402
      190404
      190444
      190537
      190604
      190639
      190642
      190721
      190795
      190839
      190839
      190917
      190972
      191044
      191057
      191109
      191206
      191232
      191321
      191352
      191415
      191447
      191516
      191575
      191631
      191704
      191739
      191768
      191833
      191840
      191878
      191913
      191961
      191974
      192059
      192108
      192205
      192282
      192334
      192378
      192382
      192481
      192509
      192569
      192573
      192650
      192744
      192840
      192841
      192842
      192882
      192938
      192942
      193004
      193036
      193058
      193121
      193143
      193145
      193149
      193152
      193231
      193292
      193328
      193339
      193430
      193437
      193473
      193499
      193589
      193667
      193678
      193732
      193762
      193822
      193870
      193960
      194027
      194058
      194100
      194118
      194164
      194259
      194315
      194316
      194382
      194408
      194480
      194533
      194619
      194691
      194770
      194783
      194796
      194818
      194867
      194917
      194993
      195009
      195035
      195078
      195117
      195199
      195255
      195337
      195413
      195461
      195516
      195546
      195546
      195628
      195687
      195720
      195742
      195745
      195764
      195840
      195882
      195912
      195980
      196045
      196116
      196126
      196160
      196243
      196275
      196356
      196431
      196509
      196549
      196559
      196574
      196616
      196671
      196695
      196775
      196858
      196875
      196895
      196950
      197012
      197045
      197119
      197208
      197271
      197288
      197289
      197305
      197319
      197381
      197401
      197409
      197426
      197522
      197537
      197575
      197631
      197636
      197725
      197762
      197809
      197849
      197906
      197988
      198013
      198107
      198188
      198254
      198270
      198278
      198303
      198333
      198337
      198429
      198471
      198507
      198589
      198605
      198653
      198661
      198712
      198733
      198757
      198853
      198881
      198909
      198996
      199007
      199010
      199066
      199119
      199198
      199294
      199358
      199428
      199437
      199534
      199597
      199604
      199687
      199750
      199796
      199882
      199906
      199925
      199990
      200045
      200102
      200112
      200196
      200287
      200367
      200388
      200483
      200542
      200572
      200618
      200648
      200670
      200719
      200765
      200788
      200821
      200890
      200940
      200988
      201047
      201105
      201167
      201175
      201201
      201266
      201360
      201368
      201378
      201389
      201409
      201478
      201483
      201488
      201499
      201580
      201595
      201608
      201674
      201693
      201742
      201767
      201820
      201854
      201938
      202004
      202054
      202124
      202204
      202249
      202323
      202422
      202451
      202460
      202474
      202547
      202645
      202677
      202735
      202780
      202872
      202962
      203014
      203073
      203155
      203235
      203241
      203293
      203307
      203393
      203396
      203477
      203541
      203593
      203675
      203774
      203856
      203924
      203989
      204003
      204082
      204118
      204127
      204136
      204176
      204274
      204340
      204392
      204429
      204509
      204551
      204595
      204665
      204683
      204751
      204831
      204857
      204912
      204965
      205052
      205124
      205135
      205178
      205217
      205230
      205261
      205309
      205358
      205426
      205436
      205463
      205489
      205505
      205587
      205609
      205615
      205703
      205749
      205817
      205882
      205937
      205976
      206046
      206063
      206107
      206116
      206159
      206165
      206251
      206309
      206312
      206330
      206340
      206413
      206462
      206497
      206578
      206669
      206695
      206789
      206849
      206907
      206958
      206971
      207002
      207100
      207102
      207160
      207179
      207210
      207306
      207312
      207379
      207463
      207501
      207590
      207673
      207715
      207811
      207825
      207897
      207897
      207912
      207915
      207997
      208035
      208108
      208165
      208238
      208271
      208361
      208421
      208511
      208573
      208625
      208670
      208680
      208738
      208817
      208853
      208861
      208939
      209006
      209014
      209091
      209126
      209217
      209235
      209235
      209274
      209315
      209396
      209454
      209510
      209589
      209671
      209741
      209811
      209890
      209921
      210000
      210056
      210107
      210146
      210210
      210272
      210333
      210379
      210456
      210486
      210517
      210563
      210577
      210610
      210625
      210656
      210741
      210821
      210834
      210897
      210992
      211081
      211157
      211227
      211284
      211344
      211415
      211476
      211506
      211535
      211597
      211677
      211695
      211721
      211817
      211912
      211994
      212085
      212152
      212168
      212177
      212235
      212263
      212337
      212411
      212415
      212466
      212529
      212597
      212619
      212707
      212729
      212752
      212783
      212797
      212859
      212876
      212911
      212957
      212979
      213054
      213069
      213107
      213172
      213254
      213319
      213382
      213454
      213496
      213567
      213631
      213669
      213719
      213757
      213852
      213926
      214003
      214038
      214119
      214178
      214253
      214291
      214387
      214401
      214472
      214476
      214493
      214576
      214661
      214737
      214758
      214828
      214903
      214948
      214993
      215075
      215097
      215166
      215194
      215206
      215296
      215332
      215400
      215420
      215510
      215574
      215640
      215705
      215757
      215818
      215819
      215901
      215920
      215984
      216071
      216149
      216175
      216195
      216261
      216356
      216437
      216530
      216578
      216593
      216680
      216769
      216833
      216844
      216937
      216991
      217023
      217107
      217132
      217183
      217192
      217214
      217236
      217324
      217403
      217467
      217493
      217592
      217679
      217742
      217751
      217771
      217808
      217833
      217855
      217949
      217966
      218002
      218047
      218098
      218129
      218202
      218235
      218333
      218420
      218502
      218518
      218582
      218619
      218634
      218720
      218763
      218849
      218906
      218984
      218991
      219041
      219054
      219060
      219094
      219140
      219208
      219293
      219348
      219393
      219394
      219442
      219540
      219572
      219573
      219616
      219715
      219780
      219844
      219936
      220020
      220096
      220096
      220184
      220213
      220248
      220301
      220328
      220408
      220477
      220570
      220591
      220614
      220614
      220708
      220805
      220902
      220994
      221083
      221105
      221192
      221196
      221254
      221332
      221343
      221410
      221490
      221531
      221574
      221619
      221681
      221751
      221844
      221869
      221932
      222006
      222048
      222058
      222118
      222138
      222151
      222228
      222260
      222274
      222278
      222282
      222305
      222310
      222317
      222409
      222449
      222520
      222561
      222638
      222657
      222738
      222827
      222855
      222951
      223047
      223078
      223163
      223213
      223294
      223294
      223379
      223458
      223505
      223531
      223602
      223636
      223652
      223741
      223806
      223853
      223896
      223926
      224018
      224092
      224131
      224208
      224285
      224356
      224433
      224467
      224467
      224557
      224587
      224605
      224700
      224775
      224830
      224836
      224925
      224987
      225076
      225144
      225181
      225238
      225259
      225315
      225367
      225401
      225488
      225542
      225594
      225601
      225651
      225719
      225789
      225812
      225854
      225944
      225950
      226044
      226138
      226145
      226166
      226206
      226289
      226328
      226342
      226421
      226495
      226543
      226557
      226640
      226736
      226813
      226884
      226963
      227028
      227041
      227137
      227163
      227251
      227285
      227383
      227457
      227522
      227585
      227660
      227715
      227783
      227808
      227845
      227918
      227974
      228047
      228069
      228073
      228096
      228145
      228213
      228281
      228351
      228445
      228511
      228600
      228601
      228669
      228686
      228723
      228738
      228789
      228885
      228898
      228995
      229064
      229073
      229171
      229259
      229341
      229422
      229462
      229481
      229577
      229597
      229685
      229710
      229762
      229806
      229854
      229903
      229904
      229946
      230004
      230086
      230167
      230202
      230267
      230355
      230428
      230452
      230478
      230544
      230559
      230613
      230712
      230777
      230785
      230799
      230840
      230852
      230892
      230906
      230948
      230979
      231074
      231092
      231104
      231109
      231183
      231223
      231232
      231306
      231332
      231359
      231408
      231488
      231565
      231610
      231631
      231632
      231670
      231723
      231819
      231822
      231865
      231888
      231982
      232055
      232111
      232152
      232241
      232322
      232354
      232387
      232409
      232470
      232551
      232584
      232642
      232706
      232760
      232786
      232837
      232837
      232846
      232849
      232933
      233007
      233036
      233051
      233054
      233117
      233172
      233177
      233213
      233270
      233299
      233392
      233406
      233458
      233461
      233518
      233565
      233607
      233629
      233691
      233748
      233779
      233828
      233849
      233908
      233993
      234054
      234145
      234197
      234209
      234280
      234305
      234307
      234362
      234378
      234404
      234425
      234441
      234515
      234558
      234652
      234744
      234835
      234919
      234925
      234947
      234949
      235021
      235095
      235166
      235218
      235280
      235364
      235447
      235505
      235572
      235623
      235655
      235684
      235730
      235775
      235837
      235842
      235910
      235914
      235986
      236032
      236086
      236157
      236254
      236293
      236372
      236416
      236486
      236551
      236615
      236655
      236727
      236820
      236885
      236975
      237023
      237105
      237182
      237190
      237215
      237258
      237286
      237315
      237406
      237470
      237547
      237632
      237682
      237717
      237760
      237816
      237895
      237964
      238007
      238010
      238012
      238020
      238051
      238084
      238100
      238146
      238236
      238313
      238405
      238427
      238517
      238533
      238564
      238633
      238664
      238708
      238780
      238792
      238847
      238933
      239015
      239069
      239082
      239124
      239181
      239245
      239304
      239337
      239394
      239439
      239455
      239549
      239557
      239621
      239687
      239756
      239845
      239894
      239929
      239936
      239952
      239963
      239978
      240040
      240085
      240160
      240224
      240263
      240281
      240355
      240436
      240449
      240459
      240514
      240541
      240579
      240597
      240607
      240661
      240687
      240776
      240806
      240839
      240861
      240949
      241008
      241060
      241088
      241156
      241185
      241217
      241306
      241307
      241336
      241426
      241478
      241518
      241583
      241637
      241648
      241670
      241704
      241731
      241776
      241780
      241843
      241860
      241863
      241906
      241988
      242024
      242097
      242191
      242222
      242226
      242302
      242401
      242436
      242483
      242495
      242564
      242601
      242683
      242690
      242692
      242710
      242747
      242815
      242855
      242875
      242898
      242937
      242950
      243040
      243134
      243185
      243211
      243264
      243351
      243418
      243503
      243574
      243648
      243676
      243721
      243801
      243888
      243939
      244013
      244030
      244105
      244201
      244234
      244270
      244362
      244416
      244472
      244511
      244590
      244686
      244763
      244861
      244876
      244939
      244988
      245025
      245120
      245191
      245261
      245315
      245337
      245426
      245442
      245519
      245613
      245658
      245752
      245783
      245872
      245921
      245936
      245998
      246086
      246155
      246191
      246278
      246288
      246384
      246416
      246416
      246418
      246498
      246583
      246600
      246647
      246684
      246722
      246802
      246805
      246903
      246979
      246996
      247024
      247029
      247060
      247140
      247150
      247199
      247239
      247289
      247301
      247390
      247476
      247523
      247590
      247594
      247626
      247647
      247709
      247792
      247851
      247880
      247972
      247976
      247984
      248067
      248107
      248194
      248246
      248279
      248337
      248390
      248420
      248449
      248512
      248587
      248657
      248665
      248763
      248842
      248885
      248913
      248999
      249082
      249165
      249195
      249260
      249305
      249306
      249307
      249319
      249380
      249465
      249491
      249524
      249527
      249573
      249637
      249674
      249753
      249785
      249813
      249870
      249939
      250000
      250071
      250153
      250232
      250303
      250381
      250423
      250505
      250535
      250596
      250682
      250776
      250844
      250922
      250984
      251071
      251108
      251200
      251255
      251336
      251336
      251402
      251498
      251514
      251533
      251628
      251678
      251700
      251746
      251795
      251883
      251925
      252015
      252107
      252156
      252248
      252277
      252314
      252383
      252400
      252404
      252443
      252460
      252483
      252531
      252542
      252593
      252617
      252676
      252752
      252778
      252866
      252908
      252982
      252994
      253021
      253043
      253088
      253177
      253231
      253257
      253353
      253369
      253427
      253514
      253609
      253659
      253723
      253815
      253887
      253969
      254063
      254124
      254211
      254235
      254323
      254388
      254405
      254439
      254513
      254601
      254693
      254775
      254807
      254854
      254875
      254968
      255002
      255054
      255055
      255057
      255106
      255129
      255133
      255155
      255179
      255238
      255279
      255367
      255464
      255523
      255566
      255662
      255702
      255703
      255731
      255766
      255850
      255915
      255925
      255929
      255972
      256020
      256058
      256152
      256169
      256243
      256269
      256332
      256399
      256446
      256520
      256545
      256566
      256604
      256626
      256680
      256734
      256789
      256817
      256841
      256887
      256955
      256985
      257080
      257121
      257136
      257210
      257225
      257322
      257334
      257355
      257364
      257402
      257450
      257544
      257615
      257656
      257729
      257793
      257860
      257912
      257968
      258009
      258024
      258085
      258177
      258190
      258272
      258318
      258379
      258434
      258479
      258556
      258635
      258698
      258776
      258832
      258872
      258887
      258896
      258932
      258949
      258964
      258979
      259012
      259075
      259075
      259163
      259171
      259186
      259208
      259277
      259285
      259353
      259413
      259420
      259497
      259544
      259637
      259657
      259716
      259781
      259841
      259914
      259994
      260042
      260095
      260097
      260150
      260178
      260227
      260305
      260307
      260366
      260393
      260393
      260455
      260550
      260630
      260631
      260675
      260690
      260691
      260701
      260707
      260773
      260848
      260911
      260965
      261033
      261100
      261189
      261214
      261228
      261237
      261246
      261258
      261317
      261407
      261470
      261518
      261581
      261589
      261676
      261711
      261769
      261866
      261881
      261943
      261963
      261987
      262027
      262103
      262111
      262111
      262205
      262245
      262281
      262293
      262375
      262468
      262490
      262516
      262562
      262594
      262619
      262686
      262775
      262846
      262914
      262981
      263063
      263132
      263166
      263213
      263236
      263280
      263326
      263353
      263411
      263476
      263525
      263577
      263655
      263684
      263696
      263715
      263749
      263842
      263847
      263930
      264010
      264034
      264071
      264144
      264177
      264200
      264270
      264350
      264414
      264463
      264534
      264536
      264566
      264663
      264724
      264725
      264753
      264753
      264807
      264881
      264893
      264925
      265011
      265101
      265147
      265170
      265230
      265230
      265318
      265369
      265415
      265447
      265533
      265543
      265585
      265632
      265661
      265717
      265769
      265865
      265865
      265886
      265933
      265937
      266033
      266089
      266134
      266183
      266239
      266287
      266300
      266302
      266401
      266420
      266463
      266539
      266568
      266583
      266669
      266699
      266788
      266832
      266835
      266872
      266932
      267005
      267039
      267044
      267078
      267163
      267233
      267284
      267378
      267387
      267405
      267416
      267424
      267518
      267602
      267668
      267755
      267782
      267879
      267916
      267924
      268001
      268060
      268081
      268146
      268159
      268186
      268201
      268299
      268339
      268362
      268460
      268499
      268556
      268579
      268676
      268679
      268777
      268826
      268874
      268922
      268935
      269017
      269027
      269082
      269099
      269135
      269191
      269232
      269239
      269272
      269290
      269331
      269379
      269457
      269457
      269518
      269600
      269689
      269717
      269736
      269826
      269881
      269921
      269988
      270009
      270032
      270041
      270111
      270192
      270229
      270320
      270356
      270413
      270497
      270511
      270514
      270613
      270685
      270715
      270761
      270825
      270865
      270918
      270920
      270980
      271063
      271116
      271196
      271247
      271269
      271302
      271353
      271438
      271527
      271552
      271627
      271632
      271656
      271661
      271741
      271774
      271800
      271884
      271979
      272078
      272159
      272199
      272199
      272284
      272366
      272368
      272387
      272466
      272506
      272568
      272575
      272578
      272579
      272663
      272750
      272781
      272849
      272931
      272985
      273001
      273036
      273129
      273207
      273243
      273299
      273358
      273389
      273403
      273415
      273451
      273526
      273560
      273581
      273667
      273675
      273762
      273820
      273832
      273874
      273969
      274024
      274060
      274119
      274166
      274233
      274263
      274263
      274289
      274364
      274378
      274378
      274473
      274539
      274610
      274664
      274725
      274736
      274759
      274791
      274793
      274861
      274946
      275007
      275022
      275075
      275116
      275166
      275174
      275248
      275323
      275352
      275358
      275364
      275398
      275422
      275447
      275464
      275491
      275511
      275512
      275571
      275573
      275656
      275750
      275814
      275913
      275992
      276052
      276113
      276130
      276162
      276231
      276242
      276266
      276338
      276405
      276417
      276429
      276433
      276434
      276503
      276575
      276614
      276708
      276752
      276813
      276895
      276976
      277026
      277058
      277070
      277136
      277147
      277209
      277234
      277274
      277330
      277335
      277381
      277398
      277422
      277498
      277575
      277634
      277719
      277796
      277805
      277899
      277995
      278042
      278057
      278074
      278122
      278173
      278243
      278258
      278350
      278446
      278543
      278623
      278722
      278792
      278833
      278913
      278947
      279032
      279055
      279116
      279146
      279150
      279181
      279236
      279331
      279392
      279408
      279445
      279504
      279518
      279613
      279668
      279676
      279702
      279774
      279863
      279865
      279938
      280016
      280108
      280158
      280219
      280221
      280275
      280367
      280421
      280496
      280513
      280536
      280571
      280631
      280705
      280745
      280770
      280791
      280814
      280850
      280942
      280984
      281072
      281165
      281165
      281201
      281217
      281305
      281401
      281439
      281521
      281576
      281645
      281679
      281743
      281837
      281923
      281972
      282035
      282081
      282149
      282213
      282257
      282265
      282290
      282291
      282356
      282364
      282449
      282458
      282555
      282591
      282672
      282717
      282767
      282808
      282842
      282938
      282983
      283062
      283065
      283151
      283208
      283259
      283262
      283329
      283406
      283440
      283522
      283561
      283643
      283711
      283715
      283739
      283752
      283787
      283855
      283912
      283942
      284030
      284101
      284151
      284241
      284310
      284320
      284341
      284413
      284501
      284521
      284546
      284622
      284650
      284659
      284711
      284751
      284792
      284837
      284843
      284863
      284872
      284875
      284970
      284987
      285006
      285039
      285103
      285138
      285228
      285228
      285294
      285304
      285340
      285366
      285418
      285498
      285577
      285667
      285755
      285817
      285878
      285957
      286018
      286077
      286137
      286156
      286238
      286294
      286296
      286364
      286449
      286538
      286552
      286568
      286568
      286651
      286656
      286730
      286787
      286882
      286925
      286985
      287061
      287151
      287200
      287249
      287249
      287325
      287372
      287470
      287477
      287567
      287619
      287639
      287729
      287798
      287882
      287912
      287922
      287997
      288037
      288112
      288158
      288217
      288247
      288252
      288312
      288348
      288427
      288510
      288541
      288592
      288610
      288660
      288689
      288761
      288844
      288908
      288956
      288968
      288973
      288995
      289048
      289102
      289160
      289241
      289267
      289316
      289412
      289474
      289494
      289555
      289625
      289659
      289683
      289695
      289794
      289828
      289907
      289977
      290052
      290064
      290104
      290194
      290217
      290275
      290326
      290418
      290489
      290506
      290604
      290677
      290678
      290766
      290809
      290900
      290903
      290952
      290998
      291057
      291141
      291215
      291233
      291292
      291293
      291354
      291434
      291504
      291595
      291634
      291683
      291769
      291850
      291939
      291965
      291999
      292087
      292164
      292248
      292268
      292278
      292326
      292423
      292447
      292461
      292500
      292580
      292679
      292707
      292781
      292825
      292908
      292937
      293015
      293097
      293133
      293190
      293266
      293364
      293442
      293502
      293583
      293657
      293743
      293839
      293911
      293945
      294015
      294104
      294147
      294206
      294235
      294279
      294349
      294441
      294527
      294603
      294698
      294740
      294745
      294817
      294869
      294875
      294940
      295035
      295094
      295167
      295206
      295208
      295256
      295281
      295282
      295376
      295451
      295454
      295547
      295569
      295611
      295645
      295646
      295692
      295708
      295795
      295835
      295910
      295921
      295979
      296033
      296068
      296088
      296146
      296203
      296260
      296261
      296296
      296359
      296458
      296492
      296581
      296679
      296710
      296767
      296768
      296846
      296892
      296966
      297019
      297105
      297131
      297187
      297278
      297325
      297392
      297443
      297486
      297503
      297520
      297583
      297665
      297683
      297704
      297730
      297816
      297862
      297923
      297957
      297966
      298034
      298048
      298136
      298161
      298197
      298207
      298223
      298290
      298329
      298379
      298436
      298454
      298454
      298469
      298497
      298589
      298667
      298672
      298728
      298799
      298854
      298932
      298957
      299006
      299014
      299056
      299145
      299165
      299220
      299229
      299320
      299320
      299359
      299441
      299459
      299486
      299522
      299557
      299577
      299614
      299629
      299688
      299742
      299796
      299804
      299833
      299916
      299990
      299991
      300008
      300038
      300106
      300170
      300251
      300335
      300429
      300432
      300432
      300531
      300603
      300641
      300673
      300761
      300834
      300859
      300886
      300902
      300919
      300997
      301043
      301102
      301154
      301209
      301239
      301334
      301349
      301405
      301459
      301513
      301586
      301592
      301597
      301632
      301635
      301664
      301682
      301727
      301781
      301792
      301841
      301853
      301936
      302021
      302073
      302154
      302211
      302219
      302298
      302319
      302403
      302409
      302475
      302569
      302627
      302628
      302678
      302729
      302750
      302778
      302781
      302805
      302849
      302933
      303024
      303077
      303120
      303201
      303226
      303310
      303336
      303382
      303457
      303516
      303568
      303653
      303711
      303723
      303737
      303791
      303818
      303877
      303958
      304012
      304093
      304124
      304220
      304279
      304292
      304373
      304392
      304393
      304462
      304538
      304623
      304677
      304755
      304843
      304896
      304941
      305020
      305036
      305126
      305180
      305219
      305282
      305310
      305383
      305406
      305413
      305442
      305490
      305582
      305672
      305732
      305805
      305880
      305964
      305994
      306069
      306094
      306172
      306185
      306254
      306349
      306393
      306399
      306420
      306439
      306466
      306466
      306535
      306587
      306601
      306650
      306715
      306778
      306859
      306875
      306968
      307040
      307057
      307129
      307228
      307274
      307304
      307398
      307411
      307437
      307471
      307561
      307580
      307623
      307722
      307788
      307801
      307886
      307931
      308024
      308034
      308048
      308118
      308200
      308231
      308289
      308354
      308436
      308533
      308631
      308671
      308735
      308738
      308793
      308814
      308825
      308908
      308986
      308994
      309091
      309105
      309154
      309228
      309272
      309350
      309424
      309494
      309577
      309648
      309743
      309833
      309907
      309935
      309939
      310031
      310116
      310154
      310228
      310277
      310334
      310364
      310386
      310419
      310460
      310545
      310601
      310650
      310695
      310775
      310794
      310813
      310858
      310862
      310891
      310935
      311028
      311062
      311141
      311207
      311248
      311276
      311310
      311349
      311448
      311459
      311550
      311574
      311609
      311660
      311696
      311750
      311766
      311775
      311856
      311910
      311957
      311967
      312028
      312074
      312105
      312110
      312184
      312239
      312293
      312356
      312432
      312511
      312571
      312603
      312610
      312648
      312649
      312662
      312700
      312720
      312755
      312787
      312817
      312871
      312899
      312913
      312982
      313073
      313168
      313245
      313293
      313343
      313351
      313392
      313486
      313531
      313563
      313606
      313624
      313722
      313809
      313878
      313894
      313913
      313993
      314047
      314060
      314103
      314111
      314126
      314201
      314296
      314378
      314394
      314449
      314450
      314523
      314536
      314558
      314640
      314680
      314705
      314746
      314757
      314797
      314865
      314881
      314966
      315004
      315053
      315079
      315174
      315207
      315228
      315303
      315364
      315461
      315509
      315547
      315569
      315665
      315707
      315757
      315791
      315834
      315861
      315931
      315978
      316020
      316041
      316130
      316142
      316189
      316216
      316311
      316380
      316446
      316478
      316484
      316547
      316600
      316634
      316686
      316748
      316803
      316862
      316874
      316937
      316983
      317003
      317058
      317101
      317141
      317178
      317265
      317338
      317375
      317402
      317420
      317440
      317539
      317606
      317634
      317733
      317737
      317806
      317871
      317873
      317949
      317972
      318060
      318156
      318254
      318281
      318292
      318309
      318313
      318349
      318366
      318454
      318479
      318506
      318593
      318689
      318756
      318775
      318776
      318806
      318893
      318975
      319004
      319070
      319094
      319128
      319130
      319216
      319253
      319316
      319408
      319415
      319492
      319539
      319605
      319647
      319716
      319762
      319762
      319847
      319881
      319916
      319938
      320008
      320019
      320036
      320095
      320192
      320202
      320249
      320311
      320381
      320393
      320476
      320509
      320544
      320640
      320689
      320739
      320803
      320816
      320822
      320890
      320959
      320980
      321044
      321087
      321162
      321211
      321302
      321329
      321355
      321376
      321446
      321522
      321579
      321594
      321661
