          86
         148
         181
         195
         263
         271
         331
         374
         404
         442
         482
         515
         534
         616
         710
         742
         770
         855
         926
         928
         944
        1001
        1029
        1037
        1083
        1088
        1178
        1197
        1230
        1264
        1270
        1357
        1359
        1436
        1517
        1529
        1580
        1605
        1609
        1707
        1712
        1758
        1776
        1847
        1914
        1921
        2006
        2036
        2123
        2173
        2187
        2210
        2234
        2297
        2354
        2419
        2419
        2434
        2500
        2541
        2550
        2578
        2673
        2770
        2845
        2919
        2973
        3059
        3107
        3189
        3247
        3312
        3344
        3384
        3480
        3502
        3548
        3604
        3665
        3712
        3808
        3833
        3886
        3982
        3999
        4057
        4089
        4183
        4259
        4289
        4298
        4383
        4402
        4428
        4517
        4588
        4675
        4687
        4770
        4780
        4799
        4898
        4952
        5004
        5080
        5096
        5145
        5196
        5217
        5304
        5314
        5334
        5335
        5413
        5441
        5491
        5524
        5537
        5632
        5642
        5660
        5751
        5847
        5905
        5960
        6008
        6101
        6133
        6179
        6225
        6259
        6303
        6316
        6359
        6390
        6438
        6442
        6460
        6540
        6545
        6566
        6633
        6704
        6711
        6721
        6798
        6852
        6880
        6882
        6977
        7063
        7076
        7160
        7196
        7278
        7307
        7320
        7351
        7362
        7396
        7465
        7517
        7558
        7622
        7622
        7634
        7667
        7685
        7693
        7759
        7790
        7846
        7878
        7936
        7936
        7991
        8012
        8056
        8128
        8207
        8276
        8301
        8316
        8345
        8432
        8436
        8506
        8546
        8608
        8633
        8703
        8755
        8805
        8814
        8840
        8908
        8924
        9020
        9079
        9125
        9151
        9215
        9266
        9347
        9380
        9438
        9491
        9545
        9618
        9663
        9674
        9742
        9776
        9805
        9887
        9935
        9986
       10023
       10065
       10082
       10086
       10167
       10210
       10287
       10335
       10388
       10414
       10497
       10517
       10551
       10598
       10618
       10637
       10727
       10775
       10818
       10865
       10940
       11025
       11111
       11205
       11268
       11282
       11326
       11357
       11377
       11461
       11541
       11561
       11576
       11595
       11690
       11692
       11784
       11835
       11875
       11896
       11959
       12052
       12118
       12199
       12200
       12212
       12260
       12278
       12325
       12369
       12377
       12461
       12474
       12551
       12555
       12558
       12636
       12723
       12766
       12855
       12938
       12959
       13031
       13035
       13053
       13088
       13090
       13109
       13126
       13220
       13244
       13291
       13365
       13379
       13414
       13447
       13450
       13518
       13593
       13635
       13724
       13813
       13885
       13928
       13963
       14013
       14073
       14141
       14141
       14231
       14285
       14361
       14423
       14502
       14507
       14556
       14652
       14669
       14751
       14800
       14874
       14949
       14990
       15087
       15168
       15184
       15277
       15296
       15346
       15437
       15444
       15534
       15618
       15636
       15726
       15744
       15745
       15776
       15834
       15893
       15968
       16034
       16086
       16159
       16243
       16263
       16322
       16346
       16415
       16447
       16543
       16625
       16722
       16738
       16837
       16864
       16899
       16954
       17014
       17060
       17131
       17190
       17250
       17250
       17338
       17365
       17394
       17434
       17485
       17531
       17586
       17643
       17706
       17801
       17884
       17973
       18059
       18067
       18146
       18241
       18252
       18264
       18321
       18330
       18398
       18420
       18427
       18497
       18543
       18610
       18687
       18754
       18816
       18819
       18885
       18932
       18939
       19003
       19067
       19070
       19122
       19211
       19309
       19377
       19394
       19401
       19405
       19437
       19524
       19580
       19617
       19690
       19699
       19797
       19798
       19802
       19891
       19972
       19995
       20072
       20108
       20192
       20286
       20317
       20405
       20460
       20477
       20496
       20542
       20592
       20682
       20701
       20767
       20800
       20850
       20942
       20963
       20965
       21010
       21059
       21082
       21173
       21270
       21278
       21332
       21398
       21401
       21449
       21499
       21512
       21597
       21599
       21608
       21671
       21715
       21717
       21769
       21774
       21798
       21847
       21900
       21996
       22068
       22126
       22186
       22203
       22266
       22281
       22365
       22419
       22419
       22474
       22513
       22571
       22646
       22649
       22681
       22704
       22795
       22867
       22944
       23028
       23059
       23100
       23173
       23179
       23188
       23215
       23220
       23244
       23325
       23407
       23464
       23546
       23558
       23606
       23683
       23723
       23763
       23783
       23847
       23905
       23983
       24028
       24032
       24126
       24189
       24264
       24321
       24399
       24420
       24424
       24508
       24561
       24602
       24619
       24685
       24741
       24832
       24878
       24957
       24974
       25050
       25087
       25183
       25198
       25214
       25289
       25308
       25348
       25369
       25418
       25517
       25582
       25653
       25683
       25711
       25764
       25771
       25866
       25882
       25913
       25940
       25976
       26045
       26083
       26139
       26211
       26251
       26264
       26317
       26348
       26423
       26437
       26445
       26493
       26560
       26568
       26606
       26693
       26736
       26790
       26827
       26882
       26898
       26935
       27015
       27107
       27184
       27188
       27250
       27304
       27335
       27430
       27512
       27513
       27526
       27601
       27628
       27682
       27693
       27739
       27745
       27818
       27871
       27879
       27916
       27987
       27996
       28073
       28151
       28247
       28299
       28381
       28395
       28473
       28564
       28617
       28670
       28743
       28819
       28891
       28914
       28952
       28954
       29048
       29136
       29229
       29294
       29375
       29405
       29427
       29515
       29604
       29650
       29661
       29668
       29697
       29738
       29753
       29781
       29872
       29939
       29997
       30096
       30112
       30179
       30241
       30286
       30345
       30436
       30438
       30479
       30537
       30573
       30578
       30627
       30707
       30710
       30771
       30780
       30845
       30935
       31010
       31104
       31170
       31220
       31235
       31282
       31334
       31385
       31387
       31388
       31426
       31452
       31458
       31518
       31610
       31691
       31769
       31837
       31856
       31891
       31943
       32011
       32047
       32124
       32144
       32144
       32190
       32275
       32336
       32418
       32510
       32579
       32628
       32695
       32756
       32814
       32892
       32899
       32921
       33012
       33025
       33063
       33113
       33195
       33275
       33321
       33387
       33387
       33396
       33472
       33534
       33552
       33571
       33658
       33701
       33798
       33806
       33880
       33927
       33991
       33998
       34051
       34062
       34122
       34205
       34276
       34358
       34407
       34446
       34535
       34568
       34582
       34623
       34685
       34692
       34747
       34819
       34906
       34970
       35005
       35012
       35036
       35081
       35160
       35241
       35332
       35406
       35464
       35468
       35518
       35611
       35689
       35744
       35758
       35806
       35873
       35878
       35928
       36013
       36059
       36062
       36125
       36206
       36214
       36251
       36265
       36277
       36286
       36355
       36361
       36405
       36503
       36522
       36605
       36667
       36716
       36775
       36817
       36857
       36908
       36943
       37011
       37084
       37152
       37172
       37233
       37286
       37322
       37415
       37480
       37567
       37635
       37707
       37727
       37759
       37781
       37832
       37877
       37920
       37958
       38017
       38082
       38086
       38170
       38249
       38280
       38298
       38349
       38397
       38494
       38568
       38604
       38703
       38777
       38873
       38960
       39048
       39134
       39151
       39214
       39282
       39347
       39434
       39456
       39505
       39585
       39590
       39639
       39668
       39687
       39719
       39724
       39787
       39875
       39921
       39996
       40094
       40187
       40200
       40257
       40345
       40352
       40384
       40479
       40482
       40531
       40549
       40627
       40674
       40742
       40801
       40852
       40890
       40915
       41009
       41067
       41128
       41130
       41136
       41173
       41204
       41289
       41371
       41465
       41506
       41510
       41571
       41624
       41695
       41770
       41835
       41884
       41930
       42011
       42060
       42097
       42158
       42160
       42197
       42201
       42280
       42345
       42364
       42372
       42439
       42528
       42611
       42698
       42731
       42773
       42796
       42850
       42897
       42968
       43033
       43049
       43136
       43177
       43270
       43281
       43312
       43348
       43420
       43491
       43515
       43522
       43524
       43568
       43635
       43695
       43766
       43811
       43840
       43840
       43939
       44008
       44062
       44115
       44191
       44274
       44304
       44329
       44387
       44439
       44464
       44491
       44527
       44596
       44600
       44669
       44729
       44770
       44776
       44825
       44873
       44966
       45049
       45137
       45141
       45216
       45278
       45345
       45412
       45413
       45500
       45527
       45612
       45664
       45687
       45742
       45783
       45798
       45881
       45926
       45947
       45960
       46021
       46079
       46123
       46195
       46241
       46271
       46348
       46371
       46448
       46502
       46590
       46624
       46712
       46797
       46884
       46893
       46895
       46904
       46916
       46993
       47049
       47102
       47105
       47197
       47262
       47338
       47406
       47413
       47493
       47520
       47574
       47579
       47623
       47705
       47760
       47776
       47849
       47936
       48017
       48076
       48144
       48209
       48256
       48267
       48301
       48387
       48475
       48527
       48595
       48678
       48698
       48732
       48807
       48883
       48972
       49045
       49083
       49139
       49180
       49244
       49311
       49330
       49398
       49443
       49486
       49552
       49573
       49620
       49635
       49636
       49661
       49697
       49714
       49733
       49787
       49846
       49924
       49960
       50054
       50101
       50178
       50250
       50279
       50312
       50367
       50409
       50506
       50562
       50611
       50643
       50656
       50669
       50686
       50756
       50838
       50925
       50972
       51021
       51028
       51101
       51173
       51250
       51304
       51378
       51403
       51449
       51545
       51633
       51715
       51765
       51827
       51867
       51870
       51888
       51935
       51972
       52004
       52071
       52073
       52160
       52247
       52321
       52411
       52428
       52432
       52472
       52481
       52573
       52591
       52628
       52649
       52720
       52816
       52911
       52923
       52974
       52980
       52996
       53016
       53020
       53058
       53059
       53131
       53153
       53243
       53248
       53296
       53319
       53375
       53470
       53523
       53545
       53588
       53605
       53616
       53645
       53744
       53826
       53910
       53950
       54008
       54070
       54145
       54208
       54235
       54277
       54320
       54395
       54405
       54446
       54448
       54504
       54518
       54548
       54562
       54567
       54613
       54619
       54694
       54789
       54819
       54840
       54929
       55025
       55071
       55104
       55168
       55175
       55262
       55327
       55372
       55416
       55501
       55516
       55544
       55620
       55654
       55679
       55716
       55801
       55824
       55860
       55895
       55921
       55971
       55999
       56044
       56077
       56118
       56185
       56188
       56198
       56268
       56305
       56384
       56439
       56500
       56544
       56545
       56571
       56573
       56636
       56656
       56750
       56813
       56835
       56869
       56907
       56964
       56995
       57004
       57064
       57137
       57231
       57242
       57293
       57328
       57369
       57451
       57513
       57544
       57579
       57661
