          40
         110
         110
         129
         173
         260
         293
         356
         441
         532
         604
         636
         700
         729
         828
         919
        1005
        1090
        1100
        1165
        1191
        1206
        1260
        1320
        1410
        1411
        1484
        1516
        1584
        1612
        1675
        1770
        1826
        1854
        1884
        1922
        2006
        2035
        2093
        2152
        2242
        2299
        2338
        2413
        2439
        2466
        2560
        2598
        2631
        2694
        2709
        2732
        2785
        2813
        2839
        2859
        2887
        2963
        3017
        3094
        3183
        3268
        3274
        3353
        3365
        3413
        3504
        3576
        3590
        3636
        3646
        3734
        3763
        3844
        3878
        3911
        3989
        4040
        4063
        4148
        4165
        4198
        4240
        4265
        4281
        4374
        4400
        4453
        4505
        4511
        4606
        4651
        4654
        4725
        4788
        4802
        4855
        4886
        4965
        5041
        5042
        5118
        5168
        5239
        5321
        5326
        5371
        5450
        5520
        5520
        5531
        5557
        5622
        5664
        5746
        5768
        5851
        5901
        5947
        5950
        6007
        6076
        6080
        6084
        6167
        6229
        6261
        6337
        6363
        6458
        6517
        6606
        6622
        6657
        6752
        6799
        6854
        6891
        6904
        6960
        7031
        7056
        7116
        7165
        7249
        7256
        7354
        7392
        7446
        7454
        7493
        7522
        7577
        7669
        7739
        7784
        7841
        7864
        7879
        7943
        7966
        7974
        8022
        8068
        8130
        8226
        8253
        8329
        8330
        8361
        8416
        8464
        8526
        8621
        8658
        8726
        8741
        8814
        8825
        8901
        8901
        8920
        8963
        8976
        8990
        9088
        9125
        9165
        9262
        9349
        9394
        9492
        9526
        9540
        9589
        9614
        9685
        9742
        9770
        9780
        9813
        9896
        9927
        9945
       10001
       10025
       10047
       10099
       10122
       10182
       10226
       10290
       10319
       10345
       10366
       10426
       10456
       10541
       10559
       10623
       10666
       10673
       10762
       10849
       10876
       10883
       10937
       11029
       11035
       11076
       11146
       11239
       11307
       11313
       11367
       11388
       11420
       11457
       11552
       11580
       11636
       11720
       11806
       11816
       11886
       11918
       12010
       12020
       12020
       12042
       12106
       12141
       12218
       12236
       12261
       12304
       12387
       12387
       12398
       12450
       12466
       12524
       12622
       12659
       12698
       12706
       12799
       12851
       12942
       13019
       13092
       13189
       13239
       13309
       13351
       13361
       13403
       13412
       13494
       13582
       13631
       13722
       13815
       13868
       13938
       13968
       13999
       14003
       14008
       14045
       14061
       14127
       14205
       14244
       14267
       14279
       14289
       14301
       14362
       14383
       14432
       14446
       14524
       14547
       14587
       14600
       14653
       14720
       14806
       14835
       14868
       14920
       14945
       15029
       15038
       15105
       15163
       15230
       15234
       15277
       15318
       15381
       15437
       15472
       15564
       15660
       15704
       15726
       15823
       15915
       15942
       15948
       16011
       16043
       16116
       16177
       16235
       16236
       16243
       16318
       16394
       16430
       16442
       16475
       16554
       16567
       16600
       16601
       16633
       16724
       16817
       16862
       16924
       16941
       16989
       17033
       17093
       17116
       17213
       17236
       17307
       17371
       17427
       17488
       17504
       17534
       17566
       17591
       17623
       17651
       17703
       17751
       17784
       17807
       17873
       17972
       17987
       18023
       18028
       18123
       18210
       18298
       18390
       18410
       18493
       18588
       18641
       18652
       18708
       18781
       18826
       18905
       19002
       19023
       19046
       19059
       19156
       19208
       19282
       19283
       19343
       19405
       19487
       19504
       19565
       19627
       19711
       19756
       19816
       19816
       19821
       19873
       19893
       19977
       19995
       20084
       20121
       20180
       20259
       20340
       20406
       20498
       20568
       20659
       20700
       20795
       20887
       20930
       20953
       20995
       21091
       21094
       21183
       21207
       21255
       21321
       21327
       21362
       21443
       21498
       21568
       21594
       21629
       21666
       21743
       21749
       21831
       21902
       21944
       22011
       22095
       22138
       22147
       22221
       22225
       22288
       22314
       22316
       22386
       22410
       22425
       22503
       22555
       22581
       22673
       22688
       22689
       22770
       22823
       22898
       22973
       23046
       23094
       23152
       23225
       23286
       23355
       23434
       23452
       23501
       23588
       23678
       23684
       23748
       23766
       23828
       23830
       23914
       23960
       24039
       24043
       24097
       24196
       24289
       24374
       24451
       24452
       24512
       24564
       24609
       24611
       24678
       24704
       24753
       24785
       24832
       24873
       24967
       25018
       25081
       25178
       25229
       25258
       25331
       25366
       25449
       25484
       25499
       25598
       25645
       25667
       25704
       25711
       25718
       25813
       25851
       25916
       25998
       26033
       26075
       26101
       26158
       26163
       26227
       26230
       26268
       26326
       26388
       26397
       26406
       26424
       26429
       26482
       26482
       26516
       26561
       26601
       26648
       26731
       26791
       26798
       26821
       26912
       26960
       27005
       27007
       27105
       27112
       27178
       27231
       27309
       27403
       27484
       27569
       27611
       27639
       27724
       27737
       27813
       27894
       27980
       28021
       28089
       28137
       28226
       28255
       28333
       28388
       28431
       28497
       28573
       28585
       28587
       28593
       28627
       28687
       28742
       28804
       28848
       28883
       28973
       29066
       29147
       29177
       29178
       29210
       29283
       29339
       29433
       29500
       29555
       29600
       29619
       29677
       29727
       29730
       29764
       29770
       29852
       29911
       29946
       30014
       30064
       30157
       30194
       30291
       30341
       30404
       30440
       30480
       30533
       30535
       30560
       30641
       30668
       30736
       30745
       30768
       30844
       30877
       30895
       30958
       31009
       31095
       31130
       31131
       31197
       31292
       31303
       31329
       31421
       31493
       31589
       31667
       31762
       31845
       31850
       31874
       31909
       31925
       31957
       32054
       32082
       32120
       32215
       32276
       32298
       32355
       32425
       32426
       32459
       32547
       32628
       32646
       32659
       32671
       32679
       32717
       32763
       32857
       32913
       32974
       33070
       33139
       33181
       33228
       33262
       33327
       33370
       33399
       33492
       33509
       33602
       33650
       33655
       33656
       33683
       33720
       33793
       33795
       33853
       33919
       33995
       33996
       34070
       34075
       34145
       34159
       34208
       34295
       34317
       34397
       34480
       34507
       34533
       34601
       34649
       34660
       34664
       34752
       34810
       34896
       34915
       34941
       35026
       35086
       35184
       35187
       35282
       35330
       35426
       35438
       35477
       35574
       35583
       35594
       35605
       35627
       35716
       35739
       35743
       35755
       35767
       35830
       35906
       35980
       36002
       36015
       36105
       36135
       36191
       36205
       36221
       36250
       36264
       36323
       36360
       36399
       36427
       36441
       36486
       36540
       36568
       36568
       36600
       36658
       36744
       36815
       36856
       36928
       36953
       36995
       37077
       37116
       37171
       37183
       37200
       37266
       37310
       37378
       37446
       37455
       37545
       37607
       37618
       37694
       37784
       37867
       37889
       37952
       38040
       38068
       38072
       38087
       38176
       38181
       38236
       38274
       38313
       38347
       38432
       38524
       38525
       38558
       38633
       38700
       38705
       38788
       38841
       38914
       38934
       39031
       39114
       39171
       39217
       39273
       39302
       39355
       39420
       39511
       39520
       39561
       39591
       39601
       39656
       39694
       39760
       39772
       39825
       39848
       39874
       39877
       39900
       39961
       40023
       40081
       40170
       40228
       40292
       40293
       40313
       40347
       40366
       40457
       40541
       40612
       40658
       40711
       40804
       40869
       40873
       40954
       41010
       41012
       41021
       41037
       41039
       41103
       41129
       41132
       41228
       41303
       41393
       41393
       41434
       41446
       41478
       41538
       41538
       41581
       41624
       41632
       41708
       41760
       41825
       41907
       42001
       42038
       42067
       42082
       42143
       42233
       42306
       42326
       42412
       42441
       42497
       42581
       42664
       42728
       42742
       42823
       42879
       42899
       42944
       43031
       43103
       43155
       43203
       43210
       43279
       43294
       43372
       43454
       43532
       43594
       43653
       43656
       43672
       43769
       43794
       43874
       43928
       43964
       44036
       44054
       44073
       44149
       44245
       44325
       44398
       44483
       44496
       44503
       44572
       44575
       44585
       44619
       44709
       44779
       44850
       44937
       44939
       44947
       44956
       45008
       45093
       45168
       45171
       45225
       45265
       45351
       45446
       45452
       45470
       45504
       45597
       45652
       45720
       45751
       45832
       45896
       45954
       45955
       46008
       46103
       46188
       46238
       46324
       46372
       46378
       46470
       46473
       46560
       46562
       46630
       46699
       46775
       46868
       46935
       46935
       46984
       47019
       47066
       47114
       47146
       47220
       47303
       47372
       47450
       47494
       47554
       47595
       47669
       47751
       47765
       47808
       47883
       47976
       47999
       48020
       48075
       48109
       48140
       48153
       48157
       48203
       48241
       48245
       48276
       48370
       48463
       48503
       48543
       48564
       48600
       48629
       48659
       48757
       48770
       48821
       48881
       48938
       49034
       49122
       49183
       49213
       49259
       49351
       49377
       49470
       49530
       49534
       49591
       49596
       49672
       49735
       49792
       49861
       49881
       49959
       49959
       49984
       50069
       50071
       50091
       50138
       50189
       50248
       50272
       50320
       50409
       50418
       50466
       50477
       50556
       50606
       50671
       50746
       50789
       50799
       50834
       50837
       50875
       50911
       50970
       51039
       51039
       51120
       51207
       51260
       51279
       51313
       51411
       51495
       51546
       51623
       51660
       51679
       51755
       51766
       51865
       51909
       51943
       52013
       52102
       52123
       52218
       52295
       52371
       52414
       52460
       52470
       52512
       52522
       52550
       52553
       52624
       52685
       52700
       52741
       52796
       52885
       52948
       53029
       53083
       53116
       53169
       53232
       53319
       53345
       53405
       53450
       53501
       53559
       53630
       53729
       53789
       53797
       53892
       53981
       54072
       54171
       54248
       54259
       54342
       54438
       54448
       54482
       54581
       54679
       54730
       54732
       54827
       54857
       54901
       54948
       55016
       55022
       55026
       55027
       55074
       55151
       55245
       55298
       55346
       55423
       55500
       55590
       55634
       55646
       55740
       55782
       55784
       55883
       55917
       55979
       56035
       56038
       56078
       56154
       56242
       56243
       56262
       56346
       56409
       56455
       56531
       56532
       56537
       56607
       56610
       56612
       56688
       56756
       56780
       56876
       56879
       56937
       56983
       57026
       57074
       57077
       57111
       57203
       57224
       57239
       57284
       57299
       57348
       57404
       57486
       57548
       57548
       57563
       57640
       57657
       57720
       57724
       57747
       57797
       57802
       57876
       57917
       57965
       57975
       57998
       58060
       58150
       58176
       58262
       58310
       58343
       58374
       58383
       58482
       58528
       58613
       58662
       58703
       58798
       58840
       58918
       58978
       58994
       59056
       59126
       59150
       59156
       59250
       59343
       59377
       59470
       59559
       59562
       59609
       59694
       59760
       59821
       59918
       59951
       59955
       60013
       60096
       60195
       60275
       60359
       60424
       60439
       60483
       60522
       60565
       60617
       60665
       60690
       60698
       60764
       60848
       60872
       60944
       60987
       61026
       61124
       61145
       61199
       61239
       61295
       61319
       61410
       61440
       61442
       61498
       61545
       61598
       61647
       61707
       61780
       61822
       61916
       61951
       61952
       61961
       61976
       62046
       62068
       62142
       62153
       62192
       62196
       62213
       62255
       62353
       62385
       62443
       62449
       62451
       62464
       62496
       62546
       62570
       62666
       62731
       62754
       62827
       62853
       62897
       62973
       63037
       63102
       63180
       63263
       63318
       63360
       63445
       63495
       63499
       63578
       63627
       63677
       63704
       63717
       63735
       63811
       63860
       63876
       63940
       63979
       64074
       64140
       64156
       64229
       64241
       64252
       64263
       64326
       64342
       64416
       64445
       64516
       64545
       64576
       64651
       64713
       64782
       64817
       64819
       64820
       64820
       64829
       64864
       64919
       64996
       65050
       65121
       65143
       65203
       65233
       65291
       65310
       65378
       65393
       65416
       65466
       65541
       65559
       65596
       65625
       65658
       65707
       65786
       65834
       65859
       65876
       65922
       65941
       66012
       66024
       66098
       66157
       66199
       66240
       66253
       66310
       66352
       66403
       66476
       66557
       66580
       66615
       66652
       66729
       66816
       66850
       66948
       66980
       67013
       67080
       67149
       67208
       67304
       67362
       67443
       67504
       67561
       67573
       67653
       67717
       67725
       67754
       67779
       67811
       67904
       67988
       68027
       68031
       68114
       68145
       68164
       68202
       68287
       68337
       68345
       68434
       68452
       68460
       68534
       68550
       68629
       68686
       68754
       68809
       68882
       68944
       69002
       69059
       69068
       69112
       69119
       69157
       69179
       69237
       69259
       69327
       69407
       69466
       69554
       69581
       69584
       69639
       69666
       69700
       69724
       69777
       69780
       69827
       69838
       69923
       69958
       69999
       70042
       70045
       70045
       70077
       70112
       70165
       70238
       70297
       70339
       70368
       70419
       70501
       70530
       70544
       70641
       70723
       70806
       70829
       70835
       70903
       70972
       71069
       71104
       71113
       71158
       71200
       71212
       71213
       71303
       71369
       71396
       71416
       71429
       71499
       71583
       71636
       71727
       71801
       71806
       71866
       71907
       71998
       72032
       72113
       72212
       72264
       72299
       72309
       72326
       72337
       72398
       72410
       72500
       72506
       72520
       72521
       72535
       72555
       72636
       72642
       72714
       72730
       72755
       72841
       72935
       72975
       73021
       73099
       73151
       73217
       73307
       73395
       73402
       73420
       73500
       73508
       73552
       73561
       73654
       73713
       73749
       73795
       73820
       73919
       73985
       74045
       74090
       74160
       74259
       74319
       74372
       74457
       74496
       74572
       74572
       74644
       74730
       74785
       74875
       74932
       75007
       75045
       75053
       75088
       75103
       75183
       75254
       75316
       75343
       75400
       75485
       75542
       75587
       75658
       75670
       75759
       75800
       75853
       75875
       75936
       75983
       76020
       76040
       76062
       76084
       76170
       76203
       76279
       76316
       76371
       76420
       76456
       76527
       76608
       76637
       76666
       76689
       76755
       76802
       76803
       76804
       76863
       76888
       76893
       76977
       77036
       77069
       77094
       77117
       77121
       77172
       77213
       77290
       77385
       77392
       77484
       77555
       77584
       77588
       77683
       77710
       77796
       77808
       77835
       77879
       77919
       77949
       78032
       78124
       78137
       78155
       78170
       78245
       78252
       78300
       78323
       78365
       78398
       78495
       78540
       78636
       78687
       78729
       78803
       78834
       78917
       78921
       78971
       79028
       79101
       79149
       79228
       79232
       79320
       79389
       79395
       79489
       79582
       79634
       79686
       79781
       79800
       79887
       79909
       79963
       80048
       80076
       80080
       80149
       80198
       80248
       80260
       80310
       80351
       80420
       80479
       80545
       80557
       80584
       80618
       80695
       80779
       80787
       80838
       80864
       80899
       80902
       80944
       80952
       80961
       81036
       81078
       81169
       81196
       81275
       81283
       81327
       81375
       81392
       81417
       81445
       81491
       81491
       81541
       81545
       81620
       81661
       81720
       81808
       81850
       81901
       81913
       81959
       82046
       82076
       82139
       82232
       82287
       82305
       82344
       82436
       82510
       82568
       82577
       82628
       82630
       82658
       82734
       82767
       82842
       82926
       83004
       83076
       83174
       83247
       83331
       83345
       83398
       83417
       83508
       83519
       83611
       83657
       83722
       83726
       83807
       83906
       83964
       84003
       84055
       84122
       84194
       84244
       84245
       84329
       84405
       84446
       84487
       84542
       84553
       84644
       84717
       84797
       84836
       84863
       84899
       84927
       85014
       85111
       85156
       85218
       85241
       85242
       85265
       85310
       85342
       85436
       85501
       85571
       85641
       85679
       85691
       85743
       85770
       85867
       85878
       85881
       85934
       85941
       86007
       86031
       86061
       86150
       86201
       86241
       86305
       86346
       86422
       86499
       86534
       86557
       86650
       86665
       86718
       86788
       86877
       86920
       86970
       87035
       87104
       87145
       87195
       87260
       87303
       87309
       87395
       87410
       87449
       87452
       87520
       87539
       87612
       87653
       87747
       87747
       87765
       87769
       87828
       87833
       87926
       88013
       88072
       88097
       88170
       88176
       88236
       88279
       88310
       88316
       88415
       88490
       88565
       88609
       88690
       88704
       88753
       88806
       88844
       88866
       88910
       88927
       88928
       88962
       88967
       89044
       89067
       89091
       89103
       89130
       89160
       89241
       89300
       89319
       89369
       89372
       89395
       89474
       89478
       89536
       89597
       89674
       89696
       89724
       89739
       89799
       89891
       89918
       89919
       89955
       89955
       90043
       90126
       90214
       90283
       90331
       90390
       90443
       90482
       90579
       90581
       90648
       90691
       90770
       90793
       90856
       90882
       90918
       91011
       91034
       91133
       91230
       91242
       91327
       91342
       91425
       91455
       91479
       91550
       91599
       91678
       91750
       91827
       91912
       91919
       92018
       92039
       92130
       92205
       92261
       92337
       92375
       92470
       92503
       92519
       92559
       92592
       92592
       92634
       92701
       92728
       92793
       92865
       92871
       92910
       92982
       93064
       93124
       93163
       93164
       93224
       93274
       93370
       93469
       93536
       93557
       93645
       93691
       93776
       93875
       93883
       93963
       93972
       94000
       94060
       94099
       94169
       94253
       94271
       94370
       94420
       94478
       94528
       94553
       94591
       94649
       94695
       94785
       94786
       94860
       94891
       94940
       94974
       95044
       95104
       95181
       95191
       95233
       95301
       95400
       95402
       95490
       95515
       95559
       95635
       95724
       95811
       95857
       95954
       96031
       96118
       96176
       96265
       96335
       96423
       96474
       96526
       96611
       96662
       96677
       96694
       96770
       96782
       96814
       96890
       96918
       96944
       97036
       97087
       97164
       97253
       97262
       97292
       97365
       97455
       97508
       97552
       97599
       97631
       97644
       97663
       97673
       97757
       97764
       97859
       97953
       97966
       98037
       98105
       98159
       98162
       98234
       98236
       98279
       98341
       98355
       98422
       98494
       98507
       98530
       98564
       98565
       98638
       98643
       98648
       98736
       98754
       98798
       98855
       98918
       98948
       99024
       99102
       99179
       99211
       99214
       99279
       99295
       99362
       99414
       99427
       99463
       99508
       99513
       99575
       99607
       99673
       99764
       99800
       99870
       99881
       99939
      100015
      100069
      100107
      100123
      100138
      100185
      100226
      100240
      100288
      100350
      100362
      100435
      100474
      100506
      100561
      100635
      100668
      100754
      100848
      100887
      100981
      101004
      101065
      101159
      101224
      101243
      101340
      101373
      101427
      101493
      101539
      101554
      101563
      101576
      101644
      101671
      101736
      101766
      101849
      101890
      101897
      101967
      101985
      102002
      102051
      102109
      102120
      102196
      102201
      102232
      102279
      102280
      102283
      102292
      102365
      102400
      102493
      102515
      102564
      102618
      102712
      102728
      102740
      102814
      102900
      102978
      103024
      103037
      103104
      103197
      103277
      103285
      103351
      103441
      103468
      103514
      103565
      103637
      103729
      103811
      103870
      103882
      103922
      103965
      103969
      104063
      104139
      104186
      104270
      104294
      104311
      104337
      104363
      104388
      104435
      104470
      104481
      104498
      104564
      104610
      104689
      104750
      104814
      104820
      104868
      104918
      105005
      105044
      105066
      105101
      105162
      105241
      105325
      105372
      105468
      105480
      105560
      105571
      105592
      105616
      105632
      105640
      105689
      105715
      105743
      105776
      105783
      105844
      105933
      105936
      105989
      106025
      106034
      106105
      106132
      106162
      106172
      106270
      106275
      106276
      106358
      106418
      106515
      106573
      106634
      106700
      106790
      106854
      106933
      107017
      107087
      107140
      107187
      107261
      107286
      107322
      107397
      107487
      107579
      107646
      107646
      107697
      107776
      107815
      107835
      107887
      107910
      107917
      108013
      108066
      108094
      108125
      108194
      108225
      108265
      108357
      108428
      108437
      108517
      108530
      108575
      108661
      108686
      108766
      108792
      108856
      108919
      108945
      108996
      109023
      109109
      109151
      109234
      109307
      109383
      109405
      109405
      109422
      109444
      109506
      109583
      109654
      109751
      109850
      109911
      109958
      109995
      110089
      110157
      110158
      110205
      110294
      110354
      110423
      110498
      110534
      110577
      110662
      110668
      110722
      110793
      110882
      110958
      111017
      111110
      111154
      111181
      111210
      111234
      111320
      111343
      111365
      111462
      111553
      111633
      111714
      111753
      111794
      111875
      111892
      111945
      112024
      112073
      112103
      112199
      112216
      112302
      112351
      112370
      112455
      112491
      112545
      112641
      112719
      112784
      112878
      112954
      113029
      113088
      113170
      113181
      113207
      113295
      113345
      113369
      113385
      113437
      113464
      113528
      113627
      113636
      113644
      113736
      113826
      113862
      113958
      114049
      114108
      114186
      114276
      114343
      114388
      114433
      114440
      114521
      114545
      114577
      114640
      114675
      114697
      114697
      114785
      114793
      114869
      114965
      115060
      115107
      115121
      115132
      115147
      115201
      115265
      115341
      115418
      115489
      115544
      115629
      115713
      115779
      115781
      115854
      115864
      115963
      116004
      116069
      116109
      116170
      116207
      116247
      116337
      116385
      116418
      116463
      116475
      116498
      116554
      116626
      116703
      116753
      116817
      116881
      116914
      117005
      117070
      117132
      117140
      117162
      117212
      117213
      117237
      117275
      117345
      117363
      117418
      117424
      117468
      117546
      117592
      117645
      117674
      117758
      117824
      117908
      117970
      117978
      117985
      118013
      118013
      118060
      118089
      118106
      118146
      118152
      118157
      118165
      118230
      118256
      118288
      118364
      118367
      118415
      118465
      118542
      118619
      118639
      118678
      118681
      118719
      118750
      118801
      118840
      118882
      118958
      119004
      119004
      119070
      119100
      119160
      119228
      119271
      119301
      119329
      119405
      119485
      119497
      119572
      119612
      119689
      119759
      119796
      119873
      119940
      119940
      119946
      119980
      120053
      120055
      120092
      120180
      120201
      120251
      120334
      120412
      120453
      120468
      120562
      120659
      120717
      120732
      120802
      120873
      120928
      121022
      121096
      121156
      121169
      121197
      121227
      121265
      121344
      121425
      121471
      121540
      121561
      121658
      121697
      121714
      121788
      121860
      121872
      121905
      121964
      121982
      122005
      122040
      122098
      122100
      122140
      122194
      122202
      122210
      122290
      122322
      122345
      122416
      122508
      122606
      122628
      122709
      122751
      122842
      122847
      122892
      122903
      122959
      122974
      123009
      123047
      123139
      123194
      123208
      123301
      123394
      123472
      123551
      123628
      123675
      123728
      123733
      123791
      123809
      123824
      123881
      123946
      123993
      123994
      124072
      124161
      124200
      124219
      124288
      124385
      124400
      124486
      124576
      124582
      124645
      124706
      124771
      124788
      124802
      124807
      124838
      124898
      124986
      125044
      125114
      125133
      125199
      125293
      125366
      125374
      125457
      125556
      125602
      125618
      125678
      125712
      125736
      125817
      125863
      125908
      126001
      126098
      126145
      126151
      126232
      126235
      126281
      126315
      126401
      126418
      126427
      126481
      126565
      126593
      126666
      126679
      126703
      126738
      126777
      126800
      126889
      126940
      126950
      127038
      127133
      127158
      127225
      127238
      127298
      127365
      127408
      127412
      127465
      127552
      127607
      127640
      127688
      127764
      127818
      127908
      127997
      128061
      128085
      128159
      128182
      128270
      128365
      128388
      128430
      128476
      128571
      128636
      128668
      128715
      128776
      128851
      128921
      128974
      129010
      129024
      129118
      129211
      129293
      129313
      129405
      129460
      129462
      129558
      129618
      129634
      129730
      129739
      129742
      129830
      129837
      129933
      129941
      129979
      130033
      130038
      130106
      130135
      130199
      130270
      130300
      130371
      130452
      130487
      130581
      130607
      130696
      130718
      130766
      130824
      130890
      130928
      130983
      131077
      131140
      131177
      131260
      131295
      131390
      131396
      131397
      131425
      131488
      131520
      131581
      131637
      131691
      131707
      131764
      131831
      131928
      131996
      132005
      132023
      132056
      132122
      132177
      132233
      132320
      132361
      132407
      132455
      132531
      132622
      132657
      132660
      132664
      132702
      132709
      132785
      132848
      132892
      132921
      132971
      132987
      132997
      133078
      133125
      133213
      133263
      133350
      133410
      133451
      133462
      133517
      133569
      133592
      133657
      133721
      133800
      133882
      133920
      134009
      134102
      134114
      134152
      134198
      134295
      134346
      134370
      134376
      134382
      134453
      134485
      134488
      134557
      134654
      134747
      134839
      134883
      134966
      135035
      135112
      135154
      135212
      135286
      135373
      135420
      135442
      135449
      135454
      135518
      135614
      135672
      135701
      135769
      135864
      135925
      135972
      135973
      136029
      136086
      136127
      136183
      136251
      136286
      136295
      136375
      136380
      136453
      136521
      136585
      136646
      136662
      136710
      136730
      136756
      136780
      136799
      136886
      136941
      136992
      137051
      137076
      137168
      137211
      137224
      137311
      137398
      137398
      137455
      137530
      137563
      137601
      137615
      137621
      137695
      137699
      137787
      137866
      137905
      137906
      137980
      138044
      138105
      138191
      138276
      138312
      138361
      138403
      138421
      138450
      138474
      138545
      138563
      138653
      138687
      138783
      138818
      138879
      138917
      138962
      139040
      139112
      139160
      139201
      139280
      139357
      139367
      139391
      139481
      139517
      139608
      139647
      139669
      139728
      139777
      139839
      139877
      139904
      139907
      139910
      139940
      139971
      140000
      140049
      140117
      140203
      140243
      140275
      140288
      140337
      140341
      140393
      140393
      140418
      140462
      140522
      140581
      140670
      140740
      140786
      140828
      140880
      140899
      140912
      140946
      140985
      141064
      141133
      141192
      141196
      141239
      141334
      141376
      141440
      141462
      141495
      141551
      141590
      141594
      141690
      141699
      141754
      141778
      141807
      141807
      141830
      141849
      141885
      141920
      141985
      142045
      142144
      142168
      142169
      142237
      142265
      142319
      142332
      142429
      142432
      142455
      142471
      142501
      142560
      142624
      142695
      142740
      142762
      142788
      142799
      142850
      142903
      143001
      143093
      143174
      143220
      143274
      143321
      143372
      143400
      143476
      143518
      143533
      143541
      143568
      143594
      143649
      143713
      143727
      143743
      143838
      143904
      143998
      144081
      144101
      144128
      144193
      144193
      144252
      144283
      144296
      144346
      144396
      144453
      144486
      144511
      144511
      144590
      144628
      144707
      144803
      144857
      144908
      144912
      145008
      145107
      145164
      145214
      145228
      145259
      145341
      145391
      145458
      145475
      145502
      145508
      145583
      145662
      145725
      145790
      145814
      145826
      145896
      145948
      145951
      145974
      146063
      146100
      146183
      146184
      146249
      146272
      146304
      146318
      146395
      146437
      146459
      146531
      146573
      146656
      146680
      146702
      146783
      146810
      146849
      146883
      146980
      147027
      147046
      147073
      147102
      147138
      147186
      147187
      147285
      147344
      147352
      147392
      147410
      147421
      147466
      147491
      147562
      147615
      147665
      147709
      147711
      147721
      147738
      147746
      147774
      147787
      147849
      147947
      148042
      148095
      148161
      148222
      148255
      148338
      148378
      148437
      148449
      148467
      148546
      148567
      148585
      148590
      148666
      148765
      148830
      148830
      148892
      148961
      149058
      149144
      149166
      149173
      149260
      149313
      149364
      149364
      149403
      149468
      149542
      149638
      149650
      149739
      149807
      149824
      149847
      149914
      149933
      149960
      150053
      150144
      150210
      150229
      150245
      150276
      150345
      150354
      150387
      150461
      150558
      150573
      150641
      150647
      150692
      150782
      150789
      150812
      150890
      150906
      150926
      150978
      150981
      151029
      151089
      151096
      151194
      151241
      151247
      151301
      151368
      151407
      151482
      151531
      151546
      151638
      151693
      151773
      151859
      151871
      151891
      151937
      152024
      152044
      152137
      152168
      152187
      152225
      152322
      152325
      152328
      152365
      152420
      152514
      152534
      152611
      152638
      152700
      152713
      152801
      152872
      152969
      152975
      152976
      153011
      153045
      153112
      153161
      153249
      153288
      153376
      153470
      153509
      153542
      153628
      153704
      153711
      153721
      153723
      153800
      153881
      153961
      153980
      154041
      154054
      154091
      154190
      154285
      154297
      154365
      154391
      154429
      154442
      154519
      154573
      154598
      154693
      154754
      154829
      154857
      154863
      154938
      154942
      154978
      155006
      155103
      155158
      155229
      155304
      155390
      155403
      155441
      155532
      155591
      155649
      155709
      155776
      155860
      155908
      155914
      155983
      156018
      156066
      156086
      156142
      156209
      156258
      156337
      156397
      156430
      156492
      156517
      156576
      156663
      156746
      156781
      156844
      156924
      157018
      157049
      157112
      157183
      157226
      157227
      157310
      157339
      157381
      157465
      157558
      157630
      157724
      157748
      157801
      157831
      157857
      157917
      157967
      158061
      158076
      158160
      158197
      158252
      158324
      158326
      158380
      158388
      158394
      158487
      158523
      158567
      158612
      158644
      158670
      158769
      158824
      158873
      158927
      158972
      159035
      159109
      159184
      159259
      159328
      159373
      159417
      159506
      159583
      159661
      159741
      159779
      159829
      159868
      159881
      159910
      159935
      159951
      159999
      160032
      160048
      160127
      160129
      160179
      160205
      160281
      160289
      160372
      160470
      160488
      160571
      160608
      160705
      160739
      160765
      160797
      160873
      160925
      160985
      160991
      161039
      161110
      161138
      161181
      161228
      161305
      161387
      161467
      161550
      161578
      161670
      161712
      161768
      161799
      161865
      161894
      161965
      162057
      162079
      162113
      162208
      162285
      162382
      162450
      162528
      162566
      162570
      162576
      162592
      162602
      162661
      162725
      162794
      162856
      162867
      162880
      162976
      163002
      163060
      163085
      163146
      163161
      163168
      163185
      163195
      163285
      163332
      163412
      163439
      163456
      163521
      163567
      163588
      163640
      163702
      163771
      163852
      163903
      163936
      163946
      163983
      163995
      164018
      164027
      164076
      164092
      164162
      164199
      164286
      164349
      164359
      164371
      164469
      164495
      164564
      164662
      164696
      164725
      164746
      164751
      164817
      164876
      164914
      164942
      164966
      165006
      165101
      165116
      165156
      165229
      165275
      165344
      165365
      165459
      165515
      165533
      165562
      165576
      165638
      165706
      165727
      165761
      165783
      165831
      165928
      165939
      165952
      166028
      166060
      166064
      166104
      166128
      166225
      166232
      166263
      166341
      166432
      166508
      166581
      166680
      166715
      166736
      166765
      166842
      166901
      166965
      167046
      167134
      167185
      167266
      167288
      167289
      167299
      167336
      167379
      167447
      167522
      167617
      167716
      167795
      167822
      167898
      167914
      167957
      168019
      168044
      168044
      168061
      168077
      168150
      168196
      168231
      168304
      168348
      168429
      168492
      168529
      168575
      168609
      168686
      168783
      168879
      168891
      168973
      169052
      169116
      169118
      169123
      169148
      169246
      169316
      169373
      169436
      169523
      169544
      169566
      169659
      169753
      169847
      169864
      169947
      170043
      170117
      170216
      170274
      170308
      170407
      170488
      170492
      170556
      170586
      170657
      170711
      170768
      170836
      170927
      170970
      171017
      171024
      171042
      171089
      171177
      171251
      171336
      171417
      171483
      171505
      171512
      171611
      171684
      171750
      171821
      171857
      171952
      172018
      172081
      172108
      172151
      172154
      172158
      172204
      172291
      172333
      172398
      172456
      172485
      172533
      172543
      172544
      172622
      172651
      172684
      172698
      172701
      172740
      172803
      172894
      172944
      172982
      173023
      173101
      173127
      173145
      173188
      173239
      173265
      173312
      173367
      173413
      173435
      173495
      173552
      173634
      173691
      173790
      173811
      173875
      173928
      173949
      174015
      174089
      174135
      174177
      174251
      174265
      174311
      174382
      174455
      174466
      174485
      174495
      174577
      174621
      174642
      174656
      174677
      174743
      174768
      174768
      174851
      174945
      175044
      175120
      175198
      175229
      175247
      175263
      175271
      175327
      175404
      175442
      175451
      175496
      175497
      175583
      175677
      175701
      175780
      175837
      175865
      175947
      176034
      176102
      176150
      176231
      176275
      176281
      176303
      176380
      176388
      176407
      176438
      176438
      176489
      176509
      176554
      176646
      176663
      176734
      176797
      176832
      176843
      176880
      176970
      177063
      177109
      177162
      177182
      177259
      177328
      177406
      177471
      177540
      177604
      177660
      177738
      177749
      177844
      177925
      177935
      178009
      178038
      178079
      178118
      178168
      178198
      178222
      178283
      178290
      178325
      178414
      178442
      178465
      178540
      178602
      178653
      178746
      178754
      178786
      178803
      178856
      178888
      178967
      179057
      179121
      179177
      179253
      179333
      179365
      179380
      179424
      179501
      179570
      179600
      179671
      179764
      179828
      179919
      180012
      180094
      180187
      180250
      180263
      180351
      180427
      180507
      180574
      180660
      180742
      180836
      180918
      180998
      181063
      181089
      181100
      181169
      181202
      181245
      181263
      181313
      181403
      181434
      181482
      181499
      181575
      181664
      181699
      181755
      181768
      181775
      181805
      181839
      181882
      181979
      182049
      182112
      182129
      182161
      182163
      182257
      182269
      182362
      182411
      182441
      182474
      182565
      182609
      182638
      182703
      182710
      182735
      182809
      182860
      182908
      182925
      182963
      183041
      183109
      183165
      183168
      183244
      183292
      183295
      183376
      183474
      183485
      183533
      183629
      183637
      183689
      183755
      183853
      183918
      184003
      184094
      184169
      184215
      184314
      184363
      184424
      184440
      184458
      184483
      184546
      184631
      184654
      184712
      184731
      184809
      184879
      184937
      184956
      185051
      185101
      185131
      185134
      185225
      185307
      185316
      185333
      185333
      185370
      185447
      185529
      185575
      185605
      185671
      185688
      185776
      185846
      185870
      185968
      186066
      186142
      186212
      186261
      186298
      186358
      186389
      186422
      186428
      186513
      186597
      186678
      186777
      186863
      186916
      186959
      187053
      187109
      187150
      187175
      187270
      187303
      187358
      187403
      187486
      187549
      187619
      187703
      187721
      187800
      187866
      187949
      188040
      188116
      188187
      188227
      188297
      188315
      188363
      188368
      188453
      188473
      188480
      188544
      188637
      188722
      188793
      188848
      188892
      188945
      189039
      189047
      189111
      189207
      189285
      189286
      189362
      189433
      189516
      189573
      189617
      189650
      189733
      189811
      189839
      189906
      189936
      190013
      190097
      190193
      190255
      190279
      190376
      190462
      190484
      190493
      190515
      190554
      190567
      190632
      190722
      190785
      190813
      190879
      190971
      191044
      191072
      191100
      191138
      191160
      191198
      191213
      191282
      191381
      191453
      191459
      191494
      191585
      191677
      191736
      191760
      191792
      191834
      191891
      191968
      191973
      192006
      192086
      192102
      192110
      192114
      192140
      192228
      192236
      192258
      192293
      192329
      192395
      192436
      192502
      192555
      192616
      192685
      192774
      192782
      192816
      192882
      192924
      192991
      193070
      193072
      193098
      193157
      193205
      193271
      193316
      193376
      193470
      193505
      193572
      193648
      193733
      193793
      193855
      193937
      193972
      194019
      194056
      194101
      194127
      194187
      194267
      194360
      194447
      194531
      194628
      194705
      194724
      194819
      194833
      194886
      194942
      194983
      195014
      195024
      195079
      195133
      195133
      195167
      195209
      195284
      195291
      195351
      195438
      195513
      195555
      195639
      195666
      195721
      195779
      195847
      195856
      195950
      196011
      196013
      196068
      196139
      196189
      196246
      196264
      196350
      196438
      196441
      196498
      196539
      196547
      196587
      196686
      196707
      196746
      196767
      196794
      196839
      196926
      196945
      197033
      197096
      197177
      197184
      197274
      197350
      197382
      197395
      197447
      197480
      197558
      197628
      197687
      197772
      197866
      197887
      197963
      197981
      198072
      198115
      198193
      198199
      198222
      198227
      198261
      198271
      198274
      198368
      198396
      198470
      198564
      198657
      198731
      198806
      198898
      198975
      198988
      199001
      199027
      199096
      199193
      199265
      199315
      199345
      199415
      199478
      199479
      199573
      199597
      199675
      199688
      199728
      199790
      199826
      199888
      199928
      199965
      200020
      200063
      200133
      200140
      200218
      200244
      200265
      200343
      200427
      200493
      200511
      200580
      200584
      200636
      200644
      200724
      200802
      200859
      200863
      200876
      200904
      200966
      201055
      201149
      201189
      201214
      201247
      201310
      201328
      201403
      201412
      201501
      201508
      201520
      201535
      201562
      201621
      201700
      201760
      201796
      201854
      201905
      201923
      201996
      201999
      202015
      202075
      202142
      202204
      202236
      202330
      202378
      202403
      202403
      202428
      202491
      202502
      202552
      202569
      202622
      202688
      202749
      202797
      202840
      202855
      202927
      202986
      203034
      203115
      203135
      203217
      203260
      203299
      203336
      203370
      203419
      203498
      203589
      203677
      203728
      203736
      203748
      203832
      203879
      203882
      203957
      203976
      204000
      204065
      204068
      204081
      204113
      204129
      204167
      204218
      204311
      204358
      204427
      204468
      204525
      204543
      204547
      204590
      204644
      204736
      204756
      204828
      204833
      204852
      204856
      204862
      204926
      205013
      205062
      205099
      205198
      205224
      205318
      205397
      205472
      205509
      205530
      205530
      205572
      205640
      205693
      205710
      205789
      205848
      205896
      205950
      206010
      206098
      206158
      206172
      206204
      206234
      206283
      206291
      206363
      206404
      206422
      206443
      206501
      206580
      206583
      206653
      206746
      206842
      206934
      207023
      207115
      207160
      207198
      207253
      207253
      207273
      207343
      207412
      207432
      207434
      207447
      207540
      207559
      207633
      207668
      207703
      207765
      207815
      207854
      207945
      207969
      207997
      208013
      208096
      208160
      208232
      208307
      208345
      208400
      208455
      208501
      208501
      208556
      208628
      208677
      208700
      208772
      208794
      208848
      208921
      209012
      209033
      209128
      209140
      209177
      209189
      209248
      209267
      209334
      209390
      209438
      209493
      209494
      209570
      209597
      209634
      209703
      209711
      209795
      209864
      209949
      209991
      210048
      210051
      210124
      210168
      210237
      210281
      210369
      210466
      210540
      210556
      210601
      210621
      210692
      210735
      210802
      210839
      210851
      210935
      211020
      211061
      211072
      211158
      211257
      211288
      211343
      211400
      211446
      211474
      211510
      211515
      211551
      211648
      211739
      211761
      211790
      211828
      211854
      211874
      211906
      211988
      212010
      212028
      212113
      212127
      212135
      212212
      212289
      212386
      212481
      212527
      212562
      212650
      212679
      212694
      212751
      212772
      212858
      212919
      212961
      212991
      213020
      213097
      213146
      213240
      213313
      213377
      213457
      213530
      213627
      213724
      213727
      213763
      213797
      213802
      213870
      213880
      213937
      213944
      213982
      213990
      214049
      214076
      214158
      214227
      214240
      214267
      214293
      214387
      214468
      214501
      214597
      214673
      214717
      214816
      214854
      214952
      215001
      215056
      215059
      215094
      215163
      215222
      215313
      215394
      215410
      215505
      215546
      215598
      215653
      215661
      215676
      215743
      215811
      215901
      215934
      216012
      216076
      216092
      216143
      216162
      216179
      216229
      216250
      216270
      216335
      216414
      216422
      216465
      216518
      216611
      216654
      216753
      216805
      216807
      216816
      216879
      216921
      216973
      217017
      217018
      217076
      217092
      217177
      217258
      217328
      217387
      217463
      217525
      217570
      217616
      217701
      217745
      217759
      217854
      217943
      217993
      218055
      218067
      218098
      218113
      218122
      218187
      218285
      218384
      218429
      218512
      218591
      218596
      218669
      218751
      218834
      218877
      218965
      219022
      219110
      219151
      219157
      219206
      219209
      219212
      219254
      219268
      219270
      219319
      219383
      219482
      219535
      219621
      219684
      219778
      219869
      219946
      219973
      220012
      220026
      220055
      220062
      220068
      220167
      220266
      220356
      220437
      220509
      220573
      220589
      220589
      220642
      220677
      220750
      220764
      220793
      220840
      220901
      220925
      220956
      221006
      221075
      221127
      221160
      221238
      221309
      221405
      221456
      221488
      221542
      221625
      221658
      221718
      221801
      221861
      221920
      221955
      222007
      222062
      222097
      222173
      222262
      222278
      222358
      222429
      222496
      222588
      222610
      222624
      222670
      222679
      222713
      222760
      222838
      222912
      222948
      222980
      223072
      223085
      223106
      223181
      223184
      223272
      223318
      223344
      223349
      223425
      223455
      223516
      223530
      223530
      223579
      223621
      223691
      223698
      223751
      223815
      223881
      223887
      223940
      224022
      224118
      224217
      224256
      224335
      224421
      224461
      224503
      224568
      224607
      224679
      224761
      224792
      224875
      224957
      225011
      225080
      225147
      225232
      225321
      225340
      225394
      225420
      225435
      225453
      225473
      225536
      225539
      225616
      225622
      225696
      225730
      225784
      225794
      225873
      225933
      225993
      225997
      226004
      226054
      226108
      226113
      226125
      226197
      226287
      226298
      226370
      226392
      226482
      226529
      226538
      226630
      226665
      226730
      226742
      226798
      226814
      226872
      226930
      227006
      227091
      227095
      227149
      227216
      227241
      227263
      227274
      227325
      227404
      227433
      227451
      227519
      227522
      227527
      227602
      227697
      227719
      227783
      227856
      227932
      227973
      228006
      228016
      228096
      228166
      228245
      228286
      228290
      228354
      228404
      228418
      228497
      228534
      228629
      228685
      228748
      228779
      228780
      228780
      228836
      228899
      228991
      229035
      229132
      229134
      229157
      229234
      229296
      229296
      229321
      229411
      229489
      229563
      229601
      229635
      229647
      229705
      229741
      229780
      229793
      229840
      229906
      229951
      229985
      230007
      230013
      230033
      230126
      230163
      230193
      230269
      230333
      230428
      230510
      230581
      230649
      230746
      230783
      230815
      230914
      230955
      231050
      231063
      231094
      231110
      231174
      231273
      231337
      231350
      231372
      231415
      231501
      231519
      231569
      231573
      231573
      231610
      231690
      231775
      231808
      231810
      231870
      231927
      231946
      232004
      232026
      232056
      232074
      232152
      232206
      232220
      232260
      232358
      232358
      232416
      232448
      232506
      232559
      232642
      232645
      232715
      232719
      232776
      232866
      232965
      233032
      233034
      233077
      233134
      233199
      233251
      233303
      233392
      233400
      233439
      233506
      233537
      233600
      233614
      233615
      233655
      233726
      233780
      233877
      233942
      233951
      233977
      234060
      234093
      234127
      234157
      234185
      234265
      234335
      234412
      234458
      234508
      234572
      234639
      234668
      234690
      234721
      234756
      234827
      234909
      234948
      234985
      234990
      235068
      235086
      235112
      235210
      235302
      235337
      235366
      235437
      235524
      235582
      235662
      235711
      235789
      235886
      235893
      235930
      235988
      236076
      236077
      236130
      236144
      236194
      236205
      236224
      236274
      236339
      236413
      236508
      236519
      236602
      236618
      236662
      236698
      236766
      236827
      236842
      236931
      236984
      237065
      237072
      237152
      237242
      237332
      237416
      237449
      237457
      237526
      237573
      237629
      237721
      237785
      237786
      237803
      237845
      237845
      237885
      237889
      237899
      237982
      237992
      238046
      238075
      238088
      238186
      238229
      238302
      238334
      238397
      238409
      238478
      238555
      238652
      238729
      238767
      238807
      238860
      238904
      238940
      238944
      239000
      239020
      239059
      239104
      239145
      239176
      239237
      239237
      239326
      239391
      239442
      239530
      239575
      239596
      239689
      239770
      239868
      239924
      239963
      239994
      239997
      240094
      240191
      240222
      240227
      240230
      240250
      240338
      240434
      240512
      240540
      240545
      240616
      240630
      240671
      240692
      240703
      240772
      240848
      240869
      240884
      240912
      240945
      241036
      241099
      241192
      241226
      241316
      241388
      241401
      241481
      241572
      241615
      241669
      241670
      241690
      241699
      241779
      241859
      241939
      241947
      241974
      242024
      242087
      242169
      242245
      242252
      242297
      242391
      242400
      242489
      242531
      242586
      242647
      242713
      242736
      242776
      242784
      242851
      242907
      242968
      243015
      243044
      243096
      243106
      243106
      243160
      243197
      243203
      243282
      243296
      243325
      243371
      243424
      243491
      243563
      243629
      243717
      243755
      243765
      243799
      243882
      243895
      243958
      243984
      244064
      244154
      244232
      244235
      244310
      244393
      244449
      244449
      244508
      244581
      244661
      244749
      244775
      244777
      244819
      244828
      244898
      244956
      244994
      245072
      245141
      245199
      245205
      245293
      245318
      245340
      245349
      245372
      245372
      245380
      245454
      245494
      245510
      245538
      245604
      245638
      245721
      245803
      245863
      245883
      245931
      245959
      245982
      246047
      246124
      246196
      246281
      246380
      246413
      246458
      246519
      246519
      246614
      246675
      246708
      246784
      246850
      246877
      246914
      246985
      247021
      247077
      247125
      247224
      247301
      247303
      247342
      247367
      247438
      247488
      247538
      247560
      247622
      247695
      247771
      247833
      247877
      247959
      248001
      248073
      248073
      248074
      248100
      248156
      248214
      248239
      248240
      248326
      248387
      248416
      248426
      248427
      248446
      248477
      248492
      248543
      248558
      248587
      248640
      248644
      248656
      248710
      248745
      248831
      248895
      248992
      249058
      249157
      249178
      249203
      249214
      249232
      249278
      249371
      249452
      249528
      249599
      249652
      249706
      249747
      249817
      249885
      249908
      249932
      249998
      250046
      250141
      250164
      250200
      250266
      250292
      250324
      250352
      250373
      250457
      250555
      250561
      250585
      250639
      250691
      250714
      250782
      250861
      250899
      250926
      250991
      251028
      251090
      251125
      251181
      251189
      251259
      251304
      251324
      251349
      251363
      251403
      251407
      251496
      251511
      251596
      251638
      251728
      251827
      251866
      251945
      252017
      252089
      252108
      252204
      252276
      252374
      252446
      252508
      252536
      252590
      252633
      252634
      252700
      252794
      252799
      252838
      252863
      252949
      252952
      253005
      253075
      253172
      253235
      253243
      253284
      253307
      253358
      253395
      253458
      253489
      253541
      253592
      253675
      253722
      253763
      253801
      253858
      253922
      253974
      254014
      254065
      254100
      254139
      254142
      254187
      254266
      254298
      254386
      254465
      254505
      254516
      254614
      254646
      254698
      254739
      254796
      254876
      254910
      254935
      254974
      255043
      255051
      255135
      255162
      255186
      255198
      255208
      255291
      255309
      255368
      255371
      255462
      255519
      255529
      255548
      255619
      255621
      255653
      255709
      255789
      255812
      255830
      255836
      255913
      256004
      256044
      256065
      256143
      256193
      256239
      256332
      256376
      256405
      256460
      256497
      256533
      256627
      256630
      256659
      256694
      256749
      256765
      256861
      256915
      256925
      256949
      256952
      256960
      256998
      257078
      257173
      257246
      257258
      257258
      257309
      257310
      257350
      257432
      257484
      257499
      257563
      257568
      257599
      257636
      257659
      257668
      257761
      257828
      257842
      257863
      257949
      257954
      257970
      258068
      258160
      258213
      258221
      258268
      258323
      258389
      258441
      258461
      258465
      258528
      258606
      258664
      258691
      258769
      258825
      258875
      258907
      258930
      258952
      258995
      259015
      259021
      259084
      259123
      259184
      259225
      259294
      259313
      259399
      259408
      259479
      259555
      259564
      259566
      259585
      259588
      259625
      259663
      259743
      259765
      259791
      259843
      259863
      259889
      259930
      259941
      259945
      259999
      260049
      260103
      260198
      260210
      260273
      260327
      260371
      260378
      260427
      260435
      260481
      260572
      260655
      260703
      260732
      260741
      260833
      260867
      260958
      261028
      261122
      261123
      261192
      261209
      261295
      261298
      261357
      261456
      261533
      261537
      261580
      261660
      261723
      261808
      261858
      261942
      261952
      262040
      262123
      262124
      262196
      262237
      262317
      262358
      262426
      262455
      262530
      262561
      262639
      262661
      262693
      262703
      262715
      262783
      262831
      262833
      262926
      262997
      263088
      263112
      263112
      263172
      263214
      263273
      263369
      263396
      263409
      263452
      263546
      263640
      263663
      263762
      263766
      263808
      263850
      263910
      263937
      263968
      263972
      264057
      264120
      264130
      264195
      264262
      264348
      264407
      264489
      264579
      264579
      264618
      264692
      264717
      264793
      264806
      264886
      264893
      264934
      264955
      264976
      264981
      265029
      265075
      265128
      265149
      265236
      265297
      265344
      265369
      265428
      265492
      265523
      265546
      265641
      265655
      265738
      265817
      265887
      265921
      265958
      266047
      266146
      266230
      266240
      266328
      266401
      266449
      266533
      266589
      266666
      266677
      266770
      266778
      266821
      266848
      266910
      266989
      267041
      267136
      267205
      267261
      267264
      267313
      267329
      267335
      267396
      267398
      267443
      267537
      267598
      267638
      267719
      267779
      267848
      267905
      267979
      267983
      268032
      268041
      268136
      268208
      268215
      268232
      268246
      268296
      268381
      268401
      268480
      268528
      268555
      268650
      268652
      268652
      268739
      268808
      268834
      268853
      268881
      268902
      268955
      269014
      269027
      269068
      269119
      269200
      269293
      269387
      269454
      269523
      269570
      269614
      269655
      269717
      269811
      269821
      269878
      269977
      269998
      270032
      270074
      270079
      270176
      270258
      270351
      270362
      270427
      270482
      270490
      270552
      270571
      270643
      270695
      270759
      270823
      270907
      271001
      271049
      271115
      271179
      271208
      271241
      271305
      271312
      271318
      271345
      271399
      271429
      271477
      271531
      271602
      271660
      271692
      271706
      271787
      271806
      271861
      271904
      271969
      271977
      272047
      272124
      272219
      272243
      272285
      272322
      272345
      272410
      272411
      272432
      272452
      272452
      272508
      272597
      272696
      272717
      272807
      272879
      272975
      273058
      273147
      273246
      273302
      273335
      273344
      273351
      273354
      273418
      273460
      273485
      273545
      273611
      273616
      273712
      273732
      273820
      273838
      273912
      273922
      273947
      273990
      273990
      274079
      274137
      274172
      274178
      274254
      274275
      274354
      274404
      274413
      274477
      274505
      274526
      274562
      274617
      274623
      274645
      274660
      274679
      274763
      274764
      274849
      274865
      274929
      274967
      274983
      274998
      275096
      275107
      275121
      275163
      275171
      275247
      275298
      275323
      275328
      275338
      275413
      275507
      275590
      275652
      275736
      275814
      275902
      275920
      275981
      276032
      276126
      276213
      276303
      276388
      276404
      276495
      276503
      276512
      276523
      276553
      276595
      276619
      276682
      276723
      276809
      276810
      276893
      276929
      276942
      276973
      277012
      277100
      277110
      277164
      277234
      277299
      277337
      277414
      277427
      277440
      277530
      277580
      277615
      277641
      277700
      277751
      277848
      277924
      277976
      278048
      278093
      278160
      278189
      278255
      278273
      278290
      278290
      278368
      278429
      278526
      278561
      278574
      278673
      278730
      278811
      278892
      278910
      278932
      278969
      279027
      279084
      279169
      279203
      279299
      279371
      279380
      279461
      279555
      279584
      279664
      279676
      279702
      279785
      279854
      279942
      279960
      279972
      280066
      280089
      280184
      280267
      280318
      280346
      280412
      280437
      280480
      280563
      280647
      280679
      280720
      280753
      280793
      280857
      280940
      280984
      281082
      281090
      281133
      281198
      281205
      281277
      281357
      281438
      281523
      281605
      281634
      281692
      281768
      281824
      281850
      281911
      281937
      281947
      282013
      282052
      282111
      282149
      282156
      282180
      282208
      282270
      282314
      282366
      282381
      282453
      282525
      282600
      282650
      282680
      282759
      282803
      282828
      282836
      282913
      283005
      283009
      283097
      283155
      283161
      283207
      283214
      283220
      283300
      283353
      283424
      283482
      283550
      283576
      283583
      283670
      283757
      283792
      283800
      283872
      283899
      283962
      283981
      284036
      284080
      284128
      284161
      284249
      284265
      284364
      284372
      284375
      284433
      284502
      284549
      284600
      284694
      284784
      284817
      284843
      284886
      284965
      284986
      284998
      285036
      285057
      285095
      285128
      285219
      285222
      285231
      285248
      285261
      285327
      285395
      285491
      285576
      285581
      285621
      285715
      285813
      285841
      285933
      285936
      286015
      286016
      286048
      286101
      286144
      286238
      286328
      286353
      286364
      286389
      286454
      286488
      286538
      286587
      286635
      286703
      286775
      286825
      286862
      286867
      286912
      286936
      287024
      287101
      287129
      287215
      287292
      287332
      287382
      287413
      287435
      287500
      287553
      287618
      287709
      287757
      287849
      287916
      287966
      287985
      288034
      288109
      288173
      288240
      288302
      288346
      288437
      288535
      288622
      288721
      288743
      288756
      288812
      288851
      288852
      288907
      288927
      289005
      289063
      289103
      289149
      289219
      289262
      289290
      289332
      289349
      289406
      289497
      289583
      289650
      289694
      289777
      289779
      289799
      289820
      289867
      289931
      289988
      290038
      290122
      290170
      290252
      290299
      290383
      290433
      290517
      290520
      290601
      290671
      290703
      290706
      290707
      290779
      290828
      290879
      290937
      291023
      291038
      291054
      291133
      291221
      291235
      291239
      291319
      291353
      291367
      291446
      291514
      291563
      291646
      291657
      291682
      291730
      291747
      291821
      291885
      291943
      292001
      292062
      292149
      292248
      292282
      292325
      292381
      292432
      292438
      292494
      292529
      292614
      292640
      292725
      292815
      292912
      292949
      293038
      293096
      293171
      293213
      293288
      293372
      293402
      293452
      293549
      293567
      293616
      293620
      293694
      293737
      293807
      293858
      293953
      293971
      294017
      294047
      294089
      294148
      294237
      294310
      294390
      294432
      294463
      294490
      294568
      294602
      294624
      294630
      294696
      294769
      294798
      294878
      294931
      295017
      295021
      295069
      295070
      295144
      295238
      295264
      295320
      295414
      295449
      295523
      295561
      295572
      295628
      295724
      295790
      295831
      295888
      295902
      295932
      295973
      296067
      296122
      296177
      296186
      296188
      296275
      296284
      296307
      296394
      296397
      296491
      296544
      296556
      296576
      296650
      296663
      296696
      296728
      296774
      296798
      296857
      296929
      296948
      297030
      297070
      297090
      297147
      297181
      297228
      297273
      297335
      297360
      297445
      297519
      297534
      297586
      297682
      297706
      297783
      297871
      297894
      297970
      298015
      298054
      298115
      298147
      298154
      298188
      298216
      298309
      298359
      298382
      298452
      298537
      298580
      298598
      298680
      298730
      298732
      298774
      298845
      298858
      298940
      298968
      299035
      299052
      299134
      299136
      299231
      299274
      299337
      299377
      299426
      299470
      299542
      299583
      299623
      299623
      299717
      299794
      299884
      299963
      299981
      300064
      300096
      300169
      300178
      300268
      300336
      300351
      300449
      300473
      300552
      300626
      300681
      300757
      300781
      300792
      300868
      300953
      300986
      301026
      301036
      301036
      301095
      301179
      301236
      301248
      301319
      301359
      301442
      301454
      301488
      301537
      301632
      301691
      301761
      301843
      301901
      301969
      301987
      302022
      302089
      302174
      302261
      302273
      302294
      302361
      302414
      302477
      302480
      302516
      302551
      302588
      302618
      302629
      302709
      302768
      302799
      302811
      302851
      302917
      302932
      303014
      303062
      303121
      303178
      303204
      303220
      303280
      303294
      303306
      303316
      303413
      303429
      303473
      303542
      303601
      303624
      303663
      303696
      303715
      303803
      303828
      303835
      303926
      303970
      304056
      304112
      304172
      304229
      304283
      304329
      304369
      304441
      304450
      304495
      304508
      304536
      304541
      304557
      304561
      304648
      304709
      304784
      304857
      304924
      304962
      304984
      305045
      305110
      305189
      305213
      305286
      305307
      305316
      305365
      305426
      305428
      305447
      305453
      305477
      305478
      305490
      305525
      305600
      305611
      305650
      305710
      305731
      305767
      305771
      305861
      305893
      305922
      305931
      306025
      306123
      306215
      306277
      306315
      306357
      306454
      306533
      306537
      306572
      306659
      306723
      306769
      306853
      306948
      306971
      306978
      307018
      307062
      307145
      307148
      307236
      307268
      307291
      307358
      307435
      307496
      307544
      307568
      307614
      307638
      307720
      307765
      307832
      307890
      307919
      307965
      308011
      308040
      308075
      308134
      308182
      308231
      308286
      308376
      308443
      308493
      308577
      308578
      308656
      308750
      308780
      308828
      308879
      308884
      308911
      308931
      308966
      308975
      308982
      309029
      309040
      309065
      309082
      309092
      309119
      309142
      309176
      309253
      309329
      309392
      309464
      309535
      309630
      309665
      309714
      309806
      309806
      309824
      309909
      309958
      310002
      310065
      310144
      310156
      310181
      310243
      310267
      310324
      310347
      310405
      310502
      310538
      310627
      310669
      310727
      310754
      310825
      310908
      310910
      310996
      311056
      311109
      311165
      311242
      311292
      311294
      311353
      311448
      311524
      311590
      311601
      311676
      311765
      311826
      311897
      311962
      312054
      312146
      312171
      312199
      312222
      312305
      312332
      312371
      312441
      312455
      312470
      312476
      312527
      312625
      312684
      312741
      312838
      312919
      313012
      313087
      313113
      313182
      313203
      313245
      313338
      313431
      313455
      313474
      313504
      313527
      313533
      313548
      313572
      313588
      313605
      313697
      313730
      313768
      313790
      313814
      313829
      313919
      313974
      314056
      314132
      314181
      314214
      314269
      314321
      314334
      314424
      314508
      314522
      314571
      314595
      314677
      314756
      314804
      314813
      314837
      314857
      314916
      315003
      315077
      315084
      315147
      315207
      315271
      315338
      315339
      315405
      315484
      315523
      315595
      315690
      315752
      315850
      315942
      315983
      316052
      316127
      316208
      316213
      316269
      316271
      316346
      316418
      316480
      316557
      316634
      316660
      316738
      316831
      316878
      316932
      317001
      317010
      317055
      317117
      317188
      317199
      317294
      317383
      317396
      317479
      317556
      317629
      317662
      317673
      317713
      317726
      317813
      317909
      317925
      317950
      317976
      318023
      318082
      318150
      318249
      318308
      318338
      318356
      318385
      318472
      318490
      318572
      318593
      318596
      318667
      318737
      318797
      318859
      318883
      318961
      318982
      319028
      319045
      319116
      319132
      319206
      319237
      319282
      319335
      319351
      319399
      319475
      319544
      319613
      319705
      319730
      319776
      319800
      319803
      319835
      319849
      319863
      319873
      319887
      319921
      319930
      320005
      320031
      320055
      320153
      320180
      320194
      320201
      320254
      320265
      320327
      320423
      320505
      320560
      320594
      320616
      320686
      320729
      320737
      320770
      320778
      320865
      320866
      320919
      320963
      321033
      321060
      321128
      321183
      321206
      321219
      321219
      321268
      321352
      321417
      321425
      321486
      321546
      321630
      321633
      321656
      321713
      321799
      321825
      321873
      321894
      321951
      321957
      322048
      322048
      322095
      322101
      322145
      322201
      322207
      322297
      322374
      322432
      322473
      322499
      322529
      322553
      322648
      322736
      322785
      322880
      322959
      322976
      323012
      323110
      323152
      323164
      323209
      323277
      323311
      323376
      323441
      323538
      323563
      323615
      323674
      323700
      323704
      323730
      323807
      323884
      323927
      323967
      324046
      324115
      324128
      324226
      324273
      324330
      324368
      324393
      324463
      324499
      324593
      324621
      324697
      324785
      324855
      324950
      325004
      325058
      325130
      325188
      325265
      325287
      325374
      325401
      325446
      325477
      325537
      325630
      325676
      325694
      325772
      325818
      325864
      325919
      325952
      325970
      326026
      326064
      326083
      326108
      326196
      326279
      326325
      326366
      326404
      326462
      326557
      326567
      326629
      326699
      326703
      326723
      326779
      326821
      326880
      326926
      326973
      327030
      327114
      327167
      327214
      327295
      327381
      327418
      327464
      327518
      327607
      327608
      327642
      327698
      327728
      327790
      327880
      327979
      327990
      328062
      328115
      328133
      328140
      328149
      328200
      328231
      328241
      328269
      328291
      328362
      328406
      328418
      328427
      328511
      328523
      328580
      328609
      328676
      328692
      328774
      328860
      328936
      328989
      329051
      329061
      329144
      329242
      329272
      329288
      329320
      329416
      329460
      329515
      329585
      329629
      329697
      329702
      329778
      329870
      329960
      330001
      330017
      330063
      330091
      330183
      330188
      330207
      330214
      330256
      330271
      330363
      330417
      330432
      330462
      330527
      330598
      330685
      330766
      330778
      330877
      330962
      331028
      331100
      331183
      331202
      331237
      331269
      331346
      331382
      331390
      331476
      331502
      331589
      331637
      331644
      331657
      331711
      331750
      331817
      331884
      331948
      332038
      332038
      332051
      332139
      332196
      332289
      332346
      332413
      332451
      332489
      332505
      332505
      332518
      332532
      332586
      332661
      332755
      332834
      332875
      332895
      332920
      332982
      332984
      333015
      333038
      333073
      333124
      333184
      333221
      333305
      333341
      333398
      333468
      333512
      333552
      333629
      333656
      333711
      333785
      333822
      333837
      333903
      333967
      334026
      334053
      334113
      334116
      334178
      334270
      334334
      334410
      334502
      334563
      334592
      334681
      334709
      334788
      334791
      334806
      334877
      334894
      334918
      335010
      335098
      335128
      335215
      335299
      335313
      335399
      335485
      335522
      335597
      335684
      335715
      335721
      335792
      335842
      335893
      335912
      335979
      336026
      336084
      336135
      336167
      336216
      336283
      336321
      336374
      336454
      336491
      336531
      336547
      336595
      336632
      336717
      336764
      336854
      336931
      336961
      337028
      337107
      337115
      337126
      337134
      337190
      337260
      337312
      337368
      337457
      337528
      337602
      337696
      337752
      337850
      337875
      337905
      337908
      337991
      338027
      338098
      338163
      338164
      338177
      338256
      338265
      338267
      338308
      338360
      338363
      338410
      338509
      338597
      338666
      338704
      338778
      338800
      338821
      338842
      338843
      338906
      338974
      339072
      339100
      339122
      339220
      339231
      339260
      339358
      339451
      339546
      339630
      339680
      339686
      339739
      339829
      339878
      339881
      339883
      339949
      339990
      340063
      340111
      340160
      340194
      340238
      340245
      340249
      340321
      340340
      340402
      340414
      340462
      340499
      340522
      340559
      340562
      340635
      340668
      340719
      340721
      340808
      340887
      340896
      340976
      341064
      341085
      341099
      341169
      341249
      341265
      341299
      341364
      341449
      341509
      341591
      341673
      341712
      341729
      341776
      341809
      341877
      341975
      342000
      342047
      342111
      342207
      342218
      342275
      342328
      342426
      342522
      342550
      342585
      342639
      342647
      342717
      342768
      342805
      342868
      342894
      342945
      343038
      343081
      343107
      343173
      343224
      343257
      343318
      343371
      343468
      343547
      343604
      343702
      343796
      343824
      343904
      343914
      343983
      344060
      344131
      344222
      344244
      344291
      344304
      344356
      344437
      344454
      344484
      344564
      344660
      344711
      344750
      344795
      344826
      344895
      344986
      345001
      345036
      345104
      345129
      345222
      345281
      345317
      345360
      345395
      345447
      345510
      345580
      345624
      345691
      345767
      345846
      345847
      345866
      345926
      345989
      346020
      346070
      346148
      346235
      346287
      346291
      346376
      346412
      346495
      346523
      346604
      346694
      346717
      346757
      346779
      346867
      346928
      346952
      347042
      347061
      347090
      347135
      347140
      347198
      347284
      347382
      347471
      347520
      347541
      347607
      347656
      347680
      347699
      347785
      347806
      347898
      347997
      348042
      348051
      348139
      348179
      348226
      348319
      348400
      348466
      348528
      348600
      348611
      348702
      348706
      348743
      348830
      348890
      348983
      348998
      349056
      349098
      349186
      349206
      349238
      349290
      349321
      349332
      349407
      349441
      349523
      349526
      349609
      349678
      349723
      349741
      349781
      349792
      349874
      349969
      349971
      349997
      350057
      350139
      350148
      350158
      350170
      350242
      350251
      350288
      350322
      350416
      350448
      350525
      350562
      350608
      350640
      350737
      350818
      350888
      350950
      351032
      351062
      351147
      351201
      351210
      351288
      351332
      351418
      351494
      351577
      351582
      351617
      351696
      351752
      351758
      351786
      351880
      351919
      351996
      352089
      352125
      352168
      352230
      352260
      352352
      352392
      352451
      352531
      352601
      352603
      352666
      352676
      352686
      352741
      352814
      352895
      352980
      352998
      353067
      353130
      353202
      353256
      353324
      353342
      353342
      353362
      353362
      353393
      353480
      353547
      353575
      353592
      353608
      353666
      353733
      353785
      353856
      353878
      353918
      353961
      353964
      354025
      354030
      354070
      354104
      354174
      354245
      354308
      354362
      354421
      354516
      354565
      354610
      354655
      354668
      354731
      354757
      354782
      354804
      354858
      354880
      354893
      354947
      354967
      355030
      355063
      355158
      355176
      355197
      355291
      355330
      355338
      355338
      355421
      355452
      355489
      355584
      355667
      355668
      355742
      355768
      355816
      355873
      355959
      356015
      356089
      356155
      356219
      356225
      356272
      356303
      356317
      356372
      356399
      356468
      356557
      356617
      356669
      356736
      356756
      356842
      356940
      357011
      357022
      357097
      357130
      357212
      357220
      357278
      357279
      357367
      357439
      357470
      357556
      357578
      357589
      357658
      357720
      357764
      357770
      357840
      357857
      357881
      357952
      358000
      358098
      358177
      358188
      358208
      358237
      358274
      358274
      358323
      358415
      358513
      358543
      358547
      358577
      358628
      358705
      358718
      358772
      358799
      358889
      358911
      358993
      359027
      359037
      359111
      359171
      359230
      359313
      359385
      359436
      359442
      359525
      359601
      359688
      359764
      359830
      359847
      359875
      359925
      359976
      360060
      360116
      360164
      360195
      360230
      360254
      360293
      360372
      360402
      360481
      360546
      360557
      360566
      360630
      360652
      360678
      360698
      360727
      360819
      360859
      360927
      361002
      361039
      361088
      361185
      361234
      361255
      361259
      361268
      361281
      361303
      361307
      361362
      361451
      361531
      361561
      361615
      361632
      361700
      361723
      361815
      361823
      361877
      361953
      361975
      362069
      362160
      362208
      362248
      362275
      362363
      362434
      362508
      362573
      362603
      362698
      362790
      362823
      362881
      362937
      362998
      362998
      363003
      363100
      363151
      363247
      363306
      363340
      363360
      363361
      363435
      363532
      363553
      363556
      363630
      363724
      363806
      363876
      363959
      363959
      364004
      364017
      364082
      364130
      364191
      364235
      364247
      364287
      364365
      364411
      364494
      364523
      364609
      364651
      364651
      364651
      364680
      364753
      364791
      364890
      364943
      364946
      364969
      365031
      365058
      365106
      365176
      365250
      365340
      365407
      365431
      365474
      365486
      365525
      365622
      365683
      365774
      365774
      365870
      365899
      365997
      366026
      366030
      366044
      366079
      366128
      366137
      366139
      366160
      366252
      366339
      366428
      366428
      366455
      366467
      366535
      366548
      366579
      366613
      366679
      366776
      366853
      366945
      367004
      367056
      367138
      367205
      367232
      367251
      367284
      367340
      367396
      367416
      367451
      367500
      367580
      367588
      367687
      367693
      367704
      367728
      367787
      367859
      367899
      367962
      367985
      367999
      368006
      368063
      368089
      368159
      368193
      368291
      368364
      368393
      368412
      368507
      368509
      368580
      368594
      368636
      368712
      368811
      368861
      368869
      368925
      368984
      368986
      369074
      369126
      369170
      369232
      369272
      369319
      369350
      369359
      369442
      369489
      369530
      369577
      369616
      369692
      369698
      369751
      369801
      369806
      369817
      369847
      369873
      369943
      370001
      370084
      370100
      370143
      370218
      370226
      370232
      370272
      370277
      370364
      370395
      370430
      370480
      370513
      370529
      370627
      370690
      370759
      370831
      370876
      370959
      371038
      371131
      371140
      371203
      371210
      371219
      371309
      371320
      371405
      371473
      371513
      371553
      371618
      371694
      371789
      371815
      371828
      371870
