          96
         155
         230
         296
         317
         378
         434
         486
         507
         552
         648
         685
         766
         856
         949
         981
        1040
        1134
        1163
        1187
        1250
        1328
        1355
        1405
        1445
        1502
        1598
        1688
        1688
        1756
        1846
        1934
        2031
        2088
        2181
        2275
        2361
        2369
        2452
        2455
        2466
        2512
        2540
        2541
        2631
        2639
        2683
        2762
        2799
        2893
        2915
        2929
        2955
        2999
        3079
        3175
        3188
        3281
        3327
        3395
        3426
        3441
        3524
        3584
        3670
        3715
        3799
        3831
        3864
        3881
        3907
        3957
        4002
        4039
        4086
        4101
        4113
        4175
        4231
        4270
        4340
        4400
        4428
        4489
        4508
        4589
        4591
        4599
        4605
        4701
        4756
        4768
        4787
        4792
        4836
        4851
        4943
        4988
        5020
        5064
