          53
          82
         129
         143
         235
         331
         384
         406
         460
         461
         514
         560
         646
         670
         740
         784
         817
         874
         960
        1003
        1056
        1113
        1174
        1203
        1288
        1346
        1373
        1416
        1492
        1589
        1605
        1631
        1644
        1648
        1669
        1742
        1805
        1855
        1894
        1928
        1987
        2069
        2070
        2166
        2257
        2269
        2271
        2302
        2387
        2430
        2468
        2549
        2597
        2678
        2684
        2698
        2699
        2704
        2763
        2851
        2930
        2958
        2974
        3041
        3082
        3106
        3167
        3206
        3269
        3276
        3285
        3361
        3398
        3494
        3497
        3534
        3587
        3671
        3755
        3760
        3775
        3803
        3882
        3911
        3921
        3970
        3980
        4058
        4138
        4195
        4263
        4274
        4306
        4340
        4349
        4411
        4480
        4573
        4609
        4619
        4672
        4715
        4733
        4821
        4832
        4904
        4989
        5068
        5155
        5200
        5222
        5227
        5293
        5372
        5445
        5540
        5621
        5684
        5686
        5736
        5831
        5832
        5904
        5992
        6015
        6113
        6185
        6271
        6320
        6353
        6423
        6498
        6563
        6610
        6702
        6725
        6773
        6815
        6894
        6901
        6935
        6946
        6981
        7036
        7125
        7179
        7228
        7276
        7345
        7360
        7414
        7497
        7540
        7638
        7724
        7734
        7800
        7837
        7888
        7964
        7995
        8077
        8154
        8156
        8208
        8218
        8290
        8389
        8426
        8519
        8535
        8595
        8691
        8785
        8847
        8866
        8911
        8947
        9036
        9065
        9127
        9174
        9244
        9261
        9336
        9415
        9437
        9509
        9586
        9667
        9748
        9787
        9807
        9841
        9899
        9942
       10039
       10105
       10119
       10197
       10232
       10280
       10301
       10311
       10409
       10497
       10521
       10575
       10592
       10687
       10772
       10854
       10938
       10948
       10963
       11053
       11139
       11178
       11213
       11293
       11326
       11371
       11451
       11468
       11494
       11586
       11657
       11702
       11767
       11847
       11932
       11963
       11968
       11990
       12028
       12112
       12189
       12191
       12209
       12231
       12245
       12324
       12413
       12435
       12468
       12562
       12628
       12663
       12717
       12814
       12867
       12879
       12970
       13032
       13124
       13175
       13214
       13310
       13366
       13392
       13452
       13526
       13527
       13544
       13568
       13592
       13646
       13732
       13784
       13788
       13886
       13899
       13994
       14087
       14111
       14173
       14186
       14249
       14301
       14367
       14392
       14422
       14519
       14607
       14643
       14662
       14753
       14778
       14860
       14929
       15026
       15123
       15160
       15222
       15287
       15371
       15382
       15444
       15498
       15510
       15538
       15625
       15699
       15733
       15786
       15857
       15900
       15959
       15963
       16039
       16126
       16172
       16180
       16254
       16257
       16326
       16359
       16440
       16495
       16523
       16534
       16575
       16631
       16646
       16660
       16722
       16785
       16857
       16936
       16980
       17022
       17095
       17164
       17263
       17273
       17324
       17388
       17390
       17446
       17467
       17564
       17616
       17684
       17757
       17770
       17773
       17872
       17940
       18024
       18051
       18149
       18200
       18207
       18261
       18288
       18296
       18360
       18380
       18440
       18515
       18535
       18541
       18610
       18628
       18653
       18707
       18742
       18774
       18804
       18893
       18974
       19049
       19146
       19239
       19276
       19320
       19387
       19401
       19457
       19517
       19556
       19565
       19631
       19722
       19783
       19841
       19878
       19907
       19977
       20024
       20089
       20099
       20117
       20170
       20195
       20270
       20316
       20346
       20413
       20454
       20543
       20637
       20648
       20716
       20751
       20770
       20869
       20880
       20924
       20968
       21013
       21112
       21204
       21283
       21372
       21439
       21462
       21482
       21537
       21551
       21555
       21644
       21723
       21814
       21857
       21884
       21906
       21918
       21919
       22002
       22074
       22125
       22128
       22183
       22233
       22269
       22294
       22384
       22392
       22482
       22581
       22665
       22711
       22750
       22787
       22875
       22893
       22899
       22957
       22998
       23016
       23055
       23125
       23180
       23202
       23259
       23304
       23393
       23398
       23398
       23420
       23499
       23523
       23571
       23582
       23668
       23698
       23710
       23806
       23841
       23915
       23981
       23987
       24051
       24091
       24173
       24272
       24276
       24280
       24337
       24397
       24467
       24493
       24551
       24579
       24589
       24634
       24693
       24720
       24797
       24874
       24881
       24907
       24907
       24952
       24952
       24978
       25018
       25084
       25154
       25197
       25264
       25271
       25306
       25366
       25402
       25485
       25493
       25512
       25560
       25597
       25619
       25674
       25751
       25809
       25901
       25968
       25981
       26075
       26161
       26237
       26280
       26313
       26318
       26415
       26461
       26544
       26587
       26669
       26752
       26837
       26892
       26943
       27036
       27050
       27054
       27092
       27139
       27212
       27281
       27360
       27375
       27376
       27448
       27504
       27583
       27634
       27701
       27792
       27865
       27946
       27957
       28036
       28104
       28135
       28164
       28218
       28230
       28274
       28291
       28384
       28410
       28428
       28503
       28509
       28583
       28676
       28739
       28831
       28840
       28914
       28968
       29023
       29117
       29199
       29254
       29347
       29358
       29360
       29442
       29460
       29489
       29490
       29583
       29668
       29687
       29755
       29809
       29867
       29885
       29925
       29964
       30005
       30092
       30159
       30168
       30173
       30247
       30250
       30251
       30339
       30423
       30483
       30557
       30584
       30677
       30696
       30791
       30803
       30857
       30891
       30986
       31003
       31087
       31105
       31145
       31155
       31214
       31309
       31376
       31433
       31499
       31519
       31590
       31652
       31728
       31782
       31874
       31918
       31964
       32017
       32022
       32050
       32061
       32124
       32152
       32238
       32281
       32306
       32356
       32441
       32477
       32499
       32535
       32630
       32696
       32713
       32745
       32782
       32827
       32829
       32886
       32915
       33000
       33078
       33123
       33170
       33268
       33335
       33400
       33421
       33454
       33509
       33589
       33619
       33691
       33760
       33831
       33898
       33912
       33977
       34042
       34127
       34149
       34221
       34235
       34277
       34340
       34367
       34400
       34479
       34525
       34548
       34565
       34587
       34656
       34698
       34772
       34838
       34923
       34945
       34956
       35042
       35091
       35177
       35226
       35274
       35280
       35334
       35340
       35421
       35508
       35548
       35591
       35639
       35652
       35728
       35754
       35844
       35891
       35948
       36027
       36054
       36106
       36202
       36232
       36249
       36316
       36395
       36414
       36450
       36541
       36589
       36688
       36783
       36833
       36861
       36953
       36995
       37088
       37088
       37130
       37137
       37183
       37223
       37301
       37338
       37401
       37417
       37509
       37607
       37629
       37653
       37716
       37803
       37864
       37903
       37927
       37985
       38012
       38024
       38080
       38131
       38221
       38226
       38304
       38324
       38338
       38340
       38424
       38441
       38477
       38491
       38570
       38665
       38745
       38819
       38835
       38857
       38893
       38894
       38903
       38965
       39024
       39093
       39136
       39148
       39179
       39271
       39304
       39349
       39402
       39407
       39424
       39500
       39500
       39542
       39543
       39571
       39577
       39676
       39745
       39752
       39783
       39881
       39971
       40022
       40087
       40136
       40163
       40222
       40238
       40314
       40374
       40399
       40466
       40558
       40574
       40578
       40662
       40677
       40720
       40780
       40849
       40948
       41047
       41060
       41127
       41223
       41260
       41293
       41320
       41383
       41415
       41504
       41534
       41545
       41586
       41597
       41624
       41694
       41726
       41786
       41801
       41894
       41981
       42040
       42087
       42157
       42195
       42242
       42290
       42371
       42436
       42529
       42609
       42626
       42643
       42667
       42747
       42780
       42848
       42943
       43003
       43071
       43151
       43247
       43341
       43366
       43382
       43393
       43479
       43563
       43615
       43656
       43707
       43771
       43786
       43835
       43874
       43879
       43892
       43955
       44039
       44065
       44121
       44165
       44251
       44290
       44295
       44389
       44410
       44429
       44496
       44557
       44565
       44661
       44725
       44792
       44792
       44889
       44891
       44955
       44995
       45051
       45063
       45080
       45138
       45163
       45199
       45213
       45297
       45314
       45357
       45446
       45498
       45531
       45622
       45634
       45724
       45794
       45857
       45916
       46008
       46055
       46119
       46213
       46276
       46373
       46379
       46438
       46535
       46608
       46681
       46752
       46754
       46824
       46858
       46945
       46956
       46961
       47033
       47052
       47078
       47110
       47173
       47180
       47228
       47256
       47311
       47353
       47369
       47384
       47480
       47525
       47583
       47652
       47698
       47713
       47730
       47758
       47767
       47774
       47774
       47810
       47905
       47941
       48005
       48080
       48092
       48102
       48155
       48235
       48334
       48358
       48422
       48432
       48454
       48510
       48526
       48611
       48645
       48663
       48705
       48778
       48825
       48877
       48907
       48996
       49055
       49093
       49147
       49168
       49215
       49245
       49277
       49352
       49407
       49426
       49492
       49532
       49569
       49633
       49721
       49754
       49852
       49852
       49951
       50048
       50048
       50142
       50182
       50220
       50303
       50328
       50388
       50487
       50571
       50634
       50635
       50637
       50682
       50709
       50777
       50839
       50923
       50977
       50978
       51060
       51152
       51229
       51307
       51392
       51417
       51467
       51480
       51549
       51616
       51620
       51646
       51687
       51693
       51727
       51812
       51867
       51870
       51930
       51967
       52021
       52106
       52162
       52251
       52267
       52327
       52340
       52379
       52387
       52472
       52513
       52555
       52623
       52626
       52680
       52765
       52835
       52925
       52965
       52979
       53028
       53110
       53142
       53153
       53237
       53258
       53353
       53362
       53460
       53465
       53543
       53611
       53640
       53665
       53733
       53744
       53826
       53908
       53987
       54056
       54092
       54142
       54227
       54324
       54407
       54487
       54582
       54585
       54651
       54699
       54775
       54874
       54934
       55024
       55118
       55180
       55225
       55259
       55270
       55322
       55363
       55401
       55489
       55572
       55652
       55700
       55779
       55809
       55824
       55885
       55970
       56027
       56117
       56174
       56215
       56247
       56259
       56304
       56316
       56333
       56362
       56384
       56412
       56490
       56539
       56579
       56622
       56622
       56627
       56701
       56754
       56777
       56868
       56899
       56998
       57085
       57114
       57186
       57247
       57251
       57291
       57317
       57388
       57441
       57478
       57548
       57613
       57695
       57744
       57775
       57827
       57837
       57887
       57889
       57894
       57926
       57943
       57952
       57993
       58001
       58026
       58040
       58118
       58212
       58305
       58397
       58481
       58504
       58514
       58612
       58686
       58763
       58821
       58887
       58973
       59017
       59105
       59105
       59159
       59217
       59243
       59252
       59283
       59305
       59335
       59349
       59435
       59459
       59472
       59487
       59554
       59585
       59615
       59646
       59700
       59737
       59822
       59855
       59873
       59913
       59932
       59948
       60047
       60142
       60205
       60286
       60299
       60353
       60449
       60481
       60491
       60566
       60599
       60628
       60633
       60664
       60696
       60758
       60837
       60861
       60892
       60978
       61028
       61066
       61090
       61095
       61099
       61187
       61192
       61256
       61353
       61367
       61428
       61477
       61477
       61531
       61600
       61697
       61750
       61806
       61884
       61932
       62017
       62094
       62148
       62233
       62285
       62317
       62400
       62481
       62489
       62548
       62595
       62606
       62629
       62682
       62720
       62797
       62896
       62916
       62931
       62955
       63037
       63047
       63052
       63091
       63165
       63188
       63276
       63299
       63366
       63397
       63413
       63475
       63499
       63578
       63588
       63663
       63676
       63770
       63868
       63957
       63995
       64070
       64088
       64107
       64166
       64218
       64260
       64359
       64422
       64493
       64559
       64627
       64665
       64737
       64791
       64885
       64927
       64975
       65049
       65065
       65108
       65137
       65137
       65161
       65214
       65251
       65255
       65322
       65323
       65326
       65347
       65427
       65439
       65448
       65455
       65490
       65546
       65603
       65666
       65677
       65688
       65772
       65782
       65821
       65909
       65987
       65990
       66056
       66131
       66159
       66160
       66202
       66253
       66305
       66368
       66380
       66429
       66489
       66499
       66521
       66598
       66660
       66739
       66752
       66798
       66881
       66907
       66958
       67017
       67018
       67021
       67051
       67096
       67170
       67254
       67294
       67371
       67440
       67529
       67570
       67606
       67628
       67693
       67786
       67845
       67939
       68000
       68038
       68045
       68069
       68162
       68228
       68291
       68341
       68439
       68535
       68575
       68594
       68597
       68637
       68688
       68741
       68801
       68893
       68941
       68999
       69020
       69039
       69089
       69187
       69219
       69289
       69303
       69374
       69425
       69522
       69592
       69631
       69633
       69649
       69689
       69756
       69830
       69903
       69949
       70000
       70028
       70038
       70083
       70110
       70182
       70228
       70267
       70314
       70321
       70339
       70385
       70474
       70491
       70544
       70623
       70722
       70758
       70767
       70843
       70872
       70892
       70982
       71009
       71107
       71150
       71152
       71216
       71278
       71339
       71347
       71441
       71469
       71563
       71567
       71610
       71671
       71739
       71817
       71865
       71923
       71955
       72018
       72090
       72108
       72172
       72219
       72221
       72239
       72241
       72286
       72350
       72429
       72502
       72544
       72560
       72601
       72652
       72729
       72786
       72826
       72847
       72868
       72900
       72925
       72985
       72989
       73006
       73098
       73173
       73196
       73255
       73273
       73322
       73352
       73420
       73509
       73566
       73577
       73657
       73728
       73744
       73819
       73851
       73897
       73989
       74046
       74069
       74093
       74179
       74192
       74223
       74297
       74308
       74371
       74446
       74500
       74578
       74617
       74629
       74632
       74683
       74770
       74821
       74873
       74972
       74983
       75003
       75025
       75091
       75178
       75260
       75287
       75351
       75392
       75445
       75510
       75583
       75588
       75676
       75766
       75860
       75860
       75902
       75903
       75922
       75988
       76068
       76151
       76205
       76233
       76271
       76324
       76367
       76370
       76468
       76509
       76588
       76636
       76728
       76782
       76783
       76834
       76902
       76964
       77039
       77136
       77224
       77294
       77355
       77369
       77420
       77508
       77514
       77601
       77686
       77767
       77810
       77864
       77864
       77865
       77877
       77950
       77998
       78036
       78099
       78099
       78125
       78138
       78204
       78226
       78256
       78287
       78314
       78322
       78404
       78438
       78482
       78553
       78585
       78586
       78629
       78640
       78713
       78757
       78784
       78850
       78885
       78956
       79012
       79060
       79077
       79145
       79174
       79245
       79257
       79328
       79420
       79444
       79488
       79529
       79567
       79642
       79656
       79739
       79742
       79831
       79891
       79939
       80001
       80032
       80078
       80140
       80172
       80265
       80271
       80277
       80339
       80342
       80393
       80423
       80460
       80543
       80629
       80690
       80758
       80810
       80892
       80956
       80998
       81031
       81034
       81064
       81098
       81100
       81106
       81132
       81198
       81291
       81347
       81398
       81458
       81464
       81531
       81595
       81654
       81666
       81741
       81747
       81755
       81795
       81874
       81963
       82049
       82094
       82115
       82196
       82218
       82237
       82278
       82284
       82326
       82379
       82401
       82490
       82575
       82589
       82658
       82721
       82762
       82796
       82841
       82912
       82932
       82983
       83014
       83113
       83139
       83153
       83181
       83235
       83269
       83285
       83295
       83311
       83346
       83401
       83480
       83484
       83528
       83530
       83542
       83550
       83649
       83726
       83798
       83847
       83878
       83931
       83973
       84013
       84035
       84048
       84059
       84139
       84147
       84172
       84195
       84281
       84337
       84417
       84421
       84513
       84522
       84592
       84652
       84671
       84708
       84773
       84833
       84931
       84972
       85069
       85143
       85210
       85307
       85349
       85445
       85510
       85586
       85677
       85760
       85766
       85767
       85849
       85883
       85951
       86000
       86092
       86126
       86156
       86254
       86266
       86273
       86291
       86349
       86439
       86491
       86502
       86536
       86597
       86647
       86654
       86752
       86842
       86929
       86952
       86987
       87056
       87117
       87174
       87218
       87219
       87287
       87361
       87418
       87501
       87545
       87618
       87679
       87762
       87845
       87888
       87978
       88004
       88014
       88054
       88103
       88107
       88200
       88259
       88342
       88415
       88419
       88429
       88527
       88613
       88639
       88721
       88813
       88855
       88859
       88867
       88907
       88982
       89040
       89137
       89147
       89189
       89241
       89264
       89305
       89356
       89433
       89527
       89527
       89530
       89582
       89632
       89675
       89678
       89750
       89789
       89859
       89892
       89934
       89951
       89966
       89999
       90014
       90040
       90064
       90115
       90118
       90141
       90220
       90241
       90324
       90403
       90501
       90518
       90540
       90577
       90630
       90659
       90740
       90779
       90855
       90909
       91007
       91106
       91112
       91129
       91141
       91150
       91155
       91240
       91260
       91350
       91425
       91521
       91521
       91568
       91586
       91604
       91685
       91730
       91808
       91853
       91898
       91925
       92011
       92011
       92069
       92117
       92213
       92219
       92229
       92328
       92365
       92417
       92477
       92481
       92569
       92596
       92641
       92652
       92678
       92698
       92796
       92800
       92804
       92854
       92875
       92941
       92944
       92962
       92990
       93016
       93105
       93185
       93268
       93339
       93389
       93418
       93467
       93538
       93582
       93586
       93671
       93696
       93761
       93799
       93856
       93926
       93952
       94025
       94049
       94103
       94140
       94195
       94196
       94292
       94300
       94324
       94403
       94426
       94515
       94531
       94602
       94610
       94697
       94705
       94777
       94846
       94899
       94982
       95070
       95087
       95176
       95190
       95205
       95249
       95317
       95345
       95389
       95470
       95548
       95608
       95612
       95706
       95766
       95794
       95809
       95889
       95966
       96005
       96010
       96100
       96142
       96205
       96242
       96257
       96265
       96284
       96313
       96369
       96370
       96424
       96472
       96546
       96574
       96602
       96689
       96755
       96846
       96887
       96909
       96945
       97025
       97046
       97109
       97113
       97177
       97195
       97202
       97227
       97304
       97304
       97354
       97414
       97499
       97515
       97559
       97623
       97658
       97659
       97727
       97764
       97856
       97890
       97945
       97974
       97980
       98079
       98136
       98155
       98218
       98226
       98252
       98287
       98373
       98433
       98490
       98584
       98636
       98662
       98739
       98774
       98871
       98948
       99042
       99141
       99191
       99217
       99245
       99266
       99282
       99330
       99410
       99431
       99443
       99478
       99576
       99647
       99649
       99662
       99679
       99725
       99763
       99854
       99895
       99977
      100020
      100067
      100096
      100138
      100193
      100246
      100260
      100353
      100361
      100428
      100437
      100523
      100621
      100636
      100699
      100790
      100797
      100886
      100905
      101001
      101077
      101094
      101126
      101189
      101201
      101232
      101263
      101307
      101344
      101430
      101522
      101559
      101598
      101635
      101670
      101688
      101743
      101795
      101832
      101890
      101970
      102021
      102113
      102169
      102179
      102255
      102330
      102359
      102363
      102435
      102486
      102527
      102543
      102557
      102583
      102607
      102628
      102642
      102662
      102675
      102713
      102788
      102870
      102874
      102899
      102991
      103088
      103171
      103192
      103204
      103296
      103347
      103406
      103489
      103549
      103573
      103594
      103640
      103686
      103726
      103764
      103842
      103882
      103884
      103948
      103977
      104072
      104137
      104199
      104213
      104310
      104352
      104390
      104453
      104506
      104604
      104613
      104710
      104712
      104795
      104878
      104902
      104909
      104938
      104972
      104983
      105081
      105113
      105208
      105230
      105298
      105312
      105374
      105443
      105506
      105542
      105630
      105716
      105787
      105787
      105873
      105900
      105986
      106017
      106028
      106062
      106149
      106238
      106316
      106405
      106411
      106479
      106488
      106582
      106602
      106664
      106711
      106758
      106795
      106844
      106940
      107020
      107036
      107044
      107071
      107125
      107162
      107254
      107258
      107340
      107356
      107370
      107468
      107495
      107567
      107593
      107632
      107642
      107698
      107749
      107801
      107869
      107894
      107946
      107950
      108039
      108041
      108135
      108145
      108149
      108154
      108247
      108271
      108321
      108388
      108462
      108478
      108554
      108589
      108629
      108632
      108719
      108804
      108866
      108964
      108974
      108975
      109004
      109016
      109058
      109071
      109123
      109146
      109179
      109193
      109288
      109298
      109386
      109480
      109552
      109604
      109621
      109662
      109759
      109854
      109861
      109924
      109946
      110004
      110058
      110077
      110089
      110153
      110173
      110204
      110288
      110369
      110418
      110435
      110521
      110613
      110648
      110695
      110704
      110756
      110829
      110919
      110921
      110935
      110985
      111046
      111131
      111220
      111277
      111324
      111397
      111473
      111483
      111505
      111587
      111601
      111641
      111646
      111735
      111823
      111857
      111926
      111999
      112067
      112083
      112111
      112152
      112193
      112233
      112276
      112355
      112387
      112435
      112502
      112507
      112510
      112562
      112641
      112721
      112781
      112822
      112836
      112903
      112965
      112992
      113027
      113062
      113074
      113133
      113147
      113242
      113276
      113360
      113382
      113419
      113472
      113479
      113547
      113561
      113623
      113706
      113736
      113759
      113784
      113805
      113848
      113854
      113892
      113946
      113996
      114055
      114141
      114190
      114274
      114293
      114337
      114396
      114407
      114482
      114560
      114651
      114699
      114780
      114825
      114852
      114907
      114931
      114932
      114996
      115025
      115025
      115029
      115060
      115070
      115157
      115244
      115259
      115356
      115413
      115493
      115570
      115655
      115656
      115658
      115678
      115734
      115795
      115826
      115885
      115918
      115989
      116004
      116048
      116055
      116123
      116205
      116272
      116368
      116459
      116479
      116536
      116550
      116592
      116642
      116699
      116791
      116791
      116808
      116868
      116898
      116981
      117003
      117025
      117055
      117144
      117189
      117239
      117284
      117347
      117379
      117407
      117460
      117499
      117526
      117580
      117673
      117736
      117756
      117767
      117855
      117878
      117932
      118020
      118038
      118127
      118215
      118244
      118287
      118361
      118418
      118441
      118468
      118540
      118607
      118622
      118675
      118687
      118741
      118788
      118863
      118887
      118911
      118939
      118961
      119044
      119120
      119166
      119228
      119230
      119285
      119340
      119408
      119501
      119531
      119563
      119660
      119699
      119725
      119733
      119794
      119805
      119805
      119885
      119976
      120018
      120018
      120103
      120122
      120127
      120182
      120199
      120290
      120295
      120365
      120370
      120464
      120520
      120525
      120604
      120673
      120743
      120819
      120900
      120931
      120961
      120976
      121031
      121038
      121049
      121053
      121114
      121140
      121217
      121282
      121364
      121435
      121480
      121518
      121586
      121595
      121649
      121651
      121705
      121724
      121762
      121791
      121867
      121895
      121919
      121923
      121958
      122008
      122024
      122082
      122156
      122165
      122233
      122298
      122348
      122410
      122414
      122446
      122450
      122490
      122551
      122629
      122721
      122729
      122797
      122872
      122955
      123052
      123145
      123164
      123257
      123286
      123307
      123314
      123339
      123436
      123485
      123527
      123556
      123609
      123708
      123758
      123835
      123879
      123889
      123955
      123970
      124051
      124119
      124196
      124247
      124298
      124323
      124377
      124471
      124562
      124639
      124643
      124681
      124718
      124813
      124899
      124922
      125012
      125084
      125118
      125148
      125227
      125292
      125296
      125327
      125403
      125446
      125520
      125603
      125702
      125789
      125868
      125874
      125969
      125984
      126045
      126092
      126122
      126157
      126212
      126279
      126371
      126460
      126485
      126523
      126601
      126683
      126782
      126829
      126859
      126890
      126968
      126998
      127058
      127157
      127241
      127287
      127340
      127374
      127429
      127460
      127460
      127502
      127564
      127616
      127647
      127667
      127714
      127798
      127846
      127906
      127991
      128072
      128164
      128224
      128258
      128271
      128276
      128307
      128367
      128425
      128486
      128550
      128592
      128658
      128727
      128741
      128818
      128869
      128960
      129041
      129138
      129169
      129189
      129241
      129318
      129324
      129348
      129396
      129419
      129507
      129529
      129533
      129564
      129656
      129658
      129757
      129811
      129877
      129923
      130021
      130072
      130137
      130199
      130251
      130266
      130363
      130369
      130397
      130407
      130464
      130479
      130506
      130555
      130564
      130663
      130667
      130760
      130794
      130827
      130834
      130904
      130958
      131045
      131045
      131132
      131227
      131296
      131327
      131418
      131455
      131477
      131574
      131645
      131739
      131831
      131883
      131959
      132040
      132116
      132207
      132252
      132281
      132317
      132382
      132460
      132481
      132545
      132550
      132618
      132641
      132668
      132691
      132789
      132887
      132899
      132916
      133010
      133022
      133068
      133123
      133189
      133199
      133224
      133289
      133308
      133392
      133446
      133475
      133571
      133651
      133681
      133683
      133740
      133770
      133867
      133885
      133932
      133996
      134027
      134117
      134209
      134279
      134320
      134413
      134500
      134503
      134523
      134618
      134657
      134695
      134707
      134718
      134754
      134839
      134876
      134891
      134965
      135052
      135063
      135153
      135231
      135236
      135259
      135324
      135334
      135414
      135420
      135480
      135576
      135648
      135677
      135740
      135779
      135828
      135847
      135885
      135956
      135989
      136060
      136103
      136178
      136273
      136363
      136397
      136444
      136474
      136555
      136639
      136699
      136728
      136794
      136803
      136842
      136869
      136869
      136962
      136967
      137063
      137101
      137150
      137171
      137225
      137238
      137316
      137407
      137429
      137444
      137532
      137592
      137650
      137713
      137782
      137816
      137818
      137847
      137864
      137937
      138013
      138102
      138191
      138273
      138337
      138427
      138451
      138542
      138619
      138671
      138742
      138805
      138806
      138833
      138866
      138866
      138887
      138978
      139011
      139106
      139129
      139192
      139197
      139253
      139334
      139370
      139452
      139455
      139494
      139539
      139630
      139726
      139734
      139780
      139801
      139856
      139947
      139992
      140088
      140140
      140239
      140257
      140329
      140374
      140455
      140535
      140596
      140615
      140682
      140775
      140807
      140813
      140889
      140917
      140969
      140999
      141005
      141006
      141103
      141117
      141213
      141248
      141307
      141387
      141423
      141444
      141447
      141526
      141610
      141649
      141698
      141709
      141732
      141822
      141881
      141974
      141986
      142035
      142044
      142112
      142208
      142226
      142294
      142391
      142480
      142531
      142570
      142626
      142664
      142720
      142811
      142842
      142899
      142989
      143015
      143039
      143041
      143066
      143147
      143221
      143301
      143310
      143341
      143356
      143403
      143404
      143457
      143492
      143526
      143605
      143704
      143752
      143835
      143842
      143863
      143932
      143993
      144051
      144097
      144149
      144170
      144232
      144314
      144371
      144401
      144433
      144443
      144484
      144575
      144641
      144689
      144764
      144812
      144880
      144939
      145033
      145054
      145118
      145144
      145203
      145264
      145334
      145359
      145364
      145384
      145460
      145555
      145653
      145688
      145720
      145800
      145835
      145913
      145976
      146000
      146067
      146154
      146199
      146293
      146316
      146341
      146411
      146487
      146584
      146649
      146649
      146739
      146783
      146785
      146845
      146930
      146969
      147050
      147119
      147158
      147165
      147178
      147243
      147261
      147343
      147371
      147465
      147560
      147647
      147706
      147788
      147847
      147847
      147894
      147913
      147977
      148015
      148028
      148038
      148104
      148153
      148212
      148228
      148291
      148350
      148350
      148405
      148427
      148512
      148583
      148615
      148637
      148652
      148750
      148777
      148845
      148884
      148907
      148937
      149003
      149005
      149103
      149158
      149229
      149304
      149338
      149402
      149413
      149487
      149575
      149616
      149699
      149727
      149735
      149831
      149902
      149999
      150033
      150095
      150180
      150247
      150248
      150256
      150329
      150373
      150425
      150458
      150488
      150569
      150656
      150696
      150773
      150799
      150844
      150893
      150942
      150986
      151070
      151114
      151212
      151233
      151270
      151295
      151379
      151416
      151460
      151521
      151603
      151629
      151670
      151688
      151733
      151764
      151803
      151803
      151838
      151851
      151858
      151885
      151914
      151934
      151952
      151996
      152024
      152042
      152077
      152115
      152136
      152166
      152258
      152296
      152304
      152330
      152419
      152452
      152483
      152502
      152547
      152555
      152563
      152581
      152644
      152678
      152694
      152767
      152863
      152938
      152961
      152989
      152989
      153015
      153031
      153043
      153084
      153179
      153268
      153367
      153463
      153491
      153531
      153585
      153615
      153702
      153773
      153868
      153921
      153968
      154045
      154138
      154164
      154204
      154237
      154288
      154363
      154440
      154467
      154536
      154629
      154714
      154751
      154771
      154800
      154894
      154972
      155021
      155058
      155084
      155104
      155144
      155178
      155267
      155355
      155365
      155388
      155407
      155467
      155473
      155564
      155573
      155649
      155682
      155738
      155799
      155847
      155896
      155966
      155971
      156068
      156138
      156198
      156198
      156224
      156245
      156287
      156330
      156388
      156433
      156488
      156580
      156643
      156677
      156704
      156714
      156722
      156732
      156751
      156820
      156906
      156972
      157065
      157154
      157243
      157247
      157325
      157357
      157426
      157518
      157518
      157592
      157661
      157721
      157809
      157880
      157935
      157948
      158040
      158067
      158089
      158121
      158198
      158229
      158285
      158375
      158435
      158442
      158481
      158511
      158590
      158646
      158724
      158752
      158833
      158910
      158946
      158953
      158992
      159077
      159091
      159188
      159273
      159295
      159325
      159412
      159453
      159472
      159497
      159502
      159559
      159643
      159722
      159769
      159789
      159820
      159854
      159913
      159981
      160017
      160039
      160115
      160137
      160223
      160264
      160315
      160404
      160442
      160483
      160493
      160564
      160577
      160633
      160656
      160706
      160790
      160822
      160830
      160894
      160953
      161016
      161016
      161097
      161179
      161238
      161299
      161334
      161359
      161380
      161458
      161496
      161577
      161593
      161631
      161648
      161689
      161714
      161756
      161822
      161885
      161927
      161992
      162055
      162148
      162157
      162170
      162225
      162293
      162326
      162371
      162461
      162560
      162607
      162682
      162743
      162780
      162862
      162931
      162996
      163053
      163143
      163233
      163298
      163336
      163401
      163415
      163487
      163576
      163640
      163706
      163769
      163828
      163854
      163864
      163944
      163965
      164037
      164088
      164129
      164158
      164229
      164305
      164308
      164371
      164456
      164529
      164588
      164655
      164743
      164772
      164786
      164850
      164911
      164958
      164970
      165032
      165057
      165066
      165094
      165190
      165222
      165259
      165259
      165308
      165336
      165370
      165430
      165474
      165528
      165599
      165637
      165671
      165702
      165776
      165793
      165881
      165950
      166023
      166040
      166117
      166171
      166175
      166224
      166273
      166335
      166371
      166412
      166499
      166515
      166602
      166616
      166653
      166682
      166779
      166788
      166824
      166909
      166925
      166995
      167044
      167060
      167143
      167211
      167281
      167311
      167339
      167408
      167485
      167512
      167556
      167609
      167637
      167708
      167723
      167822
      167848
      167879
      167935
      167954
      167997
      168040
      168054
      168135
      168195
      168206
      168253
      168304
      168309
      168311
      168311
      168340
      168413
      168505
      168546
      168578
      168595
      168687
      168710
      168752
      168754
      168799
      168846
      168917
      168967
      169052
      169133
      169215
      169276
      169286
      169295
      169358
      169409
      169429
      169509
      169597
      169672
      169720
      169805
      169840
      169904
      169959
      169993
      170045
      170123
      170193
      170214
      170222
      170292
      170348
      170379
      170414
      170456
      170538
      170613
      170687
      170744
      170802
      170855
      170865
      170909
      170922
      170972
      171045
      171115
      171210
      171299
      171320
      171354
      171377
      171396
      171488
      171518
      171585
      171658
      171698
      171714
      171774
      171863
      171961
      172007
      172084
      172110
      172187
      172223
      172280
      172314
      172357
      172371
      172426
      172466
      172552
      172635
      172657
      172755
      172758
      172780
      172827
      172864
      172948
      172978
      173017
      173082
      173127
      173174
      173204
      173286
      173289
      173339
      173361
      173411
      173433
      173447
      173538
      173540
      173563
      173587
      173650
      173703
      173760
      173799
      173861
      173945
      173983
      174019
      174104
      174113
      174133
      174189
      174282
      174299
      174313
      174329
      174338
      174373
      174390
      174459
      174524
      174537
      174563
      174577
      174655
      174664
      174753
      174829
      174865
      174925
      174930
      174989
      175030
      175128
      175155
      175174
      175244
      175272
      175303
      175311
      175336
      175396
      175433
      175437
      175502
      175502
      175538
      175634
      175681
      175755
      175804
      175897
      175953
      175972
      176052
      176133
      176175
      176182
      176213
      176224
      176231
      176289
      176331
      176358
      176413
      176433
      176493
      176572
      176611
      176655
      176703
      176756
      176772
      176860
      176908
      176972
      177033
      177070
      177136
      177226
      177247
      177266
      177330
      177358
      177378
      177441
      177538
      177612
      177634
      177634
      177675
      177764
      177769
      177849
      177874
      177943
      177952
      178025
      178047
      178132
      178136
      178232
      178292
      178342
      178375
      178423
      178458
      178462
      178485
      178532
      178627
      178634
      178712
      178734
      178787
      178863
      178927
      178949
      178999
      179082
      179085
      179124
      179213
      179257
      179341
      179341
      179383
      179425
      179426
      179509
      179531
      179531
      179563
      179602
      179648
      179679
      179737
      179788
      179872
      179880
      179891
      179964
      180009
      180029
      180093
      180109
      180127
      180159
      180248
      180322
      180408
      180439
      180536
      180539
      180632
      180683
      180698
      180780
      180795
      180835
      180930
      181022
      181042
      181051
      181055
      181147
      181194
      181200
      181203
      181228
      181238
      181256
      181355
      181402
      181434
      181511
      181589
      181594
      181669
      181720
      181780
      181870
      181951
      182020
      182086
      182120
      182122
      182150
      182177
      182256
      182348
      182400
      182457
      182521
      182611
      182613
      182704
      182716
      182773
      182851
      182904
      182988
      182989
      183003
      183070
      183130
      183133
      183214
      183297
      183325
      183336
      183373
      183466
      183497
      183524
      183587
      183658
      183664
      183713
      183799
      183811
      183897
      183920
      183973
      184036
      184134
      184161
      184240
      184247
      184338
      184353
      184367
      184433
      184457
      184536
      184569
      184663
      184720
      184775
      184794
      184877
      184885
      184967
      185058
      185062
      185086
      185130
      185184
      185276
      185276
      185311
      185311
      185339
      185344
      185355
      185430
      185455
      185501
      185547
      185603
      185667
      185673
      185762
      185822
      185834
      185879
      185978
      186074
      186099
      186126
      186140
      186239
      186321
      186415
      186479
      186553
      186616
      186715
      186745
      186766
      186823
      186868
      186873
      186959
      186988
      186998
      187096
      187191
      187204
      187213
      187272
      187315
      187408
      187450
      187524
      187595
      187665
      187671
      187762
      187857
      187929
      187952
      187997
      188040
      188086
      188114
      188150
      188161
      188192
      188243
      188320
      188366
      188417
      188434
      188454
      188484
      188564
      188663
      188711
      188804
      188901
      188913
      188964
      189005
      189006
      189097
      189123
      189168
      189189
      189229
      189281
      189282
      189331
      189343
      189419
      189506
      189545
      189555
      189612
      189654
      189692
      189706
      189793
      189850
      189878
      189974
      190073
      190089
      190089
      190108
      190162
      190221
      190319
      190382
      190444
      190456
      190479
      190517
      190521
      190554
      190588
      190610
      190676
      190763
      190768
      190832
      190890
      190953
      191038
      191127
      191158
      191193
      191292
      191340
      191421
      191422
      191444
      191484
      191491
      191508
      191575
      191669
      191766
      191796
      191849
      191930
      191999
      192081
      192123
      192184
      192239
      192245
      192277
      192345
      192444
      192529
      192589
      192654
      192693
      192780
      192868
      192876
      192925
      193014
      193082
      193115
      193158
      193244
      193308
      193399
      193411
      193491
      193510
      193608
      193650
      193702
      193769
      193851
      193914
      193971
      194006
      194099
      194114
      194151
      194160
      194175
      194211
      194278
      194373
      194439
      194506
      194589
      194682
      194716
      194769
      194829
      194902
      194961
      195043
      195088
      195170
      195262
      195321
      195366
      195450
      195452
      195469
      195510
      195549
      195618
      195655
      195708
      195790
      195865
      195938
      196013
      196065
      196107
      196134
      196172
      196191
      196275
      196326
      196373
      196428
      196476
      196536
      196543
      196574
      196666
      196741
      196833
      196871
      196948
      197027
      197095
      197095
      197137
      197155
      197240
      197258
      197260
      197359
      197379
      197421
      197462
      197513
      197526
      197547
      197560
      197567
      197581
      197596
      197648
      197727
      197753
      197832
      197872
      197949
      197976
      198060
      198106
      198166
      198199
      198280
      198313
      198333
      198341
      198355
      198355
      198442
      198518
      198539
      198546
      198575
      198645
      198687
      198690
      198692
      198701
      198757
      198785
      198791
      198842
      198888
      198892
      198903
      198950
      199015
      199038
      199052
      199142
      199177
      199197
      199259
      199328
      199382
      199416
      199504
      199579
      199606
      199683
      199733
      199796
      199876
      199903
      199921
      199964
      199964
      200008
      200071
      200113
      200184
      200231
      200246
      200254
      200262
      200306
      200352
      200378
      200444
      200473
      200508
      200588
      200686
      200735
      200792
      200798
      200891
      200963
      201004
      201066
      201091
      201132
      201198
      201245
      201331
      201403
      201480
      201564
      201646
      201666
      201686
      201758
      201808
      201812
      201840
      201917
      201973
      202040
      202064
      202086
      202125
      202154
      202155
      202197
      202277
      202308
      202405
      202469
      202553
      202626
      202663
      202714
      202805
      202872
      202923
      202926
      202972
      203018
      203077
      203107
      203139
      203205
      203247
      203345
      203385
      203446
      203535
      203571
      203654
      203706
      203720
      203815
      203817
      203844
      203927
      203984
      204011
      204051
      204054
      204075
      204098
      204098
      204108
      204116
      204177
      204204
      204294
      204381
      204420
      204511
      204536
      204632
      204648
      204692
      204739
      204800
      204862
      204943
      205000
      205015
      205112
      205133
      205174
      205253
      205308
      205359
      205458
      205491
      205567
      205632
      205674
      205693
      205702
      205743
      205788
      205791
      205841
      205898
      205973
      205979
      206024
      206053
      206152
      206173
      206198
      206250
      206269
      206334
      206337
      206397
      206460
      206481
      206540
      206614
      206618
      206689
      206754
      206823
      206827
      206870
      206961
      207005
      207053
      207140
      207217
      207238
      207335
      207389
      207392
      207472
      207489
      207539
      207547
      207547
      207596
      207622
      207678
      207697
      207746
      207770
      207861
      207899
      207985
      208054
      208106
      208123
      208126
      208150
      208233
      208291
      208372
      208430
      208518
      208570
      208622
      208720
      208816
      208876
      208934
      208955
      208980
      209079
      209140
      209146
      209228
      209318
      209385
      209389
      209481
      209520
      209592
      209614
      209666
      209674
      209773
      209845
      209882
      209979
      210000
      210018
      210053
      210145
      210242
      210336
      210375
      210410
      210411
      210421
      210494
      210561
      210594
      210622
      210672
      210755
      210819
      210881
      210980
      211061
      211077
      211124
      211149
      211203
      211300
      211339
      211429
      211465
      211495
      211534
      211546
      211549
      211568
      211631
      211669
      211764
      211778
      211860
      211934
      212006
      212019
      212064
      212143
      212187
      212230
      212233
      212300
      212351
      212431
      212454
      212544
      212614
      212618
      212649
      212649
      212704
      212781
      212831
      212923
      212954
      212958
      213020
      213109
      213129
      213179
      213213
      213220
      213284
      213381
      213454
      213495
      213559
      213645
      213727
      213818
      213839
      213911
      213923
      213943
      213958
      213980
      214073
      214087
      214117
      214126
      214142
      214190
      214268
      214338
      214432
      214476
      214531
      214533
      214626
      214702
      214731
      214745
      214778
      214795
      214828
      214848
      214933
      214938
      214964
      215009
      215050
      215090
      215112
      215129
      215183
      215199
      215216
      215258
      215342
      215405
      215434
      215442
      215515
      215557
      215618
      215657
      215740
      215781
      215812
      215816
      215881
      215962
      215965
      215968
      215969
      216010
      216072
      216114
      216140
      216203
      216208
      216244
      216289
      216345
      216370
      216394
      216470
      216567
      216634
      216661
      216722
      216745
      216839
      216861
      216881
      216883
      216888
      216899
      216901
      216971
      217013
      217107
      217149
      217192
      217282
      217371
      217376
      217438
      217477
      217565
      217639
      217701
      217775
      217854
      217953
      218013
      218041
      218086
      218107
      218159
      218236
      218305
      218341
      218404
      218483
      218554
      218601
      218612
      218687
      218710
      218748
      218766
      218841
      218915
      218949
      218980
      219039
      219089
      219134
      219221
      219315
      219330
      219406
      219417
      219418
      219453
      219493
      219514
      219527
      219621
      219672
      219704
      219774
      219791
      219875
      219972
      220066
      220076
      220076
      220096
      220138
      220214
      220292
      220319
      220321
      220363
      220431
      220499
      220529
      220541
      220633
      220703
      220787
      220883
      220888
      220964
      221041
      221092
      221171
      221193
      221204
      221246
      221258
      221305
      221315
      221353
      221427
      221461
      221551
      221560
      221622
      221631
      221703
      221763
      221805
      221834
      221876
      221884
      221956
      222054
      222077
      222086
      222127
      222213
      222271
      222306
      222341
      222353
      222356
      222387
      222465
      222559
      222630
      222715
      222793
      222805
      222814
      222913
      222925
      223019
      223102
      223177
      223244
      223272
      223313
      223322
      223337
      223406
      223488
      223508
      223517
      223563
      223604
      223695
      223749
      223840
      223840
      223857
      223868
      223887
      223896
      223993
      224020
      224053
      224115
      224203
      224219
      224234
      224286
      224334
      224350
      224443
      224474
      224502
      224543
      224559
      224642
      224720
      224818
      224863
      224868
      224883
      224938
      224956
      225015
      225063
      225123
      225200
      225201
      225233
      225303
      225393
      225410
      225508
      225533
      225559
      225627
      225652
      225750
      225835
      225891
      225897
      225935
      225947
      225974
      225974
      225990
      225990
      226043
      226074
      226129
      226168
      226215
      226255
      226269
      226297
      226299
      226327
      226383
      226400
      226461
      226552
      226648
      226657
      226742
      226804
      226841
      226863
      226881
      226901
      226916
      227005
      227023
      227100
      227137
      227230
      227239
      227324
      227350
      227426
      227448
      227464
      227507
      227553
      227596
      227671
      227757
      227838
      227914
      227976
      228035
      228071
      228116
      228196
      228215
      228237
      228330
      228383
      228402
      228404
      228451
      228481
      228573
      228640
      228700
      228791
      228821
      228841
      228841
      228855
      228882
      228981
      229027
      229097
      229152
      229152
      229216
      229234
      229322
      229323
      229389
      229406
      229458
      229539
      229585
      229651
      229691
      229768
      229837
      229871
      229938
      229943
      229996
      229999
      230018
      230090
      230110
      230134
      230141
      230150
      230176
      230264
      230324
      230363
      230372
      230443
      230509
      230578
      230589
      230673
      230716
      230720
      230764
      230790
      230843
      230921
      231020
      231055
      231141
      231168
      231221
      231290
      231323
      231419
      231471
      231513
      231604
      231621
      231648
      231738
      231769
      231842
      231846
      231875
      231885
      231933
      232031
      232051
      232070
      232167
      232167
      232237
      232326
      232392
      232476
      232494
      232566
      232642
      232707
      232801
      232801
      232860
      232877
      232929
      233009
      233073
      233172
      233174
      233243
      233282
      233331
      233394
      233417
      233503
      233591
      233667
      233709
      233744
      233777
      233844
      233882
      233940
      233962
      234053
      234081
      234116
      234167
      234254
      234290
      234297
      234335
      234336
      234354
      234386
      234434
      234456
      234489
      234510
      234559
      234611
      234701
      234744
      234806
      234882
      234926
      234951
      234963
      234979
      234990
      234991
      235050
      235070
      235100
      235133
      235153
      235219
      235252
      235307
      235325
      235424
      235471
      235543
      235641
      235656
      235708
      235722
      235745
      235747
      235827
      235872
      235888
      235970
      235970
      236051
      236121
      236135
      236175
      236177
      236200
      236274
      236280
      236351
      236420
      236447
      236545
      236570
      236602
      236694
      236742
      236785
      236851
      236871
      236970
      237049
      237093
      237123
      237167
      237259
      237321
      237413
      237450
      237507
      237569
      237570
      237637
      237669
      237708
      237801
      237814
      237829
      237887
      237985
      238064
      238159
      238256
      238257
      238332
      238408
      238470
      238516
      238572
      238583
      238677
      238762
      238789
      238845
      238904
      238997
      239034
      239106
      239128
      239174
      239248
      239263
      239264
      239312
      239410
      239410
      239476
      239489
      239555
      239566
      239616
      239659
      239729
      239735
      239828
      239843
      239920
      239977
      240028
      240063
      240076
      240077
      240144
      240154
      240214
      240215
      240218
      240259
      240270
      240323
      240410
      240443
      240469
      240548
      240629
      240713
      240749
      240823
      240905
      240912
      240954
      241018
      241093
      241103
      241196
      241234
      241235
      241329
      241354
      241394
      241469
      241508
      241540
      241552
      241626
      241709
      241744
      241829
      241928
      241997
      242066
      242100
      242170
      242200
      242246
      242288
      242373
      242402
      242486
      242539
      242622
      242658
      242683
      242771
      242819
      242847
      242863
      242918
      242996
      243029
      243104
      243149
      243203
      243298
      243309
      243393
      243470
      243535
      243545
      243568
      243662
      243684
      243706
      243792
      243879
      243967
      244026
      244026
      244065
      244123
      244142
      244167
      244239
      244309
      244373
      244390
      244472
      244477
      244552
      244606
      244688
      244767
      244865
      244881
      244951
      245034
      245059
      245138
      245178
      245215
      245223
      245297
      245378
      245386
      245432
      245516
      245552
      245559
      245620
      245704
      245764
      245802
      245868
      245941
      245993
      246065
      246103
      246117
      246212
      246309
      246345
      246412
      246456
      246534
      246576
      246655
      246668
      246734
      246761
      246785
      246799
      246802
      246861
      246879
      246920
      246942
      247040
      247137
      247178
      247254
      247352
      247386
      247467
      247508
      247548
      247602
      247631
      247712
      247791
      247873
      247966
      248060
      248072
      248122
      248157
      248192
      248248
      248263
      248297
      248313
      248385
      248428
      248515
      248610
      248706
      248706
      248729
      248784
      248874
      248939
      248940
      249017
      249107
      249163
      249230
      249233
      249275
      249341
      249395
      249464
      249507
      249554
      249628
      249709
      249749
      249818
      249870
      249872
      249909
      250004
      250073
      250096
      250170
      250184
      250272
      250302
      250394
      250428
      250494
      250514
      250613
      250672
      250688
      250775
      250827
      250854
      250874
      250956
      250990
      251001
      251057
      251118
      251140
      251195
      251265
      251297
      251395
      251409
      251451
      251526
      251591
      251614
      251627
      251718
      251761
      251809
      251888
      251949
      252020
      252071
      252107
      252131
      252164
      252260
      252310
      252341
      252412
      252415
      252477
      252550
      252584
      252596
      252690
      252776
      252854
      252915
      252930
      253025
      253095
      253181
      253240
      253318
      253364
      253397
      253468
      253533
      253613
      253616
      253674
      253706
      253736
      253761
      253806
      253846
      253919
      253927
      253929
      254013
      254095
      254163
      254226
      254243
      254295
      254328
      254414
      254504
      254580
      254627
      254639
      254728
      254784
      254802
      254832
      254838
      254851
      254855
      254931
      254942
      254996
      255083
      255139
      255224
      255255
      255352
      255427
      255448
      255516
      255562
      255660
      255682
      255690
      255775
      255778
      255786
      255871
      255933
      256009
      256062
      256161
      256231
      256231
      256279
      256314
      256316
      256382
      256400
      256410
      256422
      256471
      256552
      256589
      256603
      256631
      256649
      256730
      256795
      256825
      256836
      256893
      256968
      257033
      257069
      257071
      257131
      257179
      257259
      257303
      257394
      257488
      257513
      257611
      257689
      257785
      257805
      257861
      257926
      257992
      258072
      258133
      258200
      258251
      258286
      258327
      258341
      258367
      258432
      258439
      258515
      258599
      258627
      258695
      258750
      258817
      258850
      258926
      258929
      258943
      258954
      259037
      259056
      259078
      259117
      259150
      259181
      259230
      259235
      259318
      259364
      259390
      259406
      259489
      259582
      259609
      259660
      259701
      259754
      259765
      259859
      259956
      259960
      260017
      260024
      260079
      260093
      260144
      260186
      260244
      260268
      260314
      260347
      260409
      260423
      260427
      260429
      260492
      260536
      260615
      260638
      260715
      260746
      260816
      260850
      260867
      260938
      260996
      261068
      261125
      261151
      261207
      261212
      261216
      261232
      261261
      261307
      261317
      261328
      261423
      261522
      261574
      261575
      261649
      261669
      261733
      261733
      261825
      261845
      261860
      261903
      261973
      262052
      262069
      262135
      262208
      262261
      262265
      262362
      262419
      262428
      262492
      262514
      262556
      262631
      262716
      262734
      262789
      262857
      262920
      263017
      263024
      263072
      263171
      263183
      263221
      263302
      263390
      263466
      263475
      263546
      263561
      263564
      263626
      263706
      263797
      263797
      263864
      263918
      263976
      264058
      264082
      264177
      264272
      264275
      264322
      264324
      264377
      264383
      264447
      264542
      264592
      264598
      264695
      264780
      264876
      264958
      265047
      265052
      265091
      265157
      265195
      265272
      265358
      265416
      265490
      265504
      265561
      265562
      265603
      265702
      265754
      265850
      265945
      265961
      266006
      266073
      266134
      266146
      266159
      266185
      266202
      266246
      266290
      266365
      266456
      266523
      266576
      266612
      266652
      266718
      266739
      266745
      266775
      266792
      266888
      266968
      266981
      266997
      267017
      267054
      267101
      267124
      267204
      267227
      267287
      267291
      267337
      267387
      267411
      267468
      267567
      267660
      267679
      267694
      267712
      267779
      267782
      267851
      267887
      267899
      267908
      267961
      268033
      268101
      268197
      268291
      268313
      268335
      268378
      268477
      268516
      268572
      268596
      268675
      268763
      268799
      268880
      268959
      269025
      269064
      269099
      269133
      269218
      269314
      269376
      269409
      269429
      269454
      269493
      269550
      269593
      269649
      269721
      269763
      269849
      269926
      269981
      270006
      270011
      270043
      270061
      270154
      270231
      270271
      270287
      270331
      270423
      270497
      270533
      270541
      270639
      270714
      270784
      270833
      270883
      270903
      270958
      270990
      271083
      271110
      271111
      271146
      271193
      271245
      271263
      271298
      271338
      271392
      271442
      271461
      271549
      271603
      271697
      271778
      271783
      271824
      271919
      271950
      271974
      272046
      272108
      272199
      272217
      272261
      272274
      272294
      272352
      272360
      272375
      272474
      272535
      272543
      272558
      272607
      272639
      272728
      272751
      272796
      272865
      272918
      272927
      272951
      273018
      273019
      273043
      273088
      273160
      273197
      273243
      273293
      273383
      273443
      273473
      273554
      273624
      273642
      273651
      273723
      273800
      273897
      273949
      274039
      274102
      274129
      274198
      274241
      274319
      274416
      274472
      274500
      274565
      274615
      274689
      274754
      274786
      274842
      274884
      274905
      274996
      275094
      275173
      275221
      275275
      275279
      275354
      275393
      275463
      275550
      275647
      275721
      275724
      275793
      275832
      275918
      275927
      276011
      276076
      276126
      276199
      276206
      276297
      276311
      276374
      276427
      276507
      276578
      276599
      276670
      276700
      276723
      276802
      276824
      276840
      276858
      276881
      276944
      276954
      277037
      277131
      277212
      277304
      277329
      277379
      277436
      277529
      277614
      277675
      277718
      277739
      277745
      277842
      277931
      277958
      278029
      278122
      278192
      278200
      278286
      278329
      278355
      278373
      278444
      278455
      278551
      278645
      278737
      278767
      278793
      278872
      278872
      278965
      279042
      279060
      279128
      279140
      279201
      279282
      279313
      279388
      279389
      279437
      279516
      279578
      279583
      279584
      279646
      279649
      279682
      279687
      279785
      279868
      279875
      279879
      279935
      280016
      280076
      280106
      280193
      280269
      280346
      280430
      280432
      280451
      280520
      280605
      280605
      280614
      280668
      280732
      280737
      280791
      280889
      280958
      280963
      280970
      281000
      281008
      281084
      281112
      281162
      281241
      281319
      281344
      281350
      281401
      281474
      281521
      281579
      281579
      281678
      281728
      281782
      281867
      281947
      282038
      282054
      282055
      282070
      282071
      282084
      282110
      282134
      282157
      282196
      282253
      282259
      282296
      282363
      282424
      282458
      282484
      282578
      282646
      282648
      282715
      282730
      282798
      282829
      282895
      282921
      282958
      283015
      283045
      283111
      283156
      283206
      283208
      283307
      283396
      283436
      283489
      283562
      283613
      283619
      283678
      283777
      283822
      283843
      283871
      283895
      283968
      283968
      284061
      284156
      284214
      284263
      284317
      284405
      284455
      284483
      284530
      284608
      284663
      284681
      284764
      284769
      284864
      284869
      284959
      284987
      284999
      285054
      285125
      285222
      285284
      285374
      285429
      285450
      285479
      285504
      285523
      285596
      285653
      285713
      285740
      285743
      285788
      285818
      285854
      285912
      285938
      285977
      285995
      286092
      286154
      286160
      286241
      286316
      286379
      286453
      286508
      286537
      286582
      286678
      286730
      286739
      286746
      286809
      286816
      286834
      286869
      286907
      286908
      286944
      287039
      287052
      287109
      287155
      287196
      287280
      287291
      287340
      287406
      287466
      287475
      287497
      287537
      287570
      287647
      287686
      287729
      287759
      287796
      287816
      287852
      287921
      287926
      287985
      288057
      288059
      288070
      288099
      288195
      288249
      288295
      288321
      288389
      288452
      288477
      288487
      288489
      288496
      288527
      288614
      288682
      288721
      288738
      288823
      288920
      288931
      288947
      288950
      289022
      289029
      289039
      289099
      289165
      289245
      289253
      289288
      289336
      289337
      289369
      289428
      289439
      289525
      289543
      289596
      289627
      289645
      289717
      289727
      289738
      289762
      289786
      289871
      289913
      289996
      290010
      290042
      290072
      290163
      290169
      290251
      290259
      290315
      290316
      290322
      290364
      290460
      290544
      290631
      290661
      290699
      290744
      290818
      290853
      290921
      290986
      291049
      291132
      291229
      291293
      291375
      291389
      291462
      291512
      291526
      291536
      291546
      291579
      291666
      291667
      291745
      291788
      291826
      291890
      291932
      291953
      292021
      292072
      292154
      292186
      292219
      292279
      292306
      292357
      292443
      292523
      292621
      292626
      292654
      292749
      292834
      292925
      293022
      293088
      293097
      293123
      293123
      293170
      293191
      293226
      293304
      293360
      293407
      293431
      293495
      293529
      293533
      293548
      293630
      293717
      293801
      293893
      293963
      293978
      294072
      294079
      294117
      294154
      294215
      294227
      294290
      294312
      294364
      294391
      294397
      294470
      294556
      294645
      294707
      294762
      294818
      294859
      294895
      294933
      295024
      295071
      295112
      295175
      295207
      295242
      295296
      295351
      295356
      295397
      295461
      295506
      295523
      295545
      295566
      295647
      295730
      295823
      295826
      295894
      295940
      295943
      296018
      296044
      296137
      296167
      296216
      296226
      296307
      296377
      296456
      296526
      296540
      296639
      296641
      296679
      296749
      296824
      296881
      296884
      296960
      296968
      297017
      297107
      297172
      297259
      297273
      297355
      297416
      297494
      297514
      297535
      297578
      297621
      297661
      297753
      297778
      297834
      297871
      297879
      297957
      298040
      298080
      298158
      298170
      298249
      298290
      298351
      298441
      298494
      298544
      298582
      298616
      298709
      298768
      298769
      298861
      298952
      298960
      299032
      299116
      299117
      299142
      299162
      299236
      299251
      299281
      299342
      299360
      299391
      299411
      299460
      299554
      299596
      299641
      299676
      299713
      299729
      299826
      299886
      299981
      299988
      300062
      300135
      300218
      300254
      300300
      300325
      300404
      300467
      300490
      300536
      300606
      300682
      300778
      300877
      300881
      300933
      301020
      301068
      301088
      301150
      301218
      301278
      301343
      301358
      301386
      301451
      301537
      301538
      301630
      301712
      301712
      301765
      301766
      301768
      301837
      301851
      301912
      301951
      302017
      302059
      302135
      302143
      302192
      302259
      302305
      302363
      302398
      302462
      302541
      302611
      302672
      302717
      302730
      302799
      302833
      302887
      302940
      303023
      303044
      303121
      303173
      303203
      303274
      303361
      303382
      303387
      303421
      303456
      303511
      303516
      303537
      303608
      303704
      303723
      303786
      303854
      303917
      303962
      303985
      304083
      304182
      304225
      304252
      304307
      304374
      304404
      304492
      304576
      304611
      304676
      304763
      304839
      304931
      305020
      305031
      305046
      305048
      305087
      305167
      305204
      305272
      305355
      305366
      305383
      305470
      305515
      305561
      305612
      305647
      305737
      305801
      305850
      305893
      305967
      306014
      306035
      306118
      306137
      306235
      306309
      306345
      306422
      306434
      306529
      306591
      306680
      306777
      306830
      306832
      306862
      306867
      306905
      306973
      307006
      307024
      307096
      307169
      307253
      307273
      307293
      307379
      307437
      307511
      307537
      307605
      307613
      307707
      307769
      307860
      307862
      307879
      307906
      307981
      308052
      308063
      308158
      308192
      308286
      308353
      308398
      308436
      308513
      308537
      308553
      308557
      308620
      308655
      308695
      308728
      308743
      308790
      308827
      308873
      308929
      308930
      309004
      309061
      309084
      309126
      309187
      309257
      309303
      309365
      309424
      309477
      309512
      309518
      309533
      309556
      309609
      309667
      309715
      309785
      309787
      309818
      309844
      309901
      309917
      309972
      310049
      310060
      310141
      310159
      310181
      310206
      310270
      310337
      310433
      310505
      310565
      310570
      310591
      310669
      310698
      310744
      310772
      310827
      310905
      310954
      311033
      311070
      311131
      311134
      311223
      311231
      311326
      311389
      311430
      311430
      311500
      311527
      311535
      311606
      311660
      311755
      311798
      311888
      311980
      311994
      312040
      312113
      312175
      312208
      312289
      312307
      312390
      312435
      312444
      312472
      312536
      312577
      312638
      312652
      312665
      312708
      312789
      312849
      312882
      312954
      313041
      313137
      313208
      313269
      313335
      313336
      313430
      313452
      313463
      313530
      313538
      313559
      313611
      313679
      313739
      313816
      313852
      313951
      313966
      314041
      314139
      314210
      314244
      314339
      314342
      314342
      314430
      314441
      314446
      314460
      314485
      314578
      314651
      314720
      314766
      314809
      314841
      314906
      314969
      315045
      315104
      315153
      315169
      315255
      315299
      315327
      315347
      315385
      315475
      315562
      315619
      315634
      315703
      315704
      315718
      315790
      315824
      315896
      315929
      315953
      315988
      316068
      316107
      316116
      316124
      316221
      316265
      316319
      316397
      316404
      316416
      316493
      316589
      316602
      316603
      316690
      316759
      316831
      316879
      316942
      317001
      317030
      317035
      317105
      317174
      317211
      317306
      317398
      317448
      317463
      317483
      317556
      317639
      317642
      317664
      317715
      317743
      317791
      317858
      317944
