           2
          56
         102
         137
         177
         261
         265
         313
         325
         341
         370
         458
         467
         533
         591
         638
         672
         738
         826
         840
         933
         962
        1049
        1080
        1104
        1160
        1249
        1289
        1289
        1387
        1437
        1503
        1527
        1589
        1619
        1620
        1639
        1733
        1786
        1830
        1875
        1927
        1960
        2016
        2035
        2077
        2173
        2260
        2286
        2367
        2397
        2457
        2553
        2604
        2657
        2682
        2694
        2777
        2785
        2842
        2842
        2931
        2987
        3024
        3055
        3105
        3134
        3202
        3221
        3271
        3298
        3380
        3466
        3479
        3523
        3614
        3702
        3794
        3884
        3974
        3976
        4062
        4158
        4173
        4265
        4358
        4405
        4465
        4560
        4618
        4697
        4757
        4784
        4838
        4926
        4932
        4999
        5053
        5090
        5113
        5196
        5202
        5283
        5341
        5426
        5439
        5467
        5508
        5604
        5608
        5652
        5692
        5712
        5769
        5859
        5869
        5904
        5986
        6053
        6066
        6077
        6153
        6157
        6222
        6299
        6386
        6466
        6541
        6593
        6621
        6672
        6694
        6732
        6802
        6861
        6929
        7006
        7027
        7083
        7139
        7153
        7175
        7177
        7239
        7285
        7313
        7322
        7421
        7429
        7465
        7550
        7610
        7623
        7623
        7645
        7647
        7738
        7752
        7761
        7806
        7873
        7912
        7993
        8077
        8098
        8129
        8216
        8235
        8268
        8316
        8362
        8377
        8418
        8428
        8519
        8614
        8646
        8717
        8776
        8814
        8838
        8856
        8893
        8977
        9000
        9096
        9180
        9191
        9248
        9318
        9346
        9357
        9412
        9484
        9583
        9636
        9665
        9675
        9688
        9692
        9703
        9726
        9730
        9739
        9775
        9865
        9920
       10019
       10057
       10065
       10132
       10139
       10194
       10259
       10271
       10317
       10339
       10423
       10482
       10540
       10603
       10614
       10700
       10768
       10780
       10862
       10934
       10975
       11073
       11119
       11181
       11209
       11223
       11232
       11311
       11327
       11335
       11337
       11341
       11406
       11416
       11420
       11467
       11483
       11500
       11542
       11581
       11605
       11699
       11747
       11770
       11810
       11876
       11914
       11995
       12063
       12101
       12158
       12188
       12268
       12351
       12386
       12473
       12558
       12653
       12730
       12826
       12857
       12944
       13030
       13066
       13086
       13086
       13120
       13130
       13169
       13261
       13287
       13321
       13420
       13502
       13527
       13557
       13559
       13620
       13646
       13712
       13766
       13864
       13898
       13900
       13922
       14000
       14087
       14098
       14184
       14246
       14263
       14280
       14314
       14367
       14411
       14454
       14524
       14548
       14586
       14622
       14670
       14687
       14770
       14832
       14843
       14854
       14905
       14979
       14979
       15039
       15120
       15127
       15139
       15210
       15258
       15356
       15446
       15498
       15577
       15631
       15690
       15778
       15851
       15941
       15969
       16037
       16051
       16054
       16150
       16201
       16250
       16293
       16362
       16422
       16521
       16584
       16674
       16694
       16731
       16743
       16827
       16902
       16902
       16970
       17019
       17085
       17184
       17185
       17202
       17248
       17274
       17360
       17370
       17444
       17510
       17577
       17639
       17730
       17764
       17856
       17902
       17927
       17957
       18042
       18065
       18095
       18176
       18217
       18278
       18283
       18379
       18417
       18490
       18548
       18586
       18675
       18704
       18803
       18887
       18928
       19022
       19100
       19148
       19151
       19162
       19227
       19309
       19401
       19479
       19482
       19492
       19532
       19552
       19583
       19602
       19634
       19722
       19766
       19783
       19808
       19816
       19897
       19924
       19990
       20031
       20101
       20191
       20286
       20293
       20316
       20396
       20436
       20487
       20540
       20543
       20592
       20675
       20740
       20767
       20772
       20801
       20869
       20927
       21025
       21078
       21087
       21122
       21154
       21245
       21246
       21336
       21408
       21497
       21512
       21611
       21620
       21665
       21738
       21774
       21870
       21941
       21941
       22040
       22068
       22160
       22243
       22310
       22397
       22488
       22559
       22657
       22720
       22754
       22767
       22858
       22859
       22928
       22980
       23039
       23085
       23184
       23207
       23224
       23272
       23338
       23427
       23429
       23470
       23564
       23618
       23701
       23740
       23755
       23840
       23897
       23961
       23990
       24061
       24158
       24246
       24329
       24392
       24442
       24539
       24568
       24655
       24735
       24805
       24811
       24889
       24983
       24994
       25051
       25087
       25122
       25193
       25234
       25275
       25337
       25346
       25429
       25502
       25510
       25565
       25608
       25687
       25722
       25800
       25852
       25874
       25959
       25979
       26041
       26056
       26151
       26180
       26230
       26230
       26261
       26327
       26363
       26400
       26452
       26468
       26469
       26469
       26540
       26601
       26647
       26716
       26770
       26805
       26805
       26877
       26926
       26945
       27040
       27067
       27159
       27225
       27231
       27317
       27405
       27430
       27452
       27491
       27519
       27593
       27672
       27700
       27749
       27780
       27810
       27889
       27977
       28038
       28109
       28142
       28153
       28223
       28226
       28231
       28320
       28375
       28451
       28518
       28603
       28673
       28729
       28763
       28842
       28876
       28912
       28916
       28984
       29044
       29098
       29113
       29188
       29248
       29327
       29408
       29432
       29469
       29500
       29564
       29630
       29675
       29691
       29724
       29784
       29847
       29854
       29940
       29954
       29994
       30089
       30100
       30110
       30113
       30207
       30225
       30264
       30348
       30379
       30450
       30524
       30558
       30590
       30597
       30659
       30706
       30776
       30855
       30897
       30989
       31031
       31098
       31152
       31158
       31217
       31235
       31274
       31333
       31393
       31468
       31494
       31553
       31581
       31648
       31718
       31732
       31815
       31838
       31926
       32023
       32085
       32153
       32164
       32240
       32327
       32391
       32430
       32470
       32513
       32601
       32661
       32738
       32793
       32802
       32889
       32926
       32932
       32977
       33005
       33050
       33073
       33105
       33155
       33184
       33220
       33264
       33347
       33366
       33438
       33486
       33554
       33566
       33567
       33627
       33666
       33735
       33824
       33908
       33998
       34052
       34127
       34150
       34188
       34199
       34223
       34265
       34278
       34317
       34393
       34492
       34510
       34575
       34594
       34672
       34764
       34849
       34903
       34993
       35006
       35031
       35063
       35099
       35156
       35174
       35178
       35197
       35284
       35315
       35317
       35345
       35411
       35424
       35438
       35438
       35522
       35522
       35552
       35573
       35602
       35666
       35688
       35740
       35767
       35812
       35872
       35879
       35954
       36001
       36092
       36099
       36187
       36223
       36227
       36281
       36360
       36435
       36469
       36539
       36562
       36610
       36709
       36770
       36815
       36884
       36897
       36985
       37058
       37111
       37149
       37183
       37247
       37327
       37423
       37464
       37526
       37593
       37634
       37667
       37729
       37820
       37854
       37877
       37879
       37898
       37962
       38035
       38075
       38145
       38221
       38292
       38312
       38325
       38360
       38367
       38438
       38528
       38572
       38663
       38670
       38694
       38697
       38720
       38753
       38800
       38897
       38992
       38992
       39014
       39059
       39125
       39159
       39224
       39315
       39331
       39354
       39357
       39371
       39466
       39474
       39525
       39529
       39575
       39658
       39718
       39721
       39785
       39851
       39875
       39922
       39949
       39949
       39973
       40009
       40022
       40114
       40118
       40159
       40206
       40236
       40253
       40342
       40409
       40444
       40519
       40605
       40617
       40668
       40676
       40735
       40746
       40806
       40832
       40892
       40987
       41011
       41102
       41115
       41136
       41231
       41281
       41337
       41349
       41409
       41416
       41473
       41491
       41580
       41608
       41656
       41666
       41742
       41779
       41837
       41881
       41944
       42019
       42079
       42170
       42227
       42296
       42373
       42453
       42465
       42508
       42564
       42650
       42725
       42804
       42824
       42913
       42970
       43001
       43042
       43048
       43072
       43093
       43180
       43209
       43241
       43280
       43332
       43335
       43362
       43410
       43457
       43521
       43522
       43545
       43571
       43609
       43621
       43692
       43779
       43877
       43918
       44014
       44113
       44165
       44263
       44346
       44416
       44489
       44495
       44502
       44563
       44632
       44718
       44723
       44783
       44866
       44942
       45000
       45099
       45152
       45237
       45322
       45372
       45421
       45452
       45479
       45481
       45495
       45504
       45587
       45612
       45653
       45683
       45750
       45820
       45879
       45895
       45953
       45995
       46028
       46089
       46141
       46160
       46166
       46243
       46261
       46301
       46342
       46412
       46504
       46577
       46627
       46662
       46693
       46732
       46820
       46877
       46939
       46962
       46965
       47022
       47098
       47154
       47188
       47276
       47280
       47308
       47331
       47395
       47410
       47461
       47542
       47615
       47633
       47659
       47714
       47744
       47792
       47882
       47970
       48010
       48107
       48185
       48197
       48257
       48278
       48354
       48399
       48453
       48540
       48628
       48644
       48737
       48824
       48856
       48879
       48943
       49032
       49049
       49093
       49125
       49141
       49188
       49194
       49206
       49274
       49349
       49398
       49473
       49510
       49512
       49544
       49553
       49598
       49603
       49692
       49714
       49774
       49852
       49896
       49903
       49937
       50013
       50017
       50051
       50127
       50127
       50155
       50183
       50268
       50332
       50411
       50472
       50529
       50529
       50571
       50628
       50673
       50673
       50681
       50690
       50711
       50731
       50782
       50854
       50946
       50996
       51009
       51011
       51047
       51117
       51133
       51218
       51237
       51313
       51411
       51468
       51561
       51653
       51662
       51752
       51833
       51859
       51935
       52021
       52106
       52133
       52216
       52313
       52407
       52459
       52459
       52515
       52604
       52630
       52699
       52770
       52840
       52937
       52956
       53013
       53108
       53137
       53152
       53228
       53260
       53283
       53345
       53422
       53422
       53460
       53465
       53526
       53585
       53668
       53730
       53775
       53794
       53882
       53935
       53988
       54069
       54123
       54153
       54167
       54199
       54265
       54280
       54371
       54464
       54494
       54496
       54516
       54604
       54636
       54718
       54782
       54805
       54882
       54905
       54986
       55032
       55055
       55145
       55186
       55210
       55308
       55326
       55399
       55476
       55553
       55594
       55638
       55732
       55777
       55856
       55912
       55940
       56039
       56109
       56129
       56181
       56266
       56306
       56332
       56375
       56468
       56521
       56566
       56612
       56616
       56666
       56671
       56762
       56844
       56914
       57003
       57008
       57065
       57086
       57154
       57182
       57196
       57226
       57319
       57371
       57392
       57419
       57463
       57489
       57579
       57644
       57725
       57757
       57830
       57859
       57890
       57892
       57908
       57983
       57995
       58004
       58054
       58117
       58161
       58203
       58235
       58261
       58280
       58330
       58415
       58430
       58503
       58563
       58641
       58679
       58683
       58689
       58727
       58754
       58805
       58858
       58956
       59040
       59059
       59146
       59168
       59196
       59264
       59319
       59373
       59396
       59430
       59455
       59513
       59582
       59634
       59667
       59753
       59849
       59879
       59906
       59941
       59975
       60005
       60031
       60126
       60204
       60238
       60317
       60356
       60391
       60451
       60550
       60556
       60619
       60663
       60708
       60722
       60821
       60863
       60928
       60937
       60951
       60991
       61031
       61085
       61131
       61192
       61212
       61294
       61330
       61342
       61432
       61518
       61549
       61604
       61615
       61681
       61744
       61837
       61873
       61958
       62029
       62068
       62121
       62213
       62301
       62340
       62380
       62405
       62473
       62536
       62607
       62664
       62695
       62768
       62862
       62961
       63011
       63045
       63071
       63141
       63151
       63242
       63254
       63278
       63342
       63381
       63414
       63457
       63524
       63583
       63637
       63681
       63770
       63796
       63855
       63896
       63982
       64018
       64100
       64135
       64161
       64193
       64270
       64327
       64397
       64485
       64525
       64596
       64604
       64636
       64645
       64714
       64771
       64842
       64848
       64860
       64900
       64994
       65052
       65053
       65087
       65162
       65243
       65292
       65380
       65403
       65486
       65502
       65555
       65565
       65626
       65659
       65710
       65801
       65846
       65910
       65962
       65995
       66088
       66181
       66256
       66354
       66444
       66539
       66542
       66549
       66592
       66649
       66728
       66827
       66854
       66931
       67030
       67085
       67142
       67178
       67235
       67326
       67340
       67354
       67426
       67433
       67522
       67603
       67690
       67760
       67830
       67905
       67905
       67908
       67964
       68014
       68039
       68096
       68114
       68195
       68249
       68264
       68270
       68338
       68405
       68487
       68516
       68549
       68560
       68622
       68679
       68733
       68825
       68897
       68971
       68998
       69006
       69025
       69103
       69196
       69279
       69341
       69439
       69488
       69546
       69592
       69612
       69691
       69744
       69757
       69770
       69778
       69871
       69895
       69978
       70068
       70075
       70144
       70166
       70261
       70332
       70332
       70431
       70469
       70568
       70578
       70673
       70770
       70813
       70838
       70880
       70973
       70999
       71057
       71104
       71184
       71264
       71302
       71383
       71393
       71393
       71461
       71467
       71518
       71577
       71587
       71602
       71679
       71706
       71769
       71839
       71843
       71876
       71913
       72005
       72087
       72133
       72172
       72252
       72300
       72322
       72349
       72421
       72443
       72447
       72537
       72538
       72610
       72692
       72692
       72728
       72738
       72784
       72847
       72899
       72945
       73008
       73047
       73060
       73137
       73225
       73240
       73318
       73381
       73480
       73545
       73565
       73650
       73651
       73715
       73801
       73840
       73900
       73964
       74000
       74038
       74111
       74162
       74191
       74290
       74313
       74338
       74380
       74395
       74490
       74516
       74528
       74569
       74634
       74719
       74769
       74809
       74897
       74958
       74978
       75048
       75096
       75144
       75172
       75238
       75322
       75381
       75457
       75524
       75590
       75658
       75712
       75785
       75808
       75888
       75979
       76010
       76070
       76157
       76203
       76292
       76373
       76412
       76456
       76513
       76597
       76632
       76650
       76701
       76763
       76829
       76882
       76951
       77005
       77088
       77121
       77121
       77169
       77237
       77321
       77337
       77432
       77448
       77471
       77479
       77565
       77619
       77691
       77775
       77802
       77895
       77961
       78029
       78118
       78123
       78146
       78238
       78243
       78341
       78377
       78381
       78418
       78469
       78513
       78562
       78583
       78669
       78674
       78721
       78764
       78800
       78800
       78888
       78963
       79014
       79087
       79174
       79203
       79257
       79290
       79319
       79396
       79484
       79563
       79660
       79679
       79721
       79806
       79838
       79839
       79935
       80033
       80035
       80112
       80204
       80229
       80260
       80266
       80359
       80385
       80405
       80483
       80530
       80614
       80635
       80694
       80744
       80813
       80857
       80924
       80957
       81040
       81112
       81121
       81181
       81191
       81245
       81315
       81405
       81465
       81482
       81508
       81519
       81557
       81601
       81636
       81676
       81741
       81747
       81771
       81849
       81910
       81952
       82001
       82056
       82111
       82165
       82240
       82312
       82357
       82397
       82490
       82578
       82599
       82690
       82786
       82880
       82943
       83011
       83079
       83102
       83194
       83267
       83294
       83393
       83437
       83446
       83536
       83611
       83648
       83732
       83792
       83878
       83955
       84022
       84028
       84125
       84147
       84226
       84290
       84298
       84373
       84381
       84394
       84476
       84561
       84561
       84654
       84735
       84748
       84776
       84791
       84826
       84859
       84939
       84969
       85042
       85130
       85150
       85206
       85226
       85231
       85296
       85337
       85369
       85466
       85540
       85593
       85643
       85678
       85767
       85837
       85859
       85898
       85988
       86052
       86052
       86068
       86093
       86192
       86280
       86329
       86396
       86459
       86464
       86546
       86631
       86637
       86715
       86802
       86883
       86969
       86978
       87038
       87077
       87144
       87203
       87233
       87256
       87269
       87291
       87343
       87383
       87457
       87482
       87523
       87615
       87616
       87697
       87763
       87859
       87923
       87980
       88011
       88041
       88135
       88162
       88252
       88346
       88440
       88511
       88596
       88689
       88734
       88782
       88820
       88917
       88995
       89055
       89150
       89182
       89209
       89282
       89334
       89365
       89417
       89487
       89551
       89603
       89631
       89658
       89752
       89801
       89866
       89904
       89924
       89954
       89991
       89996
       90044
       90106
       90137
       90166
       90196
       90222
       90284
       90325
       90334
       90351
       90353
       90356
       90364
       90396
       90401
       90411
       90417
       90498
       90532
       90549
       90640
       90678
       90710
       90804
       90831
       90834
       90880
       90922
       91006
       91060
       91116
       91155
       91201
       91225
       91257
       91294
       91321
       91391
       91410
       91462
       91509
       91540
       91609
       91675
       91772
       91857
       91941
       91949
       91960
       92036
       92116
       92199
       92282
       92315
       92328
       92426
       92506
       92538
       92598
       92677
       92730
       92768
       92844
       92911
       92996
       93043
       93104
       93202
       93264
       93275
       93343
       93373
       93381
       93396
       93421
       93513
       93566
       93614
       93623
       93691
       93730
       93743
       93791
       93881
       93920
       93960
       94020
       94053
       94099
       94151
       94206
       94246
       94251
       94330
       94423
       94482
       94543
       94635
       94676
       94702
       94801
       94855
       94863
       94896
       94930
       94989
       95024
       95082
       95085
       95173
       95188
       95210
       95263
       95280
       95347
       95416
       95466
       95560
       95621
       95719
       95808
       95880
       95907
       95974
       96036
       96075
       96155
       96250
       96263
       96322
       96326
       96395
       96437
       96451
       96526
       96572
       96590
       96598
       96612
       96688
       96780
       96786
       96790
       96805
       96826
       96830
       96876
       96953
       97033
       97125
       97176
       97227
       97285
       97310
       97317
       97326
       97399
       97459
       97505
       97518
       97603
       97627
       97714
       97811
       97888
       97949
       98036
       98113
       98182
       98269
       98346
       98404
       98414
       98421
       98502
       98552
       98597
       98600
       98654
       98703
       98786
       98876
       98898
       98978
       99052
       99104
       99108
       99170
       99210
       99259
       99324
       99385
       99421
       99499
       99582
       99632
       99697
       99742
       99745
       99761
       99762
       99807
       99867
       99920
       99929
      100001
      100058
      100147
      100211
      100213
      100263
      100277
      100374
      100450
      100522
      100598
      100645
      100684
      100741
      100825
      100840
      100860
      100869
      100968
      101066
      101143
      101157
      101209
      101304
      101315
      101354
      101389
      101440
      101510
      101588
      101652
      101683
      101698
      101770
      101773
      101831
      101911
      101998
      102027
      102069
      102140
      102170
      102170
      102251
      102323
      102336
      102412
      102455
      102550
      102587
      102617
      102635
      102691
      102767
      102819
      102835
      102845
      102903
      102933
      102987
      103014
      103052
      103111
      103170
      103177
      103192
      103272
      103337
      103405
      103472
      103509
      103575
      103583
      103626
      103691
      103709
      103710
      103800
      103827
      103904
      103926
      103941
      104036
      104036
      104074
      104150
      104226
      104291
      104372
      104420
      104504
      104584
      104677
      104772
      104824
      104860
      104927
      105000
      105034
      105128
      105208
      105265
      105305
      105313
      105359
      105421
      105516
      105542
      105596
      105612
      105632
      105643
      105711
      105761
      105765
      105857
      105911
      105960
      105992
      106028
      106070
      106101
      106199
      106210
      106274
      106308
      106382
      106444
      106472
      106565
      106614
      106658
      106753
      106823
      106867
      106877
      106948
      107023
      107051
      107132
      107189
      107218
      107305
      107313
      107313
      107391
      107486
      107501
      107501
      107586
      107630
      107688
      107738
      107836
      107895
      107895
      107902
      107904
      107951
      108041
      108087
      108164
      108242
      108332
      108413
      108438
      108483
      108543
      108628
      108703
      108734
      108776
      108781
      108844
      108890
      108895
      108947
      108997
      109017
      109112
      109185
      109266
      109356
      109421
      109504
      109532
      109538
      109538
      109567
      109572
      109605
      109658
      109713
      109783
      109857
      109888
      109929
      109996
      110011
      110026
      110050
      110078
      110087
      110166
      110175
      110198
      110261
      110268
      110320
      110387
      110425
      110518
      110534
      110587
      110668
      110697
      110768
      110860
      110955
      111043
      111057
      111082
      111093
      111118
      111176
      111212
      111292
      111361
      111451
      111489
      111503
      111578
      111634
      111698
      111715
      111731
      111747
      111783
      111831
      111906
      111958
      112053
      112091
      112118
      112148
      112237
      112307
      112327
      112423
      112470
      112482
      112531
      112555
      112575
      112630
      112667
      112739
      112810
      112899
      112918
      112959
      113024
      113116
      113197
      113283
      113381
      113458
      113461
      113475
      113526
      113534
      113577
      113628
      113675
      113683
      113753
      113762
      113797
      113804
      113875
      113890
      113913
      113932
      113961
      113961
      114028
      114123
      114158
      114158
      114245
      114333
      114397
      114462
      114496
      114521
      114581
      114660
      114693
      114731
      114786
      114809
      114860
      114864
      114876
      114962
      114985
      115069
      115163
      115165
      115210
      115255
      115323
      115392
      115434
      115509
      115605
      115670
      115710
      115791
      115810
      115871
      115961
      116044
      116106
      116136
      116158
      116195
      116217
      116300
      116303
      116363
      116433
      116457
      116537
      116557
      116569
      116649
      116733
      116807
      116858
      116912
      116967
      117046
      117111
      117129
      117131
      117221
      117229
      117266
      117306
      117359
      117379
      117453
      117511
      117577
      117584
      117587
      117601
      117605
      117649
      117727
      117727
      117767
      117854
