          88
         140
         208
         254
         267
         319
         326
         334
         360
         404
         430
         512
         512
         556
         566
         632
         637
         709
         774
         800
         826
         917
         961
        1035
        1072
        1157
        1247
        1313
        1338
        1368
        1407
        1455
        1535
        1574
        1625
        1724
        1760
        1761
        1839
        1860
        1869
        1896
        1964
        2020
        2049
        2146
        2184
        2213
        2226
        2241
        2241
        2266
        2352
        2374
        2450
        2505
        2576
        2613
        2709
        2739
        2806
        2812
        2826
        2876
        2880
        2963
        3012
        3096
        3170
        3181
        3205
        3239
        3267
        3325
        3419
        3449
        3521
        3535
        3627
        3705
        3737
        3795
        3886
        3971
        3979
        4041
        4052
        4076
        4118
        4210
        4244
        4298
        4328
        4374
        4389
        4398
        4460
        4476
        4515
        4558
        4612
        4644
        4727
        4762
        4832
        4931
        4980
        5001
        5011
        5030
        5078
        5133
        5146
        5168
        5217
        5229
        5240
        5307
        5357
        5362
        5443
        5472
        5541
        5582
        5605
        5668
        5758
        5825
        5898
        5972
        5998
        6017
        6055
        6138
        6163
        6172
        6211
        6252
        6288
        6382
        6401
        6410
        6479
        6509
        6605
        6678
        6692
        6737
        6799
        6817
        6858
        6941
        6950
        6985
        7039
        7135
        7157
        7188
        7275
        7359
        7363
        7397
        7467
        7484
        7548
        7647
        7652
        7678
        7697
        7748
        7815
        7898
        7946
        7965
        8001
        8005
        8043
        8098
        8107
        8171
        8248
        8309
        8356
        8405
        8440
        8538
        8592
        8673
        8755
        8778
        8793
        8833
        8842
        8875
        8952
        9012
        9061
        9099
        9156
        9249
        9334
        9432
        9483
        9506
        9554
        9583
        9665
        9705
        9795
        9851
        9949
       10006
       10039
       10072
       10072
       10102
       10121
       10184
       10193
       10221
       10231
       10237
       10273
       10334
       10406
       10481
       10536
       10606
       10614
       10704
       10711
       10747
       10780
       10820
       10843
       10863
       10955
       11048
       11074
       11119
       11123
       11204
       11242
       11244
       11294
       11301
       11308
       11356
       11357
       11371
       11430
       11468
       11506
       11565
       11582
       11658
       11716
       11760
       11828
       11875
       11907
       11945
       11971
       12033
       12082
       12109
       12141
       12228
       12283
       12302
       12348
       12391
       12490
       12522
       12616
       12653
       12705
       12740
       12749
       12800
       12809
       12843
       12926
       12985
       13014
       13088
       13129
       13133
       13210
       13269
       13368
       13381
       13407
       13474
       13512
       13611
       13627
       13718
       13726
       13756
       13808
       13902
       13982
       14062
       14117
       14133
       14226
       14262
       14267
       14270
       14271
       14353
       14450
       14458
       14467
       14551
       14575
       14650
       14720
       14741
       14833
       14863
       14892
       14911
       14958
       14964
       14992
       15013
       15094
       15096
       15179
       15267
       15323
       15413
       15441
       15464
       15551
       15554
       15575
       15664
       15665
       15716
       15758
       15822
       15899
       15922
       15948
       15950
       16031
       16067
       16080
       16089
       16103
       16135
       16153
       16208
       16229
       16268
       16344
       16400
       16406
       16467
       16477
       16499
       16574
       16627
       16673
       16771
       16870
       16881
       16919
       16996
       16996
       17054
       17059
       17097
       17112
       17120
       17160
       17231
       17312
       17373
       17382
       17428
       17464
       17472
       17500
       17569
       17642
       17720
       17750
       17844
       17933
       17961
       18039
       18050
       18074
       18154
       18212
       18263
       18304
       18395
       18410
       18413
       18468
       18523
       18562
       18594
       18632
       18709
       18785
       18847
       18856
       18931
       19018
       19097
       19171
       19198
       19241
       19259
       19281
       19318
       19401
       19490
       19568
       19611
       19690
       19717
       19778
       19869
       19967
       20028
       20039
       20102
       20154
       20204
       20230
       20242
       20281
       20324
       20380
       20477
       20536
       20609
       20637
       20732
       20797
       20888
       20986
       20989
       21075
       21090
       21150
       21240
       21339
       21370
       21433
       21528
       21581
       21654
       21665
       21715
       21764
       21850
       21927
       22019
       22083
       22116
       22136
       22179
       22195
       22213
       22253
       22321
       22389
       22412
       22462
       22465
       22551
       22563
       22578
       22611
       22646
       22693
       22735
       22820
       22834
       22908
       22994
       22994
       23089
       23118
       23216
       23275
       23321
       23420
       23499
       23567
       23582
       23669
       23730
       23735
       23800
       23811
       23827
       23853
       23918
       23996
       24027
       24082
       24166
       24180
       24234
       24324
       24404
       24501
       24543
       24601
       24629
       24653
       24695
       24743
       24791
       24848
       24891
       24952
       24977
       24993
       25013
       25056
       25152
       25198
       25287
       25305
       25345
       25427
       25435
       25533
       25604
       25674
       25689
       25719
       25761
       25839
       25851
       25918
       25934
       26030
       26055
       26143
       26145
       26155
       26254
       26349
       26432
       26457
       26509
       26511
       26548
       26592
       26597
       26658
       26713
       26733
       26755
       26809
       26820
       26913
       26977
       27035
       27056
       27123
       27193
       27284
       27368
       27412
       27473
       27509
       27589
       27591
       27674
       27722
       27817
       27900
       27984
       28074
       28083
       28132
       28155
       28180
       28257
       28340
       28406
       28502
       28593
       28624
       28633
       28728
       28782
       28817
       28901
       28967
       28977
       29060
       29134
       29204
       29294
       29386
       29417
       29485
       29525
       29622
       29671
       29735
       29771
       29789
       29795
       29827
       29917
       29956
       30019
       30062
       30080
       30114
       30202
       30291
       30299
       30324
       30358
       30381
       30453
       30544
       30612
       30700
       30789
       30870
       30881
       30904
       30961
       31041
       31046
       31135
       31210
       31251
       31347
       31395
       31475
       31549
       31556
       31568
       31666
       31678
       31683
       31777
       31780
       31857
       31954
       31987
       32055
       32106
       32108
       32133
       32200
       32264
       32334
       32423
       32482
       32518
       32529
       32562
       32659
       32737
       32802
       32815
       32857
       32872
       32908
       32935
       33016
       33050
       33133
       33142
       33232
       33296
       33315
       33361
       33387
       33442
       33474
       33570
       33576
       33630
       33693
       33780
       33876
       33961
       34026
       34065
       34102
       34135
       34146
       34205
       34235
       34329
       34370
       34393
       34421
       34493
       34572
       34608
       34661
       34692
       34741
       34796
       34834
       34901
       34966
       35060
       35156
       35178
       35233
       35287
       35355
       35439
       35493
       35569
       35659
       35680
       35711
       35803
       35897
       35991
       36020
       36086
       36171
       36205
       36247
       36334
       36408
       36457
       36489
       36545
       36596
       36638
       36656
       36686
       36739
       36755
       36756
       36821
       36868
       36904
       36974
       37037
       37048
       37077
       37119
       37198
       37204
       37279
       37304
       37325
       37401
       37438
       37450
       37510
       37512
       37597
       37671
       37747
       37750
       37836
       37926
       37984
       38002
       38049
       38097
       38106
       38197
       38254
       38315
       38376
       38445
       38476
       38516
       38573
       38627
       38708
       38789
       38838
       38926
       38951
       38998
       39039
       39071
       39142
       39152
       39191
       39229
       39328
       39409
       39482
       39577
       39652
       39707
       39743
       39762
       39803
       39851
       39890
       39903
       39976
       39977
       40037
       40098
       40172
       40188
       40218
       40224
       40226
       40233
       40253
       40298
       40350
       40448
       40502
       40558
       40654
       40708
       40788
       40885
       40957
       41023
       41099
       41102
       41186
       41189
       41286
       41341
       41384
       41481
       41483
       41535
       41633
       41688
       41778
       41791
       41866
       41895
       41926
       41974
       41978
       42052
       42062
       42138
       42171
       42241
       42315
       42322
       42377
       42413
       42482
       42575
       42614
       42639
       42680
       42749
       42845
       42877
       42919
       42974
       43008
       43048
       43145
       43165
       43208
       43226
       43281
       43355
       43427
       43439
       43496
       43522
       43539
       43613
       43613
       43629
       43630
       43653
       43705
       43759
       43844
       43846
       43882
       43907
       43923
       43949
       44013
       44035
       44048
       44097
       44124
       44199
       44288
       44371
       44414
       44421
       44434
       44468
       44542
       44558
       44595
       44604
       44670
       44717
       44718
       44746
       44806
       44848
       44940
       45003
       45018
       45087
       45166
       45169
       45244
       45312
       45404
       45440
       45537
       45586
       45653
       45742
       45819
       45856
       45883
       45947
       45985
       46045
       46095
       46107
       46125
       46188
       46242
       46330
       46381
       46426
       46430
       46444
       46480
       46568
       46631
       46644
       46714
       46761
       46836
       46855
       46908
       46923
       47012
       47078
       47129
       47162
       47242
       47281
       47302
       47328
       47375
       47386
       47416
       47467
       47506
       47535
       47608
       47698
       47745
       47761
       47797
       47824
       47879
       47952
       48000
       48007
       48013
       48023
       48092
       48152
       48205
       48289
       48302
       48324
       48409
       48477
       48505
       48527
       48586
       48650
       48678
       48714
       48800
       48802
       48808
       48884
       48965
       48979
       48979
       49009
       49106
       49124
       49202
       49231
       49306
       49405
       49476
       49556
       49609
       49671
       49750
       49814
       49888
       49900
       49959
       50007
       50066
       50117
       50190
       50214
       50238
       50305
       50347
       50388
       50482
       50529
       50618
       50629
       50638
       50728
       50763
       50861
       50890
       50897
       50921
       50959
       50965
       50996
       51033
       51111
       51126
       51165
       51240
       51325
       51333
       51399
       51476
       51516
       51547
       51597
       51614
       51614
       51663
       51758
       51778
       51786
       51842
       51901
       51990
       51999
       51999
       52019
       52098
       52176
       52192
       52244
       52296
       52387
       52401
       52443
       52523
       52548
       52610
       52664
       52676
       52770
       52773
       52847
       52874
       52970
       53023
       53108
       53187
       53234
       53304
       53363
       53382
       53407
       53422
       53484
       53527
       53609
       53656
       53738
       53766
       53808
       53831
       53864
       53959
       53964
       54003
       54073
       54094
       54139
       54228
       54286
       54326
       54411
       54465
       54505
       54531
       54543
       54575
       54664
       54697
       54714
       54795
       54815
       54882
       54887
       54906
       54925
       54994
       55037
       55054
       55068
       55111
       55175
       55263
       55357
       55371
       55447
       55533
       55605
       55700
       55744
       55799
       55830
       55875
       55964
       56027
       56045
       56118
       56203
       56281
       56360
       56443
       56507
       56581
       56674
       56714
       56773
       56809
       56867
       56898
       56935
       57018
       57040
       57113
       57163
       57216
       57237
       57238
       57286
       57322
       57377
       57408
       57429
       57465
       57488
       57497
       57497
       57531
       57567
       57598
       57682
       57768
       57795
       57823
       57872
       57904
       57939
       57956
       58041
       58064
       58134
       58157
       58189
       58230
       58267
       58298
       58308
       58390
       58412
       58469
       58542
       58576
       58600
       58690
       58728
       58775
       58863
       58954
       59002
       59037
       59058
       59128
       59158
       59218
       59311
       59369
       59433
       59475
       59504
       59593
       59628
       59683
       59748
       59753
       59757
       59832
       59895
       59982
       59989
       60039
       60062
       60124
       60147
       60203
       60236
       60303
       60373
       60427
       60501
       60569
       60609
       60612
       60632
       60653
       60710
       60800
       60803
       60816
       60868
       60878
       60933
       61027
       61123
       61203
       61258
       61351
       61435
       61466
       61565
       61572
       61667
       61762
       61800
       61814
       61877
       61958
       62022
       62049
       62053
       62082
       62172
       62264
       62332
       62338
       62412
       62510
       62558
       62635
       62669
       62715
       62764
       62775
       62797
       62877
       62951
       63025
       63072
       63157
       63163
       63228
       63239
       63309
       63390
       63401
       63490
       63526
       63622
       63642
       63686
       63728
       63773
       63847
       63866
       63892
       63945
       63960
       64024
       64062
       64072
       64140
       64219
       64297
       64390
       64408
       64484
       64487
       64578
       64666
       64757
       64856
       64913
       64916
       64968
       64982
       65050
       65080
       65151
       65249
       65321
       65358
       65406
       65406
       65435
       65497
       65589
       65649
       65664
       65756
       65804
       65834
       65898
       65945
       65998
       66069
       66120
       66188
       66223
       66279
       66340
       66435
       66455
       66496
       66550
       66625
       66677
       66730
       66748
       66779
       66788
       66810
       66864
       66868
       66894
       66943
       66945
       67005
       67069
       67160
       67239
       67326
       67333
       67335
       67415
       67458
       67497
       67538
       67602
       67647
       67717
       67763
       67790
       67792
       67835
       67907
       67943
       68034
       68041
       68138
       68185
       68263
       68294
       68297
       68304
       68353
       68386
       68449
       68475
       68551
       68589
       68654
       68700
       68716
       68773
       68773
       68823
       68857
       68903
       68931
       68994
       69093
       69175
       69241
       69261
       69312
       69411
       69485
       69541
       69570
       69656
       69670
       69702
       69761
       69781
       69857
       69864
       69946
       70014
       70093
       70117
       70207
       70295
       70349
       70373
       70436
       70497
       70567
       70631
       70693
       70784
       70868
       70921
       70967
       71013
       71056
       71068
       71131
       71199
       71298
       71369
       71385
       71414
       71444
       71515
       71538
       71568
       71666
       71688
       71726
       71743
       71806
       71809
       71821
       71891
       71964
       71999
       72059
       72080
       72152
       72169
       72221
       72270
       72305
       72353
       72381
       72421
       72495
       72587
       72596
       72657
       72674
       72763
       72767
       72838
       72913
       73003
       73056
       73123
       73157
       73162
       73174
       73240
       73262
       73292
       73310
       73389
       73451
       73537
       73545
       73605
       73607
       73677
       73706
       73743
       73770
       73782
       73789
       73819
       73910
       73961
       73979
       74071
       74091
       74114
       74121
       74200
       74220
       74312
       74371
       74417
       74451
       74482
       74554
       74562
       74656
       74660
       74686
       74698
       74728
       74768
       74828
       74889
       74962
       74968
       75003
       75077
       75091
       75151
       75156
       75160
       75162
       75183
       75233
       75315
       75369
       75374
       75418
       75514
       75577
       75605
       75632
       75716
       75792
       75851
       75889
       75928
       75956
       76044
       76097
       76116
       76210
       76298
       76361
       76444
       76459
       76467
       76518
       76587
       76641
       76660
       76699
       76783
       76829
       76912
       76926
       76978
       77048
       77052
       77075
       77090
       77173
       77233
       77253
       77347
       77361
       77379
       77393
       77440
       77463
       77506
       77550
       77641
       77725
       77813
       77864
       77948
       78002
       78015
       78114
       78132
       78136
       78181
       78227
       78292
       78332
       78352
       78362
       78387
       78468
       78500
       78591
       78634
       78666
       78671
       78719
       78732
       78756
       78789
       78797
       78848
       78880
       78929
       78968
       79012
       79094
       79155
       79242
       79282
       79323
       79416
       79506
       79520
       79529
       79543
       79581
       79627
       79649
       79704
       79721
       79786
       79870
       79896
       79930
       80028
       80035
       80091
       80186
       80191
       80207
       80252
       80278
       80343
       80414
       80506
       80593
       80615
       80648
       80681
       80751
       80813
       80891
       80906
       80916
       80990
       81014
       81051
       81065
       81162
       81164
       81181
       81258
       81341
       81395
       81489
       81528
       81580
       81672
       81758
       81792
       81851
       81853
       81864
       81937
       81943
       81989
       82064
       82109
       82176
       82233
       82318
       82342
       82437
       82535
       82577
       82604
       82658
       82679
       82747
       82784
       82807
       82849
       82854
       82925
       82950
       82956
       82983
       83082
       83113
       83161
       83251
       83276
       83374
       83432
       83512
       83537
       83543
       83617
       83662
       83684
       83749
       83843
       83906
       83908
       83996
       84043
       84046
       84055
       84058
       84080
       84116
       84180
       84200
       84241
       84315
       84320
       84350
       84379
       84404
       84414
       84466
       84540
       84617
       84649
       84739
       84761
       84851
       84925
       84964
       84981
       85052
       85070
       85079
       85133
       85150
       85177
       85273
       85296
       85365
       85463
       85470
       85523
       85569
       85615
       85658
       85698
       85762
       85856
       85860
       85869
       85893
       85912
       85948
       86038
       86070
       86155
       86190
       86201
       86263
       86306
       86403
       86453
       86476
       86571
       86656
       86668
       86673
       86759
       86834
       86873
       86924
       86927
       87024
       87093
       87160
       87226
       87243
       87268
       87347
       87382
       87393
       87403
       87457
       87535
       87631
       87721
       87745
       87837
       87920
       87954
       88042
       88114
       88154
       88234
       88242
       88259
       88318
       88355
       88393
       88432
       88441
       88473
       88480
       88514
       88607
       88667
       88684
       88714
       88769
       88787
       88796
       88889
       88967
       88975
       89038
       89114
       89195
       89210
       89259
       89323
       89364
       89367
       89381
       89411
       89488
       89515
       89582
       89654
       89740
       89791
       89871
       89948
       90044
       90060
       90112
       90163
       90199
       90209
       90250
       90276
       90278
       90334
       90383
       90432
       90445
       90458
       90556
       90588
       90645
       90687
       90760
       90779
       90785
       90803
       90876
       90920
       90936
       91010
       91089
       91090
       91101
       91135
       91192
       91266
       91347
       91429
       91436
       91491
       91545
       91639
       91731
       91784
       91851
       91878
       91930
       92020
       92023
       92076
       92078
       92085
       92172
       92176
       92193
       92193
       92249
       92334
       92363
       92395
       92487
       92547
       92548
       92551
       92573
       92642
       92737
       92811
       92817
       92819
       92898
       92910
       92987
       93077
       93164
       93258
       93328
       93339
       93424
       93430
       93478
       93559
       93622
       93682
       93741
       93819
       93906
       93994
       94072
       94131
       94189
       94197
       94246
       94340
       94404
       94471
       94472
       94527
       94534
       94536
       94553
       94587
       94592
       94596
       94602
       94700
       94712
       94780
       94799
       94847
       94922
       94926
       94976
       95055
       95061
       95116
       95160
       95178
       95191
       95276
       95347
       95362
       95384
       95411
       95471
       95517
       95548
       95646
       95721
       95761
       95855
       95866
       95874
       95881
       95938
       96029
       96082
       96107
       96131
       96150
       96150
       96192
       96281
       96319
       96373
       96382
       96388
       96456
       96502
       96529
       96597
       96615
       96682
       96752
       96813
       96902
       96935
       97032
       97039
       97084
       97107
       97150
       97159
       97225
       97320
       97364
       97440
       97503
       97511
       97596
       97687
       97706
       97740
       97836
       97880
       97950
       97996
       98047
       98084
       98104
       98189
       98279
       98375
       98435
       98448
       98491
       98543
       98554
       98635
       98723
       98734
       98829
       98848
       98881
       98960
       99031
       99040
       99071
       99092
       99126
       99172
       99260
       99318
       99340
       99376
       99425
       99504
       99586
       99674
       99760
       99782
       99869
       99942
       99948
       99978
      100033
      100094
      100101
      100145
      100150
      100222
      100231
      100320
      100416
      100419
      100454
      100467
      100513
      100530
      100615
      100710
      100754
      100779
      100804
      100835
      100844
      100890
      100981
      101068
      101103
      101200
      101211
      101262
      101272
      101334
      101355
      101359
      101408
      101475
      101486
      101543
      101557
      101599
      101658
      101755
      101849
      101947
      102022
      102099
      102173
      102187
      102212
      102296
      102332
      102409
      102494
      102527
      102584
      102621
      102638
      102720
      102786
      102819
      102848
      102862
      102944
      102981
      103042
      103065
      103159
      103212
      103258
      103302
      103371
      103452
      103540
      103604
      103701
      103751
      103777
      103808
      103900
      103968
      104039
      104123
      104145
      104176
      104249
      104270
      104335
      104388
      104475
      104548
      104591
      104651
      104655
      104732
      104805
      104871
      104928
      104935
      104978
      104989
      105056
      105155
      105193
      105196
      105292
      105370
      105378
      105419
      105514
      105527
      105568
      105579
      105599
      105668
      105700
      105757
      105801
      105855
      105884
      105976
      106067
      106147
      106200
      106270
      106330
      106359
      106450
      106490
      106501
      106550
      106601
      106682
      106765
      106853
      106903
      106989
      107081
      107174
      107235
      107288
      107305
      107351
      107429
      107516
      107580
      107582
      107662
      107746
      107747
      107769
      107819
      107911
      107997
      108072
      108077
      108155
      108157
      108173
      108203
      108236
      108266
      108356
      108413
      108512
      108595
      108692
      108769
      108868
      108908
      108944
      109001
      109051
      109055
      109124
      109214
      109215
      109238
      109269
      109297
      109299
      109304
      109325
      109415
      109456
      109513
      109595
      109654
      109670
      109766
      109850
      109882
      109955
      109962
      110020
      110070
      110101
      110190
      110240
      110320
      110351
      110445
      110471
      110520
      110613
      110673
      110714
      110801
      110842
      110878
      110974
      111028
      111078
      111083
      111152
      111208
      111305
      111393
      111439
      111460
      111539
      111573
      111629
      111694
      111743
      111763
      111763
      111775
      111846
      111870
      111896
      111932
      112016
      112072
      112138
      112156
      112168
      112222
      112244
      112308
      112379
      112424
      112463
      112544
      112642
      112706
      112785
      112800
      112830
      112848
      112858
      112937
      112949
      113027
      113102
      113185
      113247
      113342
      113355
      113381
      113402
      113501
      113501
      113549
      113612
      113699
      113728
      113805
      113849
      113849
      113864
      113906
      113999
      114069
      114073
      114117
      114149
      114191
      114271
      114370
      114386
      114417
      114494
      114584
      114614
      114700
      114724
      114745
      114773
      114774
      114799
      114890
      114930
      115025
      115064
      115117
      115122
      115219
      115236
      115290
      115354
      115393
      115480
      115515
      115536
      115625
      115681
      115745
      115776
      115804
      115862
      115931
      115983
      116034
      116036
      116104
      116125
      116127
      116205
      116250
      116349
      116437
      116450
      116542
      116544
      116592
      116641
      116719
      116721
      116772
      116787
      116875
      116943
      116957
      117022
      117054
      117078
      117130
      117228
      117286
      117304
      117336
      117345
      117389
      117481
      117552
      117649
      117708
      117806
      117872
      117946
      117959
      117991
      118084
      118114
      118132
      118166
      118206
      118237
      118307
      118356
      118356
      118418
      118501
      118533
      118608
      118610
      118654
      118725
      118737
      118776
      118867
      118921
      119005
      119065
      119073
      119107
      119165
      119240
      119269
      119332
      119395
      119425
      119509
      119563
      119622
      119657
      119730
      119805
      119833
      119887
      119931
      119975
      120066
      120092
      120126
      120142
      120181
      120252
      120313
      120388
      120434
      120507
      120549
      120556
      120653
      120658
      120751
      120785
      120814
      120869
      120898
      120945
      120973
      121048
      121144
      121233
      121286
      121333
      121375
      121414
      121426
      121461
      121539
      121629
      121674
      121691
      121747
      121762
      121773
      121869
      121936
      121963
      121986
      122040
      122066
      122116
      122168
      122247
      122342
      122348
      122367
      122407
      122471
      122509
      122590
      122631
      122712
      122749
      122750
      122845
      122860
      122903
      122933
      122954
      123020
      123085
      123103
      123187
      123265
      123328
      123389
      123439
      123498
      123546
      123604
      123638
      123732
      123819
      123897
      123930
      123960
      123961
      123992
      124046
      124062
      124104
      124137
      124158
      124192
      124211
      124226
      124255
      124281
      124317
      124360
      124455
      124474
      124527
      124570
      124651
      124682
      124716
      124769
      124798
      124847
      124921
      125005
      125047
      125143
      125158
      125191
      125242
      125325
      125384
      125452
      125462
      125513
      125595
      125670
      125676
      125717
      125776
      125866
      125915
      125984
      126004
      126034
      126085
      126158
      126196
      126284
      126322
      126400
      126479
      126484
      126511
      126565
      126574
      126660
      126663
      126717
      126744
      126792
      126843
      126921
      126928
      126986
      127055
      127114
      127166
      127206
      127254
      127275
      127312
      127349
      127387
      127472
      127510
      127556
      127594
      127616
      127675
      127683
      127761
      127776
      127805
      127837
      127852
      127930
      128026
      128062
      128109
      128152
      128222
      128299
      128370
      128388
      128418
      128442
      128468
      128501
      128581
      128655
      128753
      128843
      128916
      128983
      129044
      129117
      129137
      129161
      129162
      129179
      129212
      129213
      129305
      129384
      129481
      129549
      129561
      129571
      129667
      129749
      129846
      129869
      129947
      130017
      130107
      130149
      130222
      130303
      130399
      130442
      130492
      130517
      130556
      130613
      130670
      130673
      130745
      130808
      130890
      130937
      131003
      131078
      131169
      131209
      131291
      131351
      131440
      131523
      131565
      131604
      131649
      131720
      131728
      131805
      131884
      131938
      131957
      131966
      131979
      132030
      132031
      132045
      132056
      132118
      132212
      132298
      132341
      132410
      132495
      132568
      132617
      132662
      132665
      132673
      132772
      132832
      132833
      132893
      132950
      133008
      133091
      133145
      133208
      133259
      133287
      133364
      133374
      133436
      133501
      133518
      133605
      133637
      133732
      133785
      133837
      133880
      133900
      133919
      134014
      134104
      134175
      134204
      134268
      134362
      134377
      134404
      134459
      134556
      134604
      134695
      134717
      134749
      134751
      134757
      134770
      134804
      134850
      134934
      134970
      134996
      135074
      135092
      135149
      135208
      135240
      135277
      135350
      135448
      135455
      135478
      135509
      135603
      135612
      135678
      135764
      135845
      135868
      135896
      135966
      136020
      136050
      136123
      136165
      136240
      136297
      136327
      136420
      136493
      136564
      136624
      136647
      136655
      136663
      136707
      136732
      136819
      136904
      136955
      136962
      136986
      137025
      137082
      137166
      137216
      137220
      137288
      137361
      137443
      137486
      137497
      137569
      137582
      137631
      137721
      137766
      137829
      137910
      137965
      138012
      138101
      138180
      138240
      138310
      138397
      138472
      138570
      138654
      138736
      138819
      138831
      138902
      138996
      139044
      139070
      139076
      139166
      139198
      139273
      139293
      139317
      139385
      139389
      139465
      139510
      139598
      139656
      139723
      139761
      139812
      139905
      139966
      139992
      140019
      140024
      140046
      140108
      140156
      140248
      140310
      140376
      140450
      140474
      140490
      140554
      140619
      140665
      140751
      140763
      140777
      140863
      140931
      140965
      140998
      141004
      141073
      141168
      141241
      141254
      141353
      141371
      141467
      141498
      141528
      141568
      141580
      141642
      141661
      141693
      141752
      141813
      141840
      141908
      141977
      142040
      142059
      142149
      142191
      142253
      142283
      142378
      142464
      142556
      142642
      142724
      142778
      142798
      142832
      142915
      142992
      143020
      143061
      143097
      143115
      143196
      143287
      143326
      143326
      143400
      143401
      143440
      143476
      143515
      143571
      143619
      143693
      143735
      143804
      143881
      143926
      143942
      144021
      144044
      144095
      144096
      144168
      144196
      144277
      144338
      144389
      144442
      144522
      144598
      144629
      144722
      144729
      144778
      144830
      144877
      144973
      145009
      145020
      145095
      145162
      145218
      145233
      145242
      145304
      145354
      145415
      145498
      145539
      145547
      145614
      145676
      145772
      145857
      145933
      146000
      146072
      146105
      146183
      146252
      146294
      146362
      146414
      146455
      146515
      146569
      146610
      146684
      146693
      146783
      146813
      146904
      146961
      147029
      147092
      147178
      147264
      147293
      147347
      147413
      147474
      147565
      147653
      147653
      147728
      147801
      147843
      147855
      147896
      147940
      148019
      148059
      148104
      148144
      148219
      148292
      148379
      148459
      148556
      148651
      148727
      148744
      148744
      148749
      148845
      148845
      148863
      148906
      148912
      148947
      148968
      149005
      149064
      149118
      149128
      149195
      149292
      149362
      149431
      149464
      149547
      149567
      149636
      149713
      149786
      149832
      149834
      149903
      149904
      149913
      149949
      149984
      149987
      150034
      150098
      150150
      150166
      150260
      150295
      150378
      150476
      150548
      150630
      150641
      150714
      150741
      150830
      150854
      150913
      151011
      151082
      151143
      151212
      151292
      151391
      151432
      151455
      151515
      151534
      151574
      151580
      151670
      151687
      151769
      151773
      151774
      151835
      151904
      151934
      151982
      152044
      152116
      152145
      152188
      152277
      152374
      152430
      152439
      152503
      152600
      152682
      152775
      152858
      152866
      152937
      153026
      153037
      153093
      153099
      153123
      153222
      153280
      153312
      153391
      153416
      153514
      153552
      153615
      153651
      153670
      153706
      153759
      153834
      153848
      153862
      153870
      153951
      154000
      154014
      154049
      154087
      154107
      154120
      154204
      154244
      154260
      154285
      154339
      154430
      154522
      154567
      154657
      154675
      154752
      154818
      154890
      154956
      155005
      155093
      155150
      155222
      155257
      155315
      155379
      155476
      155527
      155603
      155615
      155712
      155756
      155815
      155859
      155905
      155927
      155950
      156006
      156011
      156083
      156156
      156205
      156221
      156300
      156339
      156351
      156371
      156391
      156423
      156461
      156482
      156548
      156625
      156707
      156728
      156734
      156770
      156800
      156876
      156936
      156941
      156998
      157090
      157145
      157153
      157210
      157265
      157342
      157394
      157405
      157442
      157448
      157506
      157556
      157638
      157696
      157696
      157747
      157801
      157813
      157894
      157907
      157909
      158008
      158010
      158042
      158119
      158177
      158272
      158304
      158355
      158446
      158459
      158526
      158606
      158646
      158705
      158779
      158873
      158910
      158935
      158937
      158980
      159029
      159103
      159175
      159258
      159301
      159382
      159435
      159488
      159576
      159584
      159665
      159749
      159793
      159890
      159957
      160038
      160094
      160154
      160211
      160244
      160267
      160335
      160412
      160506
      160573
      160623
      160624
      160637
      160660
      160679
      160747
      160832
      160900
      160912
      160918
      160925
      160928
      160984
      161077
      161101
      161105
      161123
      161140
      161207
      161231
      161265
      161354
      161380
      161412
      161475
      161498
      161524
      161618
      161692
      161771
      161848
      161878
      161964
      162060
      162099
      162108
      162205
      162226
      162266
      162351
      162370
      162465
      162500
      162545
      162609
      162677
      162750
      162761
      162852
      162940
      163014
      163077
      163104
      163145
      163244
      163269
      163357
      163405
      163435
      163500
      163538
      163595
      163658
      163744
      163749
      163774
      163868
      163924
      163935
      164003
      164020
      164034
      164060
      164151
      164159
      164234
      164290
      164343
      164434
      164517
      164601
      164638
      164640
      164665
      164703
      164781
      164878
      164965
      164968
      164973
      165040
      165094
      165166
      165219
      165235
      165243
      165342
      165388
      165422
      165509
      165565
      165603
      165655
      165745
      165824
      165856
      165861
      165886
      165950
      165954
      165959
      166037
      166095
      166096
      166115
      166134
      166154
      166249
      166265
      166318
      166369
      166431
      166526
      166565
      166635
      166682
      166711
      166743
      166837
      166862
      166945
      166980
      167029
      167102
      167186
      167221
      167238
      167327
      167399
      167483
      167529
      167583
      167679
      167735
      167745
      167754
      167809
      167890
      167957
      168046
      168141
      168150
      168230
      168257
      168267
      168357
      168364
      168377
      168424
      168459
      168508
      168510
      168608
      168610
      168689
      168777
      168843
      168921
      168954
      169007
      169024
      169054
      169070
      169084
      169098
      169134
      169145
      169154
      169194
      169223
      169315
      169363
      169428
      169435
      169504
      169558
      169577
      169643
      169659
      169664
      169686
      169713
      169741
      169823
      169898
      169924
      169969
      169971
      169975
      170024
      170035
      170055
      170096
      170141
      170165
      170244
      170263
      170342
      170417
      170450
      170471
      170534
      170603
      170637
      170651
      170702
      170729
      170800
      170832
      170889
      170981
      171016
      171064
      171143
      171164
      171196
      171279
      171327
      171350
      171414
      171465
      171523
      171531
      171570
      171606
      171639
      171642
      171670
      171699
      171748
      171756
      171781
      171832
      171832
      171906
      171989
      172030
      172056
      172101
      172140
      172218
      172284
      172351
      172368
      172451
      172481
      172483
      172581
      172621
      172631
      172652
      172722
      172740
      172762
      172819
      172901
      172920
      172967
      173062
      173134
      173227
      173316
      173403
      173470
      173501
      173558
      173605
      173617
      173660
      173707
      173791
      173794
      173861
      173872
      173953
      173992
      174027
      174089
      174101
      174123
      174182
      174240
      174296
      174354
      174433
      174499
      174518
      174548
      174559
      174607
      174682
      174757
      174789
      174878
      174932
      175000
      175041
      175124
      175206
      175259
      175283
      175364
      175364
      175387
      175480
      175509
      175557
      175653
      175677
      175765
      175811
      175817
      175851
      175863
      175876
      175907
      175950
      175965
      175989
      176012
      176074
      176109
      176187
      176212
      176291
      176295
      176341
      176349
      176379
      176422
      176491
      176584
      176641
      176693
      176715
      176755
      176755
      176795
      176805
      176806
      176809
      176849
      176928
      177001
      177002
      177033
      177064
      177141
      177214
      177233
      177263
      177285
      177333
      177351
      177441
      177479
      177519
      177618
      177641
      177663
      177716
      177744
      177779
      177787
      177865
      177923
      177964
      177975
      177985
      178026
      178083
      178160
      178199
      178255
      178262
      178337
      178434
      178440
      178536
      178624
      178671
      178738
      178831
      178848
      178892
      178974
      179050
      179082
      179123
      179181
      179201
      179296
      179327
      179402
      179406
      179484
      179542
      179595
      179625
      179653
      179713
      179772
      179791
      179878
      179972
      180040
      180051
      180149
      180238
      180286
      180309
      180328
      180392
      180465
      180511
      180568
      180572
      180587
      180656
      180671
      180688
      180762
      180859
      180933
      180967
      181030
      181078
      181177
      181180
      181232
      181273
      181367
      181424
      181449
      181454
      181545
      181564
      181606
      181654
      181657
      181722
      181735
      181829
      181926
      182017
      182087
      182130
      182162
      182187
      182195
      182283
      182329
      182415
      182499
      182580
      182641
      182659
      182738
      182787
      182813
      182835
      182890
      182932
      183030
      183094
      183123
      183160
      183249
      183249
      183283
      183332
      183347
      183385
      183423
      183453
      183470
      183569
      183619
      183711
      183717
      183740
      183771
      183793
      183852
      183909
      183970
      184024
      184073
      184122
      184157
      184196
      184272
      184329
      184392
      184467
      184499
      184588
      184621
      184707
      184715
      184766
      184863
      184866
      184897
      184939
      184978
      185063
      185091
      185179
      185234
      185312
      185357
      185381
      185405
      185491
      185568
      185568
      185654
      185679
      185714
      185807
      185833
      185926
      185935
      186027
      186035
      186061
      186080
      186114
      186120
      186176
      186264
      186286
      186302
      186359
      186453
      186504
      186577
      186600
      186649
      186745
      186797
      186810
      186817
      186823
      186905
      186998
      187052
      187137
      187224
      187323
      187380
      187411
      187467
      187565
      187567
      187609
      187662
      187708
      187709
      187720
      187796
      187848
      187880
      187914
      187927
      188026
      188120
      188133
      188192
      188250
      188344
      188413
      188483
      188527
      188573
      188637
      188663
      188714
      188757
      188796
      188834
      188876
      188940
      189007
      189099
      189187
      189203
      189290
      189335
      189373
      189409
      189411
      189470
      189508
      189572
      189593
      189614
      189642
      189707
      189732
      189754
      189831
      189849
      189887
      189949
      189951
      190048
      190061
      190144
      190207
      190291
      190382
      190443
      190463
      190530
      190532
      190554
      190622
      190634
      190651
      190678
      190764
      190780
      190814
      190853
      190949
      191019
      191036
      191086
      191127
      191130
      191220
      191267
      191358
      191370
      191469
      191544
      191559
      191564
      191644
      191709
      191714
      191774
      191795
      191808
      191822
      191909
      191974
      192060
      192115
      192116
      192159
      192206
      192254
      192275
      192365
      192449
      192498
      192534
      192567
      192640
      192643
      192735
      192781
      192874
      192916
      192959
      193027
      193028
      193107
      193204
      193288
      193358
      193417
      193459
      193494
      193562
      193619
      193690
      193716
      193734
      193797
      193841
      193863
      193958
      193997
      194030
      194129
      194184
      194218
      194250
      194256
      194298
      194319
      194364
      194382
      194412
      194421
      194473
      194511
      194590
      194682
      194689
      194718
      194799
      194898
      194957
      195030
      195078
      195157
      195230
      195247
      195269
      195367
      195390
      195481
      195510
      195537
      195568
      195622
      195702
      195763
      195828
      195837
      195928
      195971
      195976
      196055
      196083
      196105
      196110
      196148
      196236
      196313
      196335
      196384
      196389
      196423
      196505
      196586
      196627
      196706
      196738
      196833
      196849
      196935
      197033
      197123
      197185
      197202
      197226
      197291
      197377
      197398
      197490
      197544
      197558
      197623
      197667
      197735
      197736
      197757
      197854
      197873
      197939
      197943
      198018
      198033
      198078
      198166
      198225
      198260
      198277
      198286
      198358
      198419
      198455
      198497
      198522
      198588
      198664
      198692
      198722
      198812
      198897
      198970
      199022
      199038
      199121
      199218
      199285
      199357
      199384
      199474
      199487
      199508
      199589
      199679
      199743
      199771
      199824
      199829
      199879
      199904
      199931
      199999
      200077
      200169
      200221
      200246
      200320
      200402
      200482
      200497
      200548
      200593
      200688
      200697
      200730
      200780
      200850
      200886
      200901
      200947
      201037
      201072
      201113
      201148
      201187
      201256
      201259
      201259
      201304
      201355
      201389
      201442
      201513
      201603
      201678
      201735
      201759
      201822
      201852
      201936
      201985
      202075
      202083
      202085
      202136
      202183
      202236
      202325
      202394
      202424
      202452
      202529
      202598
      202613
      202624
      202637
      202643
      202668
      202710
      202729
      202813
      202909
      202947
      203030
      203073
      203153
      203224
      203309
      203378
      203449
      203509
      203547
      203581
      203648
      203659
      203700
      203785
      203866
      203883
      203958
      203964
      203996
      204002
      204011
      204070
      204113
      204124
      204129
      204225
      204276
      204318
      204410
      204422
      204464
      204528
      204552
      204595
      204631
      204651
      204742
      204785
      204859
      204869
      204927
      205026
      205066
      205154
      205245
      205278
      205370
      205467
      205534
      205575
      205632
      205654
      205733
      205807
      205818
      205882
      205910
      205985
      206053
      206127
      206129
      206151
      206154
      206217
      206305
      206399
      206467
      206564
      206610
      206685
      206775
      206793
      206831
      206913
      206955
      207000
      207063
      207078
      207082
      207134
      207227
      207271
      207312
      207403
      207440
      207519
      207611
      207701
      207752
      207828
      207852
      207866
      207952
      208015
      208038
      208053
      208094
      208115
      208210
      208252
      208266
      208339
      208434
      208437
      208501
      208584
      208600
      208604
      208684
      208692
      208719
      208782
      208789
      208801
      208832
      208847
      208858
      208888
      208987
      209028
      209029
      209089
      209123
      209207
      209224
      209242
      209296
      209330
      209385
      209396
      209427
      209444
      209451
      209461
      209523
      209525
      209572
      209593
      209630
      209706
      209725
      209751
      209798
      209863
      209954
      210035
      210112
      210131
      210185
      210236
      210276
      210326
      210333
      210340
      210399
      210413
      210463
      210510
      210526
      210543
      210595
      210608
      210641
      210678
      210689
      210709
      210722
      210814
      210830
      210911
      210993
      211042
      211053
      211101
      211101
      211169
      211183
      211220
      211260
      211306
      211325
      211378
      211467
      211497
      211582
      211654
      211666
      211746
      211807
      211857
      211911
      211921
      212015
      212016
      212070
      212083
      212109
      212129
      212223
      212253
      212302
      212341
      212430
      212526
      212593
      212633
      212649
      212692
      212740
      212773
      212850
      212946
      212948
      212950
      212973
      212976
      213026
      213084
      213165
      213174
      213198
      213235
      213284
      213315
      213394
      213413
      213432
      213458
      213503
      213541
      213590
      213608
      213704
      213718
      213810
      213839
      213914
      213967
      214025
      214077
      214171
      214171
      214252
      214298
      214355
      214384
      214438
      214442
      214520
      214557
      214648
      214678
      214738
      214837
      214892
      214925
      214960
      214984
      215018
      215101
      215135
      215217
      215305
      215365
      215376
      215432
      215511
      215560
      215601
      215669
      215675
      215740
      215766
      215779
      215864
      215931
      216007
      216056
      216097
      216163
      216222
      216246
      216289
      216306
      216310
      216366
      216420
      216475
      216510
      216542
      216601
      216659
      216726
      216734
      216752
      216805
      216853
      216892
      216962
      216980
      217057
      217145
      217178
      217203
      217239
      217266
      217347
      217410
      217443
      217508
      217552
      217556
      217653
      217734
      217804
      217834
      217886
      217937
      218024
      218111
      218138
      218149
      218223
      218233
      218239
      218309
      218366
      218413
      218456
      218541
      218582
      218639
      218681
      218700
      218770
      218851
      218895
      218921
      218923
      218956
      219013
      219085
      219090
      219157
      219241
      219278
      219290
      219290
      219325
      219327
      219393
      219435
      219517
      219612
      219620
      219666
      219730
      219823
      219829
      219848
      219887
      219982
      220071
      220112
      220131
      220154
      220234
      220278
      220332
      220412
      220485
      220550
      220594
      220594
      220619
      220665
      220747
      220797
      220861
      220948
      220952
      221028
      221109
      221202
      221259
      221352
      221450
      221526
      221596
      221602
      221688
      221734
      221830
      221849
      221869
      221879
      221959
      221968
      221986
      222031
      222049
      222126
      222139
      222180
      222221
      222273
      222345
      222359
      222445
      222536
      222615
      222617
      222697
      222733
      222757
      222796
      222846
      222878
      222893
      222983
      223000
      223052
      223068
      223077
      223097
      223100
      223114
      223180
      223206
      223217
      223306
      223365
      223376
      223408
      223488
      223543
      223565
      223615
      223713
      223789
      223853
      223947
      223961
      223987
      224031
      224095
      224175
      224201
      224228
      224235
      224311
      224334
      224390
      224435
      224507
      224525
      224589
      224675
      224748
      224809
      224837
      224903
      224911
      224915
      224966
      225003
      225016
      225077
      225161
      225191
      225223
      225256
      225333
      225414
      225446
      225506
      225508
      225592
      225605
      225640
      225699
      225796
      225802
      225815
      225860
      225922
      225948
      226041
      226137
      226173
      226218
      226296
      226364
      226409
      226441
      226516
      226586
      226654
      226720
      226768
      226819
      226833
      226913
      226968
      227018
      227027
      227033
      227095
      227189
      227248
      227340
      227414
      227473
      227493
      227564
      227618
      227692
      227728
      227733
      227733
      227811
      227815
      227907
      227917
      228003
      228063
      228112
      228162
      228225
      228304
      228380
      228414
      228484
      228549
      228616
      228616
      228689
      228760
      228836
      228905
      228993
      229025
      229100
      229124
      229190
      229223
      229239
      229277
      229317
      229387
      229449
      229488
      229579
      229654
      229670
      229732
      229738
      229789
      229861
      229865
      229962
      230020
      230037
      230047
      230093
      230166
      230214
      230276
      230296
      230344
      230438
      230497
      230588
      230681
      230701
      230788
      230805
      230839
      230871
      230900
      230901
      230920
      230932
      231010
      231079
      231111
      231198
      231283
      231322
      231417
      231512
      231538
      231541
      231552
      231640
      231733
      231772
      231822
      231856
      231878
      231956
      231976
      232011
      232062
      232132
      232137
      232200
      232292
      232355
      232383
      232385
      232464
      232524
      232578
      232657
      232695
      232782
      232813
      232895
      232953
      232994
      233072
      233074
      233099
      233168
      233195
      233220
      233303
      233349
      233371
      233415
      233467
      233526
      233559
      233559
      233642
      233716
      233774
      233853
      233857
      233888
      233960
      233996
      234022
      234026
      234039
      234120
      234196
      234260
      234270
      234328
      234384
      234411
      234467
      234482
      234556
      234630
      234635
      234725
      234822
      234900
      234956
      235015
      235044
      235099
      235135
      235209
      235277
      235372
      235456
      235523
      235571
      235630
      235722
      235724
      235751
      235816
      235876
      235955
      236043
      236136
      236143
      236198
      236219
      236281
      236362
      236414
      236480
      236532
      236554
      236585
      236638
      236668
      236722
      236744
      236801
      236801
      236867
      236936
      236948
      236990
      237066
      237100
      237153
      237237
      237243
      237301
      237358
      237441
      237467
      237481
      237548
      237612
      237636
      237653
      237712
      237807
      237869
      237887
      237963
      238011
      238017
      238072
      238126
      238142
      238235
      238269
      238329
      238361
      238379
      238413
      238462
      238515
      238587
      238622
      238704
      238761
      238843
      238877
      238917
      238947
      238990
      239089
      239172
      239262
      239275
      239286
      239354
      239427
      239447
      239474
      239492
      239574
      239633
      239720
      239778
      239810
      239867
      239909
      239987
      240023
      240089
      240121
      240194
      240211
      240284
      240354
      240443
      240454
      240540
      240541
      240566
      240590
      240617
      240655
      240685
      240779
      240843
      240924
      241023
      241051
      241136
      241169
      241231
      241257
      241313
      241378
      241414
      241476
      241505
      241580
      241625
      241641
      241711
      241769
      241802
      241893
      241927
      241998
      242027
      242027
      242058
      242145
      242189
      242211
      242225
      242269
      242293
      242339
      242384
      242428
      242476
      242496
      242504
      242569
      242597
      242597
      242667
      242732
      242793
      242888
      242974
      242997
      243027
      243098
      243109
      243173
      243200
      243211
      243263
      243305
      243367
      243452
      243514
      243583
      243617
      243667
      243686
      243745
      243810
      243892
      243892
      243974
      244053
      244099
      244125
      244164
      244259
      244330
      244375
      244415
      244503
      244542
      244614
      244658
      244700
      244795
      244845
      244936
      244981
      245063
      245118
      245173
      245176
      245178
      245228
      245323
      245388
      245459
      245505
      245548
      245603
      245623
      245660
      245672
      245741
      245831
      245859
      245895
      245950
      245996
      246093
      246095
      246179
      246204
      246300
      246339
      246354
      246401
      246459
      246474
      246478
      246506
      246534
      246557
      246632
      246687
      246735
      246744
      246803
      246853
      246949
      247020
      247115
      247150
      247228
      247312
      247329
      247404
      247470
      247547
      247629
      247710
      247713
      247806
      247838
      247886
      247890
      247902
      247918
      247933
      248011
      248078
      248135
      248188
      248202
      248277
      248329
      248346
      248360
      248449
      248458
      248472
      248528
      248574
      248603
      248659
      248671
      248675
      248753
      248783
      248794
      248853
      248935
      249016
      249050
      249098
      249174
      249190
      249244
      249252
      249343
      249420
      249451
      249533
      249630
      249694
      249788
      249850
      249913
      249925
      249958
      250012
      250037
      250071
      250142
      250150
      250224
      250257
      250340
      250357
      250376
      250422
      250444
      250529
      250546
      250557
      250627
      250668
      250686
      250709
      250719
      250807
      250879
      250889
      250939
      250979
      251047
      251136
      251177
      251235
      251237
      251321
      251377
      251421
      251511
      251610
      251682
      251778
      251834
      251926
      251966
      252038
      252109
      252179
      252268
      252323
      252353
      252388
      252414
      252427
      252508
      252591
      252608
      252686
      252687
      252716
      252757
      252829
      252882
      252944
      253004
      253048
      253107
      253107
      253145
      253181
      253248
      253294
      253386
      253390
      253434
      253452
      253499
      253572
      253645
      253710
      253797
      253849
      253906
      253942
      253998
      254031
      254035
      254089
      254120
      254120
      254215
      254311
      254380
      254403
      254489
      254533
      254547
      254597
      254694
      254745
      254843
      254913
      254948
      255013
      255097
      255135
      255215
      255272
      255329
      255345
      255392
      255404
      255413
      255425
      255446
      255494
      255580
      255631
      255644
      255651
      255704
      255731
      255794
      255841
      255884
      255962
      256009
      256056
      256108
      256156
      256191
      256244
      256290
      256320
      256353
      256355
      256375
      256381
      256404
      256472
      256529
      256569
      256608
      256647
      256720
      256773
      256866
      256893
      256893
      256940
      257027
      257090
      257103
      257152
      257218
      257243
      257301
      257382
      257469
      257471
      257504
      257601
      257676
      257708
      257752
      257834
      257874
      257917
      258015
      258054
      258150
      258223
      258295
      258357
      258387
      258388
      258457
      258518
      258565
      258582
      258595
      258601
      258657
      258729
      258800
      258873
      258927
      258936
      258992
      259003
      259076
      259117
      259159
      259239
      259288
      259296
      259354
      259384
      259483
      259523
      259565
      259632
      259693
      259744
      259830
      259922
      259986
      260083
      260095
      260101
      260107
      260114
      260158
      260221
      260266
      260283
      260345
      260381
      260468
      260493
      260496
      260519
      260591
      260659
      260733
      260811
      260865
      260868
      260892
      260925
      260939
      260985
      260998
      261064
      261064
      261161
      261223
      261309
      261357
      261397
      261489
      261539
      261599
      261627
      261688
      261779
      261858
      261858
      261919
      261956
      262045
      262126
      262218
      262292
      262376
      262416
      262442
      262516
      262560
      262653
      262686
      262743
      262805
      262858
      262873
      262883
      262915
      263011
      263026
      263099
      263162
      263173
      263231
      263324
      263364
      263452
      263530
      263554
      263570
      263634
      263676
      263690
      263767
      263833
      263873
      263965
      264062
      264140
      264156
      264209
      264268
      264355
      264377
      264418
      264479
      264538
      264565
      264643
      264680
      264744
      264807
      264857
      264872
      264916
      264934
      265023
      265064
      265154
      265224
      265306
      265325
      265411
      265481
      265507
      265600
      265614
      265660
      265675
      265747
      265846
      265920
      265992
      266029
      266096
      266121
      266190
      266205
      266213
      266269
      266338
      266416
      266464
      266478
      266480
      266533
      266572
      266620
      266621
      266688
      266743
      266780
      266801
      266836
      266855
      266883
      266934
      266990
      267037
      267113
      267161
      267226
      267226
      267322
      267338
      267435
      267463
      267524
      267548
      267593
      267682
      267715
      267805
      267882
      267957
      268015
      268093
      268165
      268220
      268305
      268357
      268359
      268446
      268486
      268489
      268558
      268647
      268733
      268817
      268849
      268924
      269014
      269083
      269149
      269232
      269320
      269408
      269445
      269494
      269515
      269532
      269541
      269543
      269582
      269618
      269694
      269736
      269775
      269777
      269797
      269803
      269821
      269867
      269882
      269892
      269942
      269969
      270067
      270088
      270094
      270123
      270136
      270150
      270197
      270276
      270367
      270466
      270539
      270584
