          93
         149
         164
         211
         280
         343
         414
         425
         482
         538
         556
         603
         626
         669
         761
         789
         836
         897
         919
         929
        1015
        1078
        1114
        1122
        1136
        1169
        1268
        1330
        1342
        1402
        1462
        1515
        1525
        1536
        1618
        1646
        1653
        1745
        1783
        1795
        1863
        1962
        2035
        2064
        2153
        2181
        2248
        2307
        2392
        2488
        2565
        2588
        2627
        2655
        2701
        2768
        2824
        2908
        3007
        3082
        3145
        3190
        3283
        3381
        3438
        3518
        3546
        3629
        3698
        3744
        3787
        3803
        3842
        3910
        3921
        3965
        3999
        4019
        4064
        4158
        4225
        4251
        4306
        4385
        4392
        4467
        4531
        4598
        4636
        4732
        4740
        4791
        4831
        4839
        4884
        4914
        4996
        5060
        5061
        5137
        5178
        5249
        5285
        5285
        5316
        5403
        5493
        5533
        5608
        5636
        5709
        5792
        5797
        5848
        5892
        5906
        5932
        5963
        6001
        6047
        6083
        6177
        6233
        6296
        6342
        6369
        6413
        6490
        6556
        6604
        6610
        6692
        6734
        6784
        6806
        6857
        6892
        6946
        6951
        6964
        7062
        7087
        7150
        7213
        7280
        7283
        7362
        7364
        7412
        7502
        7552
        7591
        7656
        7699
        7734
        7810
        7822
        7851
        7923
        7978
        8067
        8142
        8213
        8298
        8356
        8388
        8439
        8459
        8466
        8559
        8616
        8633
        8659
        8745
        8750
        8774
        8851
        8942
        9036
        9065
        9138
        9211
        9240
        9280
        9282
        9303
        9394
        9493
        9531
        9612
        9698
        9703
        9719
        9745
        9753
        9848
        9901
        9957
        9980
       10079
       10082
       10136
       10161
       10231
       10312
       10342
       10364
       10416
       10456
       10477
       10526
       10593
       10677
       10738
       10835
       10848
       10849
       10907
       11004
       11082
       11084
       11171
       11243
       11328
       11350
       11437
       11530
       11624
       11661
       11758
       11792
       11850
       11903
       11939
       12000
       12011
       12042
       12043
       12071
       12164
       12167
       12249
       12292
       12296
       12351
       12412
       12475
       12486
       12486
       12549
       12560
       12590
       12635
       12721
       12761
       12793
       12810
       12819
       12873
       12928
       12937
       13032
       13063
       13112
       13150
       13228
       13293
       13384
       13414
       13492
       13502
       13526
       13571
       13642
       13662
       13666
       13709
       13760
       13792
       13856
       13944
       13997
       14061
       14082
       14092
       14123
       14154
       14214
       14303
       14304
       14349
       14394
       14437
       14475
       14541
       14581
       14629
       14721
       14727
       14768
       14771
       14844
       14860
       14927
       14933
       15020
       15032
       15032
       15123
       15171
       15195
       15196
       15205
       15297
       15344
       15386
       15431
       15473
       15552
       15585
       15632
       15666
       15669
       15753
       15805
       15878
       15896
       15942
       15988
       16032
       16047
       16096
       16146
       16244
       16331
       16420
       16491
       16577
       16641
       16678
       16759
       16836
       16854
       16917
       16988
       17005
       17041
       17096
       17104
       17117
       17204
       17230
       17314
       17384
       17461
       17479
       17553
       17631
       17660
       17745
       17787
       17868
       17889
       17988
       18020
       18096
       18158
       18169
       18180
       18267
       18347
       18350
       18407
       18446
       18493
       18515
       18553
       18614
       18657
       18705
       18758
       18825
       18882
       18956
       19012
       19028
       19081
       19083
       19116
       19188
       19217
       19291
       19296
       19346
       19347
       19363
       19373
       19431
       19489
       19566
       19637
       19649
       19713
       19778
       19811
       19847
       19881
       19944
       19985
       20069
       20155
       20235
       20267
       20356
       20373
       20384
       20386
       20439
       20470
       20559
       20602
       20666
       20693
       20781
       20839
       20872
       20898
       20921
       20964
       21000
       21064
       21123
       21197
       21271
       21351
       21443
       21496
       21581
       21626
       21631
       21661
       21724
       21809
       21815
       21892
       21898
       21900
       21900
       21922
       21959
       22019
       22093
       22171
       22185
       22271
       22285
       22329
       22346
       22363
       22448
       22533
       22621
       22659
       22694
       22739
       22749
       22838
       22932
       22986
       23021
       23078
       23078
       23110
       23165
       23202
       23257
       23328
       23359
       23405
       23486
       23517
       23575
       23583
       23596
       23673
       23756
       23776
       23788
       23802
       23809
       23810
       23816
       23825
       23849
       23933
       23954
       23994
       24039
       24074
       24137
       24158
       24206
       24237
       24251
       24307
       24365
       24439
       24499
       24520
       24564
       24593
       24641
       24684
       24746
       24820
       24905
       24948
       24994
       25023
       25090
       25161
       25165
       25253
       25281
       25331
       25394
       25435
       25519
       25543
       25611
       25630
       25703
       25767
       25835
       25914
       25951
       25971
       26055
       26087
       26099
       26185
       26186
       26238
       26266
       26356
       26373
       26425
       26470
       26541
       26579
       26579
       26629
       26677
       26726
       26799
       26863
       26959
       27002
       27049
       27148
       27235
       27323
       27344
       27425
       27457
       27517
       27578
       27593
       27658
       27700
       27751
       27849
       27938
       27964
       28025
       28064
       28116
       28205
       28235
       28310
       28349
       28412
       28418
       28497
       28503
       28513
       28533
       28603
       28626
       28673
       28681
       28750
       28754
       28796
       28883
       28922
       28993
       29017
       29085
       29178
       29269
       29304
       29311
       29326
       29425
       29498
       29526
       29554
       29556
       29568
       29666
       29756
       29779
       29866
       29952
       29975
       30013
       30058
       30132
       30208
       30295
       30327
       30374
       30394
       30461
       30481
       30567
       30589
       30664
       30763
       30819
       30866
       30913
       30954
       30972
       31048
       31133
       31147
       31201
       31230
       31302
       31370
       31446
       31496
       31567
       31589
       31666
       31693
       31786
       31821
       31828
       31871
       31907
       31912
       31927
       31979
       32073
       32093
       32103
       32104
       32172
       32254
       32262
       32310
       32345
       32373
       32413
       32440
       32526
       32557
       32585
       32621
       32675
       32739
       32806
       32835
       32907
       32919
       33005
       33098
       33115
       33124
       33178
       33228
       33290
       33329
       33368
       33437
       33454
       33486
       33537
       33560
       33590
       33602
       33656
       33676
       33676
       33683
       33775
       33832
       33847
       33926
       33981
       34006
       34051
       34055
       34078
       34090
       34123
       34147
       34177
       34249
       34326
       34357
       34377
       34404
       34431
       34443
       34447
       34448
       34484
       34561
       34614
       34617
       34645
       34655
       34709
       34744
       34831
       34855
       34927
       34940
       34973
       35040
       35054
       35071
       35079
       35166
       35167
       35170
       35242
       35337
       35436
       35445
       35517
       35574
       35604
       35652
       35679
       35689
       35768
       35817
       35878
       35926
       35944
       35945
       35995
       36001
       36033
       36059
       36134
       36208
       36237
       36312
       36404
       36417
       36500
       36586
       36619
       36692
       36778
       36867
       36962
       37012
       37017
       37041
       37065
       37156
       37177
       37205
       37275
       37322
       37323
       37382
       37419
       37453
       37510
       37585
       37665
       37758
       37782
       37788
       37826
       37874
       37903
       37908
       37996
       37998
       38075
       38158
       38164
       38230
       38248
       38295
       38310
       38387
       38477
       38541
       38550
       38583
       38682
       38734
       38815
       38816
       38868
       38873
       38904
       38948
       38960
       38994
       39081
       39130
       39201
       39208
       39301
       39336
       39359
       39397
       39492
       39515
       39532
       39589
       39620
       39649
       39666
       39708
       39792
       39804
       39901
       39976
       40050
       40087
       40107
       40169
       40214
       40258
       40264
       40299
       40340
       40384
       40391
       40430
       40519
       40608
       40705
       40751
       40818
       40831
       40874
       40972
       41013
       41042
       41048
       41102
       41138
       41197
       41272
       41347
       41441
       41485
       41511
       41594
       41642
       41715
       41749
       41812
       41825
       41828
       41902
       41948
       42017
       42078
       42089
       42100
       42123
       42222
       42242
       42337
       42381
       42404
       42424
       42458
       42553
       42561
       42607
       42674
       42748
       42820
       42827
       42876
       42884
       42909
       42992
       43059
       43096
       43165
       43228
       43229
       43233
       43291
       43334
       43418
       43478
       43495
       43556
       43625
       43691
       43696
       43731
       43767
       43849
       43911
       43951
       44037
       44110
       44121
       44217
       44286
       44296
       44392
       44418
       44514
       44544
       44604
       44699
       44715
       44794
       44847
       44853
       44865
       44875
       44915
       44968
       44982
       45049
       45090
       45092
       45115
       45156
       45240
       45269
       45276
       45351
       45400
       45411
       45470
       45504
       45553
       45607
       45649
       45665
       45742
       45742
       45820
       45887
       45958
       46045
       46052
       46120
       46210
       46218
       46251
       46294
       46295
       46390
       46440
       46446
       46512
       46590
       46609
       46677
       46773
       46857
       46909
       46984
       47075
       47161
       47181
       47277
       47330
       47390
       47476
       47494
       47543
       47582
       47658
       47698
       47764
       47782
       47801
       47850
       47919
       47932
       48023
       48121
       48208
       48287
       48376
       48406
       48483
       48560
       48637
       48670
       48734
       48782
       48832
       48870
       48907
       49002
       49047
       49073
       49171
       49267
       49366
       49378
       49474
       49488
       49547
       49626
       49703
       49732
       49805
       49849
       49876
       49955
       49956
       50018
       50117
       50121
       50137
       50219
       50304
       50358
       50453
       50479
       50569
       50654
       50750
       50800
       50829
       50881
       50958
       51017
       51113
       51186
       51224
       51259
       51308
       51402
       51418
       51506
       51583
       51584
       51611
       51703
       51707
       51804
       51898
       51976
       52022
       52082
       52129
       52192
       52289
       52323
       52412
       52420
       52429
       52485
       52561
       52653
       52737
       52773
       52855
       52857
       52939
       52961
       53006
       53022
       53050
       53062
       53075
       53147
       53235
       53311
       53364
       53392
       53449
       53522
       53580
       53604
       53627
       53661
       53703
       53714
       53735
       53812
       53889
       53971
       54011
       54017
       54047
       54084
       54121
       54159
       54205
       54289
       54311
       54316
       54352
       54437
       54531
       54597
       54608
       54671
       54754
       54766
       54787
       54832
       54838
       54887
       54962
       54991
       55027
       55031
       55095
       55170
       55220
       55242
       55266
       55324
       55338
       55384
       55477
       55483
       55532
       55608
       55691
       55713
       55745
       55748
       55821
       55854
       55943
       56006
       56045
       56142
       56229
       56268
       56316
       56372
       56387
       56447
       56542
       56630
       56724
       56754
       56815
       56889
       56889
       56944
       56977
       57021
       57089
       57140
       57234
       57310
       57381
       57414
       57462
       57518
       57571
       57655
       57703
       57776
       57865
       57953
       57998
       58044
       58068
       58123
       58130
       58171
       58183
       58214
       58268
       58279
       58340
       58429
       58429
       58459
       58535
       58627
       58695
       58775
       58869
       58870
       58923
       58968
       58992
       59058
       59144
       59151
       59208
       59230
       59248
       59254
       59274
       59279
       59306
       59374
       59396
       59472
       59493
       59577
       59621
       59629
       59651
       59695
       59790
       59792
       59880
       59906
       59920
       59973
       59974
       60049
       60124
       60152
       60173
       60267
       60333
       60336
       60370
       60428
       60455
       60513
       60577
       60663
       60689
       60749
       60843
       60895
       60954
       61050
       61063
       61143
       61187
       61272
       61279
       61373
       61441
       61532
       61535
       61630
       61718
       61738
       61745
       61760
       61844
       61850
       61921
       61966
       61981
       62067
       62140
       62215
       62302
       62384
       62474
       62480
       62497
       62570
       62579
       62602
       62688
       62743
       62747
       62826
       62860
       62879
       62962
       63052
       63062
       63087
       63174
       63220
       63265
       63298
       63321
       63322
       63330
       63425
       63426
       63515
       63525
       63569
       63638
       63687
       63777
       63850
       63935
       63986
       64005
       64005
       64039
       64063
       64155
       64155
       64250
       64261
       64321
       64366
       64397
       64446
       64510
       64588
       64685
       64745
       64752
       64766
       64831
       64883
       64948
       65026
       65116
       65134
       65182
       65279
       65326
       65351
       65442
       65443
       65491
       65500
       65584
       65645
       65678
       65752
       65821
       65887
       65891
       65970
       65995
       66002
       66098
       66175
       66255
       66322
       66370
       66432
       66447
       66487
       66498
       66546
       66634
       66699
       66739
       66772
       66815
       66886
       66942
       66990
       67008
       67059
       67151
       67234
       67257
       67343
       67366
       67447
       67468
       67549
       67634
       67650
       67711
       67765
       67784
       67863
       67926
       67958
       68047
       68096
       68143
       68224
       68313
       68368
       68417
       68490
       68575
       68619
       68681
       68706
       68803
       68838
       68905
       68993
       69013
       69063
       69127
       69185
       69185
       69233
       69246
       69284
       69308
       69345
       69353
       69380
       69412
       69445
       69458
       69532
       69576
       69669
       69753
       69774
       69792
       69819
       69915
       69920
       69974
       70055
       70118
       70187
       70219
       70299
       70336
       70382
       70466
       70537
       70561
       70608
       70706
       70795
       70841
       70905
       70992
       71058
       71069
       71110
       71172
       71195
       71254
       71295
       71370
       71410
       71437
       71447
       71450
       71493
       71538
       71605
       71622
       71706
       71779
       71787
       71844
       71902
       71988
       72039
       72104
       72173
       72271
       72304
       72325
       72353
       72420
       72450
       72499
       72557
       72579
       72642
       72682
       72691
       72780
       72846
       72867
       72907
       72961
       72973
       73023
       73061
       73139
       73176
       73267
       73357
       73371
       73393
       73438
       73522
       73556
       73575
       73643
       73647
       73692
       73697
       73724
       73781
       73819
       73820
       73849
       73850
       73896
       73943
       73958
       73963
       74051
       74100
       74139
       74195
       74209
       74225
       74306
       74369
       74464
       74470
       74565
       74651
       74729
       74789
       74888
       74919
       74991
       75047
       75122
       75169
       75209
       75273
       75344
       75397
       75432
       75490
       75589
       75630
       75706
       75801
       75883
       75904
       75952
       75966
       76062
       76138
       76201
       76265
       76273
       76372
       76409
       76468
       76505
       76529
       76557
       76630
       76635
       76725
       76820
       76882
       76906
       76971
       77049
       77105
       77121
       77158
       77164
       77253
       77305
       77336
       77394
       77411
       77442
       77541
       77628
       77647
       77704
       77780
       77864
       77923
       77965
       78050
       78080
       78160
       78227
       78242
       78329
       78407
       78407
       78423
       78427
       78468
       78499
       78598
       78662
       78753
       78809
       78829
       78876
       78886
       78924
       78995
       79074
       79096
       79115
       79178
       79275
       79297
       79347
       79357
       79424
       79519
       79574
       79610
       79668
       79766
       79858
       79865
       79876
       79879
       79967
       79978
       80054
       80062
       80084
       80114
       80125
       80223
       80271
       80297
       80351
       80434
       80493
       80567
       80607
       80690
       80768
       80827
       80896
       80961
       81025
       81053
       81141
       81162
       81168
       81195
       81272
       81354
       81452
       81485
       81541
       81550
       81629
       81657
       81696
       81712
       81744
       81796
       81886
       81927
       81982
       81985
       82073
       82167
       82178
       82219
       82308
       82316
       82400
       82461
       82495
       82517
       82613
       82672
       82687
       82763
       82777
       82824
       82857
       82946
       82965
       83050
       83141
       83187
       83215
       83310
       83385
       83406
       83408
       83424
       83443
       83522
       83606
       83700
       83717
       83770
       83812
       83863
       83891
       83939
       83976
       84037
       84101
       84139
       84208
       84298
       84353
       84357
       84371
       84438
       84453
       84516
       84603
       84691
       84700
       84797
       84889
       84931
       84967
       84985
       85031
       85101
       85117
       85120
       85181
       85275
       85334
       85409
       85506
       85558
       85558
       85584
       85662
       85743
       85758
       85786
       85816
       85839
       85863
       85894
       85905
       85908
       85980
       86047
       86125
       86204
       86210
       86229
       86301
       86308
       86350
       86417
       86440
       86476
       86572
       86669
       86768
       86839
       86857
       86889
       86981
       87067
       87138
       87197
       87204
       87204
       87281
       87308
       87327
       87394
       87478
       87526
       87607
       87637
       87708
       87757
       87768
       87809
       87850
       87912
       87949
       87968
       88048
       88081
       88139
       88226
       88266
       88267
       88356
       88362
       88385
       88445
       88462
       88526
       88620
       88654
       88654
       88704
       88802
       88809
       88824
       88832
       88886
       88949
       88961
       89060
       89142
       89223
       89254
       89290
       89304
       89332
       89357
       89447
       89503
       89543
       89631
       89662
       89710
       89780
       89877
       89937
       89949
       89962
       90056
       90066
       90154
       90196
       90252
       90252
       90253
       90257
       90337
       90375
       90458
       90481
       90509
       90560
       90562
       90626
       90712
       90733
       90772
       90811
       90855
       90949
       91029
       91097
       91164
       91165
       91238
       91271
       91291
       91377
       91400
       91417
       91483
       91579
       91628
       91681
       91695
       91699
       91753
       91850
       91944
       91959
       92014
       92101
       92104
       92134
       92178
       92205
       92205
       92286
       92318
       92321
       92340
       92344
       92395
       92427
       92475
       92485
       92528
       92553
       92573
       92663
       92708
       92720
       92786
       92881
       92965
       92974
       93040
       93056
       93071
       93102
       93107
       93203
       93206
       93276
       93332
       93384
       93385
       93395
       93429
       93464
       93513
       93610
       93688
       93786
       93840
       93845
       93899
       93905
       93986
       94052
       94107
       94132
       94185
       94249
       94304
       94403
       94486
       94566
       94610
       94704
       94709
       94729
       94802
       94840
       94881
       94942
       94965
       95038
       95089
       95127
       95172
       95220
       95259
       95323
       95332
       95402
       95431
       95506
       95520
       95568
       95628
       95715
       95812
       95900
       95939
       96015
       96044
       96081
       96092
       96172
       96241
       96247
       96309
       96405
       96429
       96440
       96538
       96595
       96596
       96634
       96665
       96704
       96745
       96812
       96827
       96883
       96963
       97040
       97068
       97119
       97120
       97172
       97196
       97230
       97326
       97341
       97394
       97458
       97472
       97528
       97587
       97681
       97770
       97818
       97884
       97898
       97966
       97992
       98046
       98068
       98161
       98223
       98250
       98280
       98355
       98409
       98470
       98504
       98564
       98605
       98644
       98724
       98777
       98858
       98883
       98950
       99022
       99067
       99077
       99085
       99138
       99231
       99271
       99283
       99321
       99389
       99452
       99467
       99506
       99562
       99634
       99663
       99760
       99786
       99827
       99880
       99908
      100003
      100071
      100109
      100128
      100200
      100206
      100270
      100357
      100383
      100409
      100431
      100480
      100522
      100563
      100633
      100663
      100693
      100724
      100775
      100777
      100854
      100942
      101025
      101108
      101145
      101231
      101247
      101275
      101361
      101456
      101551
      101569
      101640
      101663
      101722
      101749
      101755
      101756
      101848
      101898
      101967
      102053
      102070
      102145
      102195
      102231
      102324
      102328
      102362
      102364
      102375
      102460
      102463
      102505
      102594
      102687
      102715
      102731
      102735
      102826
      102908
      102932
      102956
      103020
      103026
      103030
      103126
      103222
      103321
      103363
      103410
      103497
      103514
      103551
      103608
      103670
      103692
      103763
      103800
      103871
      103894
      103917
      103936
      103949
      103975
      104005
      104053
      104117
      104157
      104201
      104237
      104304
      104338
      104353
      104417
      104449
      104502
      104571
      104614
      104630
      104722
      104734
      104830
      104915
      104962
      105031
      105127
      105198
      105242
      105337
      105368
      105423
      105511
      105543
      105634
      105668
      105678
      105690
      105744
      105785
      105833
      105858
      105876
      105955
      105984
      106048
      106074
      106106
      106141
      106146
      106197
      106214
      106261
      106290
      106352
      106422
      106498
      106551
      106581
      106613
      106631
      106660
      106751
      106796
      106835
      106881
      106912
      106961
      106998
      107080
      107115
      107145
      107244
      107244
      107335
      107351
      107394
      107429
      107452
      107480
      107510
      107525
      107527
      107568
      107639
      107699
      107731
      107787
      107828
      107902
      107989
      108050
      108144
      108185
      108232
      108278
      108335
      108399
      108492
      108520
      108557
      108581
      108657
      108680
      108684
      108712
      108770
      108803
      108837
      108893
      108957
      108965
      109001
      109009
      109023
      109034
      109084
      109093
      109139
      109229
      109246
      109312
      109394
      109464
      109495
      109577
      109579
      109624
      109643
      109670
      109715
      109725
      109786
      109796
      109798
      109861
      109922
      110011
      110057
      110138
      110196
      110267
      110291
      110381
      110442
      110481
      110533
      110561
      110602
      110605
      110657
      110723
      110769
      110851
      110874
      110878
      110947
      111006
      111018
      111092
      111162
      111199
      111210
      111221
      111290
      111310
      111340
      111371
      111428
      111447
      111464
      111486
      111529
      111558
      111570
      111576
      111602
      111658
      111721
      111739
      111833
      111900
      111904
      111914
      111971
      112028
      112066
      112070
      112096
      112145
      112145
      112194
      112250
      112338
      112415
      112501
      112530
      112571
      112584
      112669
      112717
      112792
      112844
      112917
      112979
      113039
      113083
      113154
      113161
      113211
      113308
      113342
      113359
      113391
      113436
      113457
      113516
      113554
      113581
      113605
      113669
      113705
      113759
      113774
      113822
      113832
      113842
      113929
      114007
      114043
      114048
      114071
      114071
      114142
      114179
      114198
      114283
      114325
      114418
      114505
      114570
      114576
      114624
      114646
      114698
      114783
      114790
      114809
      114819
      114864
      114958
      115028
      115040
      115080
      115082
      115180
      115278
      115342
      115347
      115367
      115369
      115443
      115463
      115494
      115569
      115581
      115649
      115674
      115677
      115772
      115852
      115890
      115968
      116044
      116113
      116150
      116159
      116208
      116240
      116288
      116316
      116408
      116502
      116522
      116566
      116626
      116660
      116690
      116731
      116815
      116823
      116862
      116907
      116920
      116942
      116997
      117046
      117074
      117099
      117171
      117237
      117260
      117334
      117406
      117446
      117502
      117515
      117581
      117582
      117617
      117711
      117772
      117859
      117931
      117942
      118019
      118114
      118141
      118185
      118200
      118286
      118380
      118449
      118454
      118511
      118573
      118620
      118670
      118673
      118711
      118777
      118826
      118839
      118935
      119010
      119039
      119134
      119178
      119209
      119231
      119298
      119389
      119455
      119460
      119469
      119535
      119566
      119569
      119656
      119736
      119752
      119800
      119819
      119846
      119944
      120039
      120100
      120173
      120186
      120245
      120338
      120426
      120522
      120527
      120597
      120601
      120615
      120637
      120667
      120719
      120797
      120816
      120899
      120907
      120979
      121033
      121044
      121128
      121163
      121237
      121303
      121378
      121463
      121487
      121579
      121634
      121732
      121812
      121840
      121913
      121943
      121967
      121999
      122098
      122099
      122124
      122210
      122254
      122260
      122340
      122424
      122495
      122580
      122604
      122613
      122677
      122703
      122774
      122800
      122868
      122946
      122990
      123023
      123072
      123142
      123159
      123220
      123285
      123342
      123390
      123396
      123402
      123450
      123530
      123616
      123704
      123740
      123764
      123863
      123935
      123964
      124000
      124033
      124034
      124128
      124211
      124307
      124332
      124351
      124403
      124418
      124423
      124516
      124517
      124555
      124646
      124661
      124665
      124747
      124815
      124864
      124901
      124931
      125021
      125055
      125076
      125131
      125143
      125147
      125159
      125174
      125255
      125287
      125349
      125446
      125522
      125559
      125573
      125670
      125733
      125797
      125837
      125842
      125879
      125948
      125986
      126009
      126105
      126182
      126233
      126238
      126292
      126302
      126330
      126428
      126450
      126483
      126564
      126629
      126714
      126714
      126735
      126748
      126790
      126812
      126859
      126937
      127018
      127089
      127157
      127224
      127252
      127314
      127359
      127440
      127471
      127548
      127645
      127709
      127756
      127817
      127909
      127930
      127934
      127971
      128023
      128089
      128184
      128278
      128281
      128346
      128354
      128412
      128465
      128554
      128625
      128638
      128733
      128770
      128863
      128918
      128984
      129051
      129068
      129118
      129174
      129215
      129246
      129315
      129358
      129408
      129504
      129536
      129540
      129570
      129586
      129601
      129646
      129707
      129762
      129853
      129916
      129991
      130060
      130069
      130113
      130197
      130223
      130288
      130374
      130424
      130491
      130510
      130583
      130625
      130687
      130769
      130785
      130801
      130864
      130880
      130963
      130983
      131072
      131074
      131168
      131233
      131294
      131370
      131397
      131421
      131453
      131505
      131579
      131672
      131696
      131723
      131775
      131823
      131905
      131915
      131917
      131974
      131983
      132025
      132094
      132155
      132222
      132318
      132333
      132366
      132457
      132504
      132566
      132645
      132695
      132790
      132879
      132949
      132976
      133018
      133078
      133173
      133215
      133271
      133298
      133319
      133358
      133457
      133459
      133556
      133566
      133570
      133621
      133716
      133776
      133826
      133896
      133940
      133995
      134087
      134151
      134164
      134224
      134242
      134332
      134408
      134487
      134495
      134532
      134631
      134698
      134734
      134787
      134802
      134878
      134955
      135003
      135073
      135119
      135196
      135203
      135272
      135337
      135354
      135430
      135446
      135508
      135560
      135621
      135707
      135791
      135890
      135906
      135953
      136024
      136067
      136133
      136216
      136295
      136337
      136340
      136349
      136372
      136387
      136432
      136515
      136528
      136565
      136595
      136631
      136676
      136719
      136779
      136779
      136862
      136946
      137016
      137054
      137086
      137100
      137101
      137106
      137202
      137255
      137352
      137407
      137410
      137435
      137530
      137585
      137682
      137734
      137768
      137798
      137860
      137958
      137997
      138027
      138033
      138105
      138162
      138201
      138285
      138287
      138386
      138428
      138512
      138597
      138695
      138724
      138778
      138849
      138941
      138952
      139048
      139108
      139201
      139278
      139278
      139367
      139422
      139470
      139485
      139548
      139556
      139635
      139700
      139769
      139782
      139810
      139851
      139864
      139948
      140029
      140049
      140080
      140132
      140147
      140234
      140315
      140356
      140420
      140426
      140426
      140524
      140615
      140710
      140774
      140815
      140884
      140915
      141002
      141086
      141173
      141253
      141326
      141400
      141452
      141458
      141465
      141521
      141553
      141624
      141667
      141757
      141834
      141849
      141858
      141922
      142002
      142067
      142132
      142216
      142290
      142332
      142377
      142466
      142495
      142555
      142650
      142680
      142764
      142854
      142899
      142977
      142985
      143083
      143092
      143160
      143196
      143267
      143315
      143391
      143429
      143502
      143565
      143598
      143665
      143715
      143766
      143843
      143854
      143913
      143933
      143934
      144029
      144073
      144100
      144176
      144191
      144279
      144357
      144449
      144453
      144517
      144544
      144609
      144687
      144727
      144764
      144784
      144790
      144847
      144855
      144903
      144914
      144950
      144963
      145056
      145107
      145187
      145244
      145300
      145395
      145395
      145468
      145505
      145532
      145556
      145581
      145603
      145627
      145690
      145754
      145794
      145819
      145853
      145856
      145914
      145971
      146043
      146119
      146208
      146256
      146296
      146345
      146379
      146396
      146458
      146465
      146478
      146532
      146543
      146560
      146624
      146677
      146772
      146815
      146903
      146916
      147007
      147032
      147113
      147140
      147187
      147255
      147324
      147349
      147376
      147402
      147484
      147545
      147568
      147639
      147659
      147681
      147748
      147778
      147808
      147854
      147940
      148038
      148131
      148165
      148240
      148318
      148386
      148463
      148475
      148532
      148597
      148663
      148691
      148719
      148726
      148799
      148804
      148885
      148947
      149014
      149060
      149155
      149224
      149268
      149362
      149394
      149493
      149572
      149658
      149684
      149697
      149759
      149793
      149816
      149821
      149906
      149948
      149992
      150049
      150100
      150199
      150230
      150314
      150406
      150505
      150554
      150586
      150653
      150701
      150796
      150893
      150977
      151015
      151107
      151123
      151205
      151211
      151248
      151272
      151338
      151414
      151468
      151508
      151582
      151644
      151663
      151712
      151741
      151826
      151922
      151930
      151981
      152066
      152100
      152156
      152187
      152267
      152315
      152397
      152448
      152462
      152482
      152570
      152659
      152748
      152781
      152820
      152857
      152897
      152952
      153039
      153117
      153202
      153229
      153249
      153285
      153285
      153302
      153361
      153402
      153436
      153473
      153503
      153593
      153624
      153686
      153784
      153856
      153915
      153959
      153969
      154063
      154082
      154167
      154264
      154348
      154424
      154472
      154556
      154654
      154658
      154724
      154810
      154849
      154925
      154955
      154985
      155014
      155067
      155163
      155192
      155222
      155282
      155341
      155358
      155390
      155462
      155536
      155549
      155579
      155611
      155700
      155753
      155844
      155865
      155961
      156032
      156109
      156146
      156153
      156200
      156251
      156298
      156350
      156436
      156535
      156549
      156585
      156644
      156684
      156781
      156867
      156914
      156979
      157050
      157142
      157225
      157226
      157269
      157365
      157423
      157433
      157512
      157519
      157544
      157640
      157669
      157747
      157825
      157832
      157846
      157871
      157942
      157997
      158076
      158100
      158181
      158203
      158236
      158282
      158339
      158364
      158364
      158381
      158385
      158481
      158577
      158643
      158734
      158832
      158861
      158913
      158992
      159049
      159147
      159217
      159311
      159327
      159387
      159411
      159420
      159496
      159579
      159612
      159701
      159780
      159786
      159819
      159892
      159937
      159957
      160013
      160034
      160112
      160210
      160222
      160321
      160355
      160391
      160482
      160576
      160656
      160673
      160704
      160735
      160751
      160826
      160859
      160941
      161019
      161054
      161074
      161111
      161124
      161196
      161265
      161364
      161448
      161492
      161523
      161590
      161658
      161685
      161731
      161825
      161857
      161956
      162039
      162119
      162153
      162217
      162272
      162368
      162457
      162479
      162503
      162553
      162620
      162699
      162702
      162774
      162842
      162905
      162939
      163033
      163062
      163143
      163230
      163246
      163247
      163302
      163369
      163413
      163439
      163474
      163521
      163583
      163612
      163657
      163695
      163762
      163800
      163812
      163857
      163932
      163935
      163987
      164062
      164097
      164120
      164152
      164179
      164220
      164272
      164366
      164432
      164437
      164531
      164553
      164562
      164635
      164650
      164662
      164686
      164777
      164786
      164823
      164826
      164844
      164905
      164946
      164972
      165024
      165122
      165191
      165221
      165297
      165357
      165416
      165492
      165591
      165639
      165678
      165742
      165758
      165809
      165862
      165934
      165941
      166026
      166030
      166073
      166073
      166073
      166087
      166174
      166260
      166289
      166311
      166311
      166347
      166370
      166402
      166458
      166554
      166587
      166607
      166676
      166718
      166768
      166861
      166960
      166997
      166999
      167042
      167117
      167165
      167190
      167251
      167314
      167405
      167440
      167531
      167562
      167652
      167656
      167657
      167687
      167754
      167826
      167923
      168002
      168047
      168088
      168088
      168140
      168225
      168295
      168337
      168396
      168483
      168489
      168493
      168578
      168660
      168741
      168826
      168862
      168899
      168990
      169065
      169145
      169190
      169247
      169322
      169418
      169476
      169514
      169534
      169570
      169578
      169673
      169710
      169760
      169855
      169940
      169977
      170012
      170030
      170121
      170129
      170186
      170238
      170332
      170354
      170402
      170426
      170468
      170565
      170589
      170635
      170719
      170765
      170796
      170874
      170922
      170961
      171011
      171036
      171040
      171103
      171191
      171275
      171288
      171338
      171351
      171398
      171410
      171446
      171503
      171545
      171593
      171665
      171707
      171787
      171848
      171850
      171869
      171929
      172017
      172017
      172067
      172071
      172150
      172195
      172292
      172372
      172457
      172473
      172475
      172533
      172537
      172572
      172655
      172739
      172773
      172849
      172862
      172924
      172955
      172993
      173034
      173058
      173100
      173142
      173216
      173296
      173378
      173458
      173482
      173562
      173643
      173711
      173787
      173874
      173920
      173999
      174097
      174111
      174209
      174270
      174327
      174414
      174445
      174538
      174574
      174595
      174654
      174744
      174745
      174789
      174838
      174935
      175034
      175106
      175140
      175223
      175240
      175256
      175311
      175369
      175400
      175469
      175555
      175619
      175688
      175697
      175779
      175859
      175944
      175952
      175958
      176038
      176043
      176081
      176167
      176244
      176296
      176356
      176453
      176456
      176458
      176473
      176567
      176616
      176641
      176689
      176772
      176792
      176825
      176866
      176873
      176885
      176909
      176971
      177046
      177131
      177134
      177227
      177241
      177249
      177342
      177350
      177433
      177531
      177596
      177692
      177774
      177778
      177796
      177822
      177833
      177875
      177918
      177962
      177990
      178083
      178135
      178189
      178247
      178313
      178399
      178434
      178488
      178517
      178552
      178650
      178672
      178771
      178866
      178869
      178944
      179032
      179038
      179090
      179182
      179255
      179335
      179397
      179435
      179499
      179592
      179659
      179669
      179673
      179690
      179763
      179806
      179901
      179969
      180027
      180030
      180079
      180178
      180231
      180319
      180413
      180464
      180563
      180585
      180649
      180739
      180782
      180799
      180894
      180987
      181001
      181028
      181059
      181097
      181159
      181193
      181234
      181270
      181270
      181368
      181405
      181450
      181543
      181561
      181630
      181724
      181780
      181837
      181851
      181946
      181956
      182019
      182074
      182077
      182117
      182167
      182242
      182315
      182381
      182383
      182446
      182474
      182474
      182548
      182601
      182641
      182694
      182733
      182831
      182875
      182962
      182973
      182981
      183018
      183057
      183073
      183090
      183105
      183148
      183231
      183291
      183299
      183359
      183420
      183421
      183480
      183505
      183527
      183588
      183661
      183716
      183717
      183726
      183769
      183828
      183866
      183898
      183925
      184020
      184037
      184131
      184214
      184275
      184326
      184365
      184411
      184468
      184502
      184528
      184536
      184577
      184622
      184651
      184682
      184774
      184873
      184956
      184989
      184999
      185006
      185014
      185018
      185037
      185062
      185078
      185080
      185157
      185214
      185279
      185365
      185400
      185413
      185473
      185517
      185524
      185597
      185658
      185735
      185830
      185896
      185908
      186005
      186014
      186050
      186085
      186086
      186099
      186151
      186164
      186207
      186247
      186329
      186384
      186480
      186511
      186516
      186551
      186649
      186734
      186787
      186805
      186855
      186930
      186973
      186998
      187037
      187070
      187148
      187247
      187316
      187396
      187425
      187443
      187449
      187533
      187569
      187668
      187717
      187800
      187834
      187902
      187916
      187921
      187987
      188041
      188136
      188138
      188210
      188211
      188233
      188299
      188382
      188424
      188446
      188486
      188554
      188586
      188596
      188613
      188700
      188706
      188805
      188809
      188835
      188927
      188945
      188987
      189021
      189027
      189095
      189095
      189173
      189242
      189262
      189351
      189374
      189396
      189490
      189567
      189641
      189736
      189771
      189780
      189830
      189896
      189940
      189951
      189955
      189976
      190005
      190049
      190138
      190177
      190237
      190309
      190373
      190446
      190528
      190581
      190656
      190728
      190761
      190777
      190812
      190901
      190962
      191035
      191134
      191160
      191243
      191283
      191301
      191371
      191392
      191485
      191571
      191668
      191673
      191748
      191777
      191823
      191834
      191857
      191913
      191967
      192021
      192021
      192076
      192104
      192122
      192209
      192302
      192381
      192389
      192407
      192489
      192500
      192563
      192638
      192647
      192648
      192690
      192771
      192869
      192952
      192956
      192986
      193044
      193080
      193100
      193111
      193129
      193210
      193235
      193287
      193335
      193430
      193436
      193494
      193515
      193525
      193534
      193586
      193603
      193603
      193604
      193609
      193646
      193701
      193766
      193808
      193904
      193910
      193984
      194053
      194072
      194145
      194206
      194258
      194323
      194341
      194399
      194435
      194532
      194593
      194645
      194719
      194724
      194798
      194881
      194933
      194945
      194991
      195035
      195089
      195130
      195186
      195198
      195268
      195312
      195379
      195457
      195457
      195540
      195597
      195605
      195655
      195662
      195742
      195815
      195914
      195989
      195993
      196021
      196032
      196115
      196193
      196290
      196362
      196453
      196548
      196621
      196622
      196716
      196798
      196851
      196943
      196993
      197079
      197166
      197187
      197223
      197293
      197363
      197384
      197425
      197432
      197433
      197477
      197522
      197551
      197551
      197562
      197636
      197733
      197736
      197833
      197904
      197976
      198062
      198089
      198155
      198215
      198304
      198403
      198499
      198534
      198584
      198672
      198714
      198726
      198811
      198874
      198913
      198925
      199010
      199078
      199097
      199160
      199167
      199211
      199220
      199235
      199328
      199336
      199420
      199423
      199490
      199524
      199579
      199625
      199659
      199739
      199743
      199812
      199860
      199903
      199964
      199999
      200031
      200126
      200175
      200253
      200352
      200413
      200454
      200541
      200625
      200636
      200677
      200694
      200765
      200799
      200892
      200987
      201039
      201103
      201106
      201192
      201215
      201307
      201336
      201398
      201435
      201458
      201512
      201528
      201564
      201615
      201635
      201640
      201713
      201745
      201785
      201786
      201866
      201894
      201900
      201994
      202037
      202043
      202105
      202138
      202220
      202263
      202339
      202371
      202416
      202443
      202490
      202500
      202515
      202545
      202551
      202612
      202705
      202782
      202842
      202900
      202991
      202998
      203017
      203060
      203070
      203125
      203186
      203272
      203315
      203395
      203439
      203482
      203533
      203584
      203672
      203724
      203774
      203781
      203782
      203863
      203931
      203992
      204070
      204103
      204201
      204295
      204305
      204383
      204404
      204446
      204501
      204576
      204667
      204720
      204817
      204824
      204848
      204943
      205042
      205105
      205156
      205207
      205253
      205299
      205333
      205373
      205461
      205464
      205504
      205529
      205551
      205558
      205579
      205656
      205698
      205731
      205808
      205870
      205883
      205956
      205995
      206046
      206128
      206153
      206162
      206235
      206258
      206337
      206411
      206481
      206537
      206599
      206614
      206687
      206687
      206738
      206763
      206797
      206850
      206870
      206905
      206956
      206997
      207013
      207108
      207189
      207214
      207275
      207337
      207352
      207393
      207447
      207529
      207615
      207684
      207737
      207787
      207787
      207792
      207805
      207805
      207860
      207883
      207952
      208049
      208068
      208161
      208206
      208210
      208242
      208245
      208283
      208380
      208402
      208490
      208562
      208636
      208689
      208723
      208775
      208871
      208873
      208956
      208996
      209065
      209112
      209204
      209232
      209317
      209387
      209419
      209491
      209522
      209563
      209652
      209666
      209708
      209795
      209803
      209865
      209923
      209925
      209946
      210036
      210100
      210190
      210257
      210302
      210329
      210340
      210412
      210469
      210483
      210554
      210640
      210671
      210734
      210799
      210857
      210948
      211022
      211063
      211085
      211119
      211205
      211283
      211311
      211339
      211419
      211458
      211547
      211556
      211651
      211713
      211748
      211791
      211791
      211808
      211814
      211900
      211912
      211992
      212052
      212059
      212082
      212170
      212173
      212270
      212272
      212351
      212410
      212435
      212474
      212485
      212541
      212605
      212661
      212690
      212739
      212770
      212850
      212914
      212946
      213043
      213102
      213192
      213259
      213333
      213360
      213411
      213470
      213536
      213539
      213601
      213694
      213739
      213755
      213759
      213827
      213863
      213884
      213899
      213928
      213968
      214012
      214056
      214060
      214115
      214183
      214249
      214321
      214392
      214475
      214550
      214613
      214622
      214655
      214721
      214721
      214773
      214840
      214934
      214953
      215012
      215104
      215113
      215203
      215285
      215301
      215354
      215401
      215419
      215450
      215526
      215620
      215646
      215667
      215730
      215731
      215773
      215792
      215878
      215929
      215986
      216020
      216020
      216020
      216099
      216183
      216185
      216234
      216249
      216325
      216369
      216456
      216484
      216533
      216575
      216666
      216674
      216752
      216794
      216827
      216901
      216982
      217039
      217059
      217132
      217194
      217207
      217302
      217305
      217355
      217355
      217429
      217518
      217578
      217650
      217728
      217811
      217871
      217877
      217973
      217978
      218000
      218048
      218136
      218173
      218185
      218257
      218302
      218384
      218388
      218469
      218477
      218510
      218526
      218558
      218603
      218675
      218681
      218724
      218806
      218836
      218875
      218919
      218959
      218999
      219096
      219186
      219271
      219360
      219457
      219513
      219529
      219586
      219611
      219656
      219705
      219726
      219812
      219846
      219878
      219879
      219923
      219966
      220021
      220076
      220156
      220199
      220201
      220265
      220340
      220356
      220420
      220512
      220516
      220545
      220568
      220580
      220588
      220649
      220662
      220752
      220791
      220796
      220798
      220834
      220913
      220935
      220975
      220990
      221082
      221106
      221124
      221208
      221242
      221333
      221343
      221404
      221502
      221540
      221575
      221585
      221683
      221745
      221815
      221828
      221856
      221947
      222041
      222097
      222154
      222214
      222258
      222342
      222398
      222463
      222486
      222517
      222611
      222628
      222647
      222650
      222716
      222772
      222818
      222841
      222851
      222889
      222906
      222944
      222952
      222983
      223017
      223107
      223166
      223197
      223288
      223333
      223336
      223342
      223376
      223417
      223455
      223484
      223495
      223562
      223633
      223697
      223731
      223810
      223859
      223929
      223934
      223963
      224060
      224151
      224161
      224178
      224264
      224334
      224416
      224508
      224576
      224642
      224659
      224713
      224721
      224789
      224802
      224804
      224816
      224828
      224872
      224912
      224951
      224996
      225031
      225093
      225171
      225258
      225286
      225323
      225336
      225396
      225485
      225502
      225584
      225647
      225656
      225681
      225764
      225780
      225821
      225846
      225878
      225911
      225920
      225951
      225984
      226034
      226098
      226138
      226151
      226208
      226273
      226285
      226354
      226445
      226492
      226557
      226614
      226624
      226644
      226710
      226739
      226780
      226856
      226908
      226963
      226991
      227038
      227086
      227092
      227104
      227172
      227213
      227236
      227301
      227372
      227409
      227444
      227528
      227626
      227712
      227746
      227795
      227865
      227895
      227912
      227976
      228064
      228132
      228182
      228249
      228317
      228344
      228355
      228444
      228478
      228481
      228487
      228492
      228540
      228542
      228544
      228621
      228694
      228739
      228799
      228865
      228897
      228988
      229085
      229112
      229138
      229230
      229281
      229343
      229393
      229454
      229522
      229598
      229665
      229723
      229770
      229772
      229871
      229943
      229972
      230031
      230092
      230163
      230192
      230277
      230314
      230329
      230346
      230353
      230365
      230366
      230388
      230407
      230477
      230519
      230554
      230631
      230718
      230780
      230860
      230892
      230985
      230989
      231074
      231167
      231190
      231194
      231272
      231315
      231347
      231388
      231483
      231537
      231626
      231710
      231730
      231754
      231772
      231867
      231910
      232003
      232051
      232062
      232100
      232122
      232179
      232268
      232345
      232387
      232480
      232570
      232589
      232610
      232629
      232629
      232633
      232640
      232663
      232741
      232773
      232834
      232894
      232989
      232992
      233032
      233032
      233116
      233194
      233290
      233357
      233367
      233435
      233478
      233571
      233632
      233655
      233682
      233779
      233841
      233867
      233924
      234006
      234024
      234086
      234156
      234254
      234337
      234415
      234437
      234533
      234588
      234660
      234759
      234816
      234853
      234892
      234898
      234966
      235019
      235082
      235163
      235177
      235273
      235285
      235290
      235363
      235417
      235421
      235520
      235617
      235644
      235668
      235725
      235822
      235822
      235841
      235928
      235985
      236029
      236044
      236143
      236195
      236243
      236284
      236326
      236390
      236446
      236467
      236528
      236613
      236700
      236764
      236846
      236890
      236908
      236972
      237036
      237041
      237068
      237166
      237167
      237247
      237321
      237350
      237388
      237471
      237503
      237575
      237655
      237666
      237740
      237825
      237838
      237859
      237957
      238017
      238049
      238121
      238205
      238287
      238293
      238349
      238383
      238433
      238490
      238548
      238557
      238640
      238650
      238664
      238722
      238734
      238743
      238768
      238797
      238889
      238944
      239011
      239076
      239089
      239098
      239176
      239204
      239241
      239282
      239297
      239312
      239340
      239357
      239377
      239411
      239422
      239503
      239584
      239630
      239702
      239707
      239787
      239800
      239881
      239908
      239913
      239965
      240029
      240116
      240178
      240184
      240221
      240255
      240302
      240356
      240434
      240506
      240516
      240597
      240670
      240687
      240696
      240701
      240714
      240718
      240811
      240828
      240918
      240924
      240937
      240981
      241068
      241074
      241146
      241168
      241204
      241226
      241229
      241239
      241240
      241256
      241281
      241366
      241367
      241378
      241450
      241480
      241567
      241579
      241641
      241642
      241730
      241781
      241824
      241917
      241946
      242039
      242039
      242082
      242181
      242209
      242213
      242296
      242328
      242422
      242460
      242491
      242582
      242621
      242708
      242798
      242890
      242943
      242991
      243045
      243054
      243068
      243147
      243181
      243254
      243325
      243414
      243458
      243492
      243583
      243619
      243703
      243796
      243796
      243820
      243826
      243872
      243896
      243967
      243999
      244090
      244112
      244128
      244161
      244166
      244182
      244237
      244304
      244396
      244412
      244488
      244545
      244554
      244576
      244668
      244752
      244824
      244848
      244861
      244895
      244937
      244995
      245089
      245162
      245240
      245322
      245412
      245492
      245545
      245594
      245685
      245738
      245794
      245889
      245971
      245997
      246007
      246086
      246173
      246204
      246212
      246288
      246330
      246392
      246457
      246471
      246518
      246596
      246607
      246699
      246790
      246798
      246831
      246927
      246999
      247080
      247107
      247180
      247212
      247303
      247401
      247423
      247455
      247535
      247627
      247627
      247650
      247698
      247771
      247804
      247858
      247903
      247936
      248015
      248051
      248054
      248088
      248130
      248212
      248250
      248338
      248389
      248389
      248459
      248485
      248501
      248542
      248562
      248653
      248715
      248803
      248860
      248942
      248956
      249034
      249084
      249106
      249153
      249174
      249256
      249263
      249290
      249368
      249413
      249500
      249523
      249575
      249601
      249645
      249725
      249752
      249785
      249813
      249830
      249898
      249929
      249989
      250040
      250094
      250143
      250211
      250252
      250253
      250305
      250366
      250439
      250493
      250592
      250635
      250644
      250672
      250710
      250751
      250767
      250773
      250843
      250941
      251017
      251054
      251074
      251104
      251197
      251215
      251281
      251378
      251463
      251549
      251635
      251734
      251764
      251778
      251864
      251960
      252038
      252070
      252089
      252109
      252139
      252180
      252222
      252225
      252227
      252256
      252316
      252329
      252334
      252338
      252370
      252460
      252559
      252560
      252601
      252608
      252625
      252681
      252714
      252777
      252821
      252845
      252916
      252945
      253040
      253092
      253175
      253249
      253347
      253368
      253384
      253390
      253403
      253445
      253522
      253535
      253542
      253563
      253576
      253578
      253643
      253707
      253767
      253863
      253946
      253998
      254081
      254096
      254162
      254176
      254272
      254339
      254350
      254435
      254522
      254539
      254588
      254615
      254658
      254741
      254807
      254838
      254847
      254857
      254940
      254997
      255026
      255066
      255164
      255193
      255193
      255220
      255257
      255287
      255351
      255364
      255419
      255436
      255524
      255571
      255629
      255715
      255767
      255849
      255902
      255998
      256087
      256087
      256110
      256170
      256197
      256271
      256339
      256391
      256392
      256442
      256517
      256524
      256558
      256628
      256710
      256786
      256807
      256831
      256849
      256939
      256988
      256988
      257031
      257110
      257197
      257242
      257273
      257360
      257369
      257392
      257439
      257505
      257517
      257566
      257649
      257659
      257673
      257720
      257813
      257874
      257879
      257952
      258027
      258041
      258128
      258204
      258229
      258319
      258369
      258446
      258486
      258564
      258661
      258663
      258724
      258785
      258832
      258870
      258884
      258884
      258916
      258953
      259024
      259056
      259060
      259104
      259200
      259217
      259248
      259340
      259382
      259404
      259452
      259470
      259539
      259557
      259562
      259649
      259718
      259773
      259827
      259835
      259874
      259946
      260032
      260044
      260066
      260105
      260179
      260264
      260319
      260392
      260397
      260459
      260460
      260471
      260495
      260531
      260605
      260617
      260716
      260735
      260775
      260859
      260905
      260950
      261021
      261040
