          15
          56
          62
         104
         171
         245
         253
         325
         362
         370
         464
         473
         492
         558
         639
         654
         741
         778
         836
         861
         898
         921
        1012
        1030
        1035
        1109
        1110
        1116
        1145
        1177
        1249
        1286
        1327
        1405
        1478
        1568
        1657
        1743
        1800
        1851
        1889
        1987
        2050
        2132
        2182
        2186
        2199
        2248
        2280
        2312
        2390
        2435
        2529
        2548
        2591
        2680
        2704
        2795
        2836
        2906
        2972
        3061
        3136
        3199
        3237
        3275
        3339
        3351
        3370
        3410
        3498
        3569
        3617
        3672
        3715
        3799
        3856
        3899
        3982
        4039
        4056
        4154
        4224
        4230
        4322
        4391
        4422
        4428
        4493
        4493
        4580
        4612
        4688
        4752
        4850
        4869
        4908
        4954
        5039
        5081
        5152
        5211
        5226
        5241
        5257
        5294
        5348
        5369
        5391
        5470
        5504
        5505
        5589
        5593
        5675
        5692
        5780
        5845
        5847
        5919
        5944
        6033
        6111
        6208
        6272
        6326
        6391
        6392
        6474
        6518
        6536
        6559
        6632
        6700
        6701
        6758
        6763
        6809
        6862
        6874
        6912
        6920
        6996
        7036
        7128
        7168
        7267
        7357
        7429
        7449
        7525
        7531
        7574
        7596
        7683
        7750
        7825
        7921
        7949
        8011
        8095
        8175
        8255
        8260
        8296
        8350
        8418
        8490
        8527
        8594
        8678
        8723
        8790
        8810
        8891
        8981
        9060
        9114
        9114
        9177
        9256
        9288
        9357
        9452
        9454
        9551
        9590
        9659
        9757
        9836
        9839
        9927
       10017
       10089
       10118
       10134
       10221
       10259
       10308
       10381
       10388
       10459
       10509
       10552
       10566
       10574
       10673
       10694
       10792
       10826
       10856
       10934
       11008
       11101
       11122
       11167
       11167
       11186
       11217
       11229
       11280
       11287
       11338
       11423
       11441
       11487
       11512
       11569
       11621
       11622
       11707
       11773
       11788
       11823
       11870
       11934
       11948
       12026
       12048
       12104
       12130
       12161
       12245
       12277
       12341
       12403
       12498
       12577
       12665
       12682
       12710
       12730
       12817
       12819
       12858
       12902
       12959
       13028
       13082
       13156
       13217
       13223
       13289
       13304
       13375
       13403
       13418
       13501
       13506
       13551
       13624
       13660
       13700
       13763
       13820
       13879
       13909
       13974
       13980
       14077
       14135
       14213
       14294
       14312
       14388
       14463
       14560
       14636
       14651
       14737
       14748
       14822
       14918
       14961
       15012
       15097
       15161
       15196
       15237
       15271
       15330
       15409
       15506
       15533
       15573
       15657
       15670
       15755
       15835
       15873
       15892
       15989
       16063
       16087
       16157
       16173
       16240
       16314
       16390
       16470
       16547
       16572
       16664
       16678
       16756
       16853
       16868
       16935
       16971
       17052
       17146
       17158
       17181
       17264
       17278
       17368
       17434
       17487
       17488
       17587
       17617
       17659
       17689
       17762
       17794
       17869
       17942
       18040
       18114
       18117
       18141
       18172
       18249
       18259
       18280
       18355
       18372
       18439
       18445
       18449
       18534
       18560
       18641
       18680
       18708
       18786
       18795
       18872
       18900
       18962
       19019
       19024
       19025
       19101
       19171
       19241
       19267
       19299
       19331
       19358
       19445
       19461
       19541
       19576
       19582
       19589
       19614
       19622
       19632
       19671
       19699
       19781
       19814
       19818
       19830
       19845
       19886
       19915
       19963
       20031
       20099
       20134
       20214
       20292
       20323
       20342
       20401
       20447
       20509
       20532
       20553
       20626
       20680
       20740
       20796
       20887
       20932
       20975
       21034
       21064
       21103
       21126
       21169
       21242
       21284
       21295
       21302
       21338
       21428
       21492
       21563
       21609
       21653
       21746
       21820
       21827
       21914
       22007
       22018
       22113
       22164
       22257
       22261
       22319
       22345
       22426
       22438
       22509
       22577
       22622
       22690
       22766
       22800
       22863
       22886
       22960
       22988
       23057
       23064
       23156
       23163
       23206
       23228
       23264
       23306
       23339
       23357
       23416
       23504
       23564
       23583
       23679
       23752
       23819
       23899
       23967
       24038
       24041
       24136
       24174
       24202
       24236
       24271
       24362
       24413
       24421
       24499
       24552
       24560
       24605
       24637
       24668
       24725
       24814
       24819
       24859
       24926
       25001
       25054
       25123
       25202
       25292
       25310
       25393
       25484
       25488
       25568
       25618
       25714
       25774
       25778
       25829
       25873
       25918
       25983
       26081
       26148
       26180
       26218
       26233
       26280
       26373
       26471
       26476
       26503
       26545
       26562
       26579
       26629
       26629
       26722
       26796
       26801
       26898
       26956
       26999
       27029
       27095
       27157
       27249
       27267
       27281
       27325
       27421
       27482
       27518
       27528
       27604
       27647
       27691
       27734
       27762
       27857
       27881
       27894
       27945
       27958
       28009
       28058
       28127
       28151
       28158
       28252
       28343
       28344
       28412
       28479
       28480
       28492
       28507
       28518
       28548
       28574
       28613
       28623
       28698
       28747
       28774
       28843
       28913
       28967
       28968
       29023
       29112
       29143
       29241
       29323
       29368
       29460
       29546
       29615
       29711
       29733
       29754
       29846
       29909
       29962
       29974
       30070
       30103
       30161
       30195
       30262
       30293
       30383
       30385
       30402
       30462
       30548
       30642
       30693
       30719
       30799
       30825
       30841
       30877
       30916
       30962
       31035
       31071
       31106
       31193
       31239
       31337
       31424
       31477
       31479
       31493
       31581
       31654
       31658
       31707
       31805
       31842
       31909
       31986
       31990
       32049
       32095
       32096
       32185
       32203
       32271
       32296
       32309
       32395
       32429
       32432
       32440
       32515
       32531
       32559
       32648
       32650
       32678
       32777
       32855
       32896
       32919
       32926
       32957
       33009
       33075
       33100
       33194
       33213
       33226
       33236
       33269
       33313
       33338
       33431
       33518
       33536
       33609
       33662
       33711
       33774
       33806
       33864
       33906
       33989
       34026
       34105
       34160
       34226
       34226
       34258
       34346
       34442
       34476
       34558
       34566
       34594
       34594
       34648
       34669
       34734
       34755
       34783
       34864
       34942
       34998
       35053
       35135
       35193
       35214
       35298
       35353
       35411
       35486
       35539
       35579
       35610
       35663
       35690
       35756
       35771
       35775
       35787
       35816
       35833
       35886
       35892
       35986
       35995
       36087
       36135
       36217
       36221
       36304
       36363
       36400
       36439
       36492
       36532
       36584
       36633
       36689
       36769
       36819
       36891
       36948
       36957
       37034
       37044
       37121
       37131
       37230
       37318
       37401
       37477
       37507
       37559
       37609
       37695
       37761
       37771
       37842
       37937
       37978
       37995
       38068
       38074
       38144
       38156
       38189
       38249
       38277
       38321
       38343
       38434
       38438
       38453
       38497
       38526
       38575
       38589
       38589
       38653
       38712
       38806
       38900
       38905
       38928
       39025
       39096
       39123
       39219
       39250
       39323
       39386
       39430
       39464
       39497
       39560
       39573
       39621
       39712
       39755
       39835
       39930
       40002
       40004
       40059
       40100
       40199
       40237
       40324
       40412
       40418
       40502
       40541
       40562
       40656
       40723
       40804
       40823
       40918
       40994
       41093
       41165
       41202
       41286
       41365
       41414
       41488
       41510
       41586
       41597
       41614
       41643
       41692
       41744
       41815
       41836
       41883
       41912
       41978
       41981
       42058
       42072
       42120
       42197
       42209
       42304
       42331
       42358
       42391
       42464
       42504
       42532
       42547
       42614
       42626
       42673
       42691
       42788
       42848
       42946
       43028
       43062
       43099
       43149
       43236
       43335
       43426
       43480
       43512
       43520
       43602
       43666
       43699
       43732
       43770
       43805
       43854
       43884
       43936
       43969
       43986
       44064
       44092
       44122
       44183
       44217
       44297
       44337
       44397
       44470
       44550
       44559
       44601
       44671
       44749
       44811
       44812
       44832
       44916
       44951
       45038
       45088
       45089
       45178
       45238
       45266
       45328
       45336
       45425
       45511
       45516
       45544
       45618
       45692
       45742
       45745
       45799
       45819
       45830
       45832
       45895
       45937
       45953
       45965
       46022
       46037
       46136
       46214
       46262
       46286
       46379
       46427
       46462
       46494
       46520
       46597
       46633
       46687
       46705
       46712
       46736
       46818
       46915
       46953
       46988
       47000
       47000
       47025
       47111
       47116
       47121
       47144
       47189
       47201
       47233
       47293
       47326
       47401
       47494
       47575
       47598
       47645
       47674
       47723
       47744
       47817
       47850
       47906
       47975
       47983
       48035
       48081
       48088
       48158
       48242
       48244
       48254
       48313
       48374
       48401
       48442
       48530
       48551
       48634
       48653
       48675
       48677
       48692
       48780
       48869
       48880
       48914
       48999
       49091
       49157
       49241
       49325
       49392
       49432
       49433
       49495
       49590
       49669
       49718
       49766
       49826
       49870
       49901
       49924
       49938
       49955
       49968
       49995
       50028
       50123
       50149
       50155
       50232
       50259
       50342
       50343
       50439
       50532
       50574
       50607
       50680
       50696
       50763
       50773
       50852
       50924
       51000
       51037
       51037
       51071
       51152
       51163
       51207
       51243
       51261
       51304
       51313
       51409
       51471
       51560
       51622
       51661
       51685
       51705
       51792
       51868
       51894
       51906
       51976
       51978
       52004
       52091
       52152
       52226
       52236
       52262
       52299
       52339
       52430
       52519
       52557
       52646
       52738
       52760
       52808
       52893
       52967
       52988
       53083
       53136
       53182
       53255
       53336
       53425
       53480
       53509
       53549
       53591
       53604
       53667
       53726
       53741
       53818
       53877
       53919
       53932
       54024
       54068
       54138
       54228
       54287
       54361
       54403
       54404
       54441
       54468
       54469
       54532
       54624
       54658
       54697
       54710
       54761
       54771
       54782
       54829
       54925
       54960
       54970
       55058
       55115
       55121
       55187
       55235
       55283
       55352
       55359
       55375
       55436
       55473
       55556
       55645
       55686
       55735
       55756
       55788
       55882
       55900
       55992
       56068
       56071
       56087
       56149
       56201
       56264
       56309
       56317
       56340
       56425
       56438
       56485
       56517
       56557
       56623
       56654
       56743
       56756
       56776
       56858
       56898
       56910
       56970
       57016
       57094
       57106
       57205
       57271
       57328
       57384
       57399
       57477
       57500
       57563
       57572
       57657
       57699
       57704
       57760
       57840
       57863
       57943
       57969
       57975
       58023
       58089
       58135
       58165
       58182
       58214
       58231
       58296
       58349
       58431
       58456
       58486
       58507
       58593
       58594
       58634
       58686
       58734
       58825
       58905
       58980
       58999
       59044
       59112
       59120
       59194
       59204
       59290
       59383
       59454
       59545
       59578
       59633
       59728
       59789
       59855
       59909
       59976
       60015
       60073
       60145
       60156
       60224
       60266
       60322
       60332
       60340
       60402
       60463
       60488
       60578
       60610
       60683
       60733
       60831
       60898
       60992
       61007
       61083
       61159
       61162
       61260
       61332
       61354
       61363
       61434
       61533
       61568
       61637
       61639
       61651
       61736
       61777
       61784
       61871
       61948
       62046
       62085
       62173
       62227
       62269
       62287
       62378
       62381
       62439
       62525
       62543
       62568
       62661
       62719
       62754
       62778
       62810
       62906
       62990
       63043
       63137
       63208
       63219
       63269
       63327
       63327
       63379
       63410
       63434
       63441
       63464
       63512
       63594
       63688
       63757
       63841
       63932
       63967
       64002
       64015
       64074
       64132
       64220
       64252
       64338
       64432
       64526
       64574
       64657
       64688
       64711
       64780
       64874
       64890
       64924
       64940
       64953
       65045
       65143
       65147
       65151
       65217
       65315
       65413
       65445
       65471
       65555
       65625
       65664
       65700
       65783
       65868
       65874
       65953
       66001
       66067
       66086
       66138
       66146
       66206
       66265
       66325
       66343
       66397
       66449
       66468
       66510
       66582
       66589
       66615
       66704
       66792
       66885
       66964
       67048
       67087
       67179
       67229
       67326
       67341
       67433
       67510
       67550
       67576
       67604
       67689
       67759
       67803
       67829
       67837
       67863
       67918
       67951
       67958
       67983
       67999
       68093
       68152
       68164
       68221
       68279
       68355
       68425
       68471
       68556
       68642
       68691
       68707
       68747
       68782
       68861
       68907
       68989
       69003
       69055
       69105
       69115
       69201
       69241
       69292
       69325
       69376
       69388
       69485
       69555
       69582
       69613
       69709
       69798
       69822
       69877
       69973
       69984
       70053
       70117
       70132
       70148
       70202
       70286
       70287
       70330
       70372
       70458
       70510
       70518
       70521
       70570
       70600
       70618
       70633
       70636
       70703
       70777
       70783
       70821
       70883
       70912
       70987
       71083
       71123
       71178
       71184
       71216
       71291
       71375
       71467
       71558
       71564
       71625
       71669
       71752
       71839
       71874
       71882
       71911
       71918
       71983
       72079
       72098
       72160
       72203
       72209
       72286
       72330
       72359
       72367
       72466
       72508
       72601
       72627
       72661
       72671
       72708
       72767
       72866
       72943
       72986
       72994
       73080
       73142
       73170
       73214
       73282
       73292
       73365
       73452
       73471
       73478
       73484
       73541
       73582
       73636
       73714
       73759
       73824
       73892
       73933
       73967
       74031
       74044
       74104
       74106
       74168
       74256
       74272
       74278
       74287
       74290
       74349
       74412
       74482
       74496
       74507
       74577
       74600
       74664
       74763
       74797
       74845
       74904
       74921
       74927
       74974
       75057
       75121
       75188
       75230
       75305
       75375
       75471
       75524
       75565
       75640
       75736
       75831
       75890
       75931
       75944
       76040
       76055
       76080
       76171
       76254
       76334
       76386
       76428
       76473
       76543
       76584
       76646
       76713
       76730
       76803
       76850
       76938
       77007
       77082
       77108
       77148
       77154
       77219
       77233
       77260
       77354
       77413
       77494
       77554
       77582
       77592
       77640
       77694
       77726
       77819
       77886
       77966
       78046
       78078
       78163
       78187
       78236
       78258
       78355
       78372
       78403
       78447
       78535
       78627
       78698
       78760
       78850
       78862
       78940
       78983
       79063
       79108
       79169
       79189
       79193
       79251
       79293
       79385
       79474
       79512
       79548
       79560
       79655
       79696
       79766
       79833
       79897
       79993
       80075
       80130
       80206
       80216
       80224
       80296
       80343
       80442
       80452
       80530
       80581
       80603
       80686
       80780
       80782
       80829
       80878
       80903
       80906
       81005
       81092
       81165
       81254
       81255
       81309
       81337
       81376
       81471
       81549
       81590
       81684
       81743
       81833
       81877
       81923
       81935
       81964
       82022
       82090
       82159
       82237
       82268
       82314
       82335
       82339
       82369
       82454
       82533
       82574
       82655
       82663
       82719
       82744
       82827
       82912
       82971
       83017
       83043
       83067
       83089
       83132
       83201
       83242
       83318
       83361
       83460
       83550
       83579
       83627
       83710
       83722
       83804
       83884
       83975
       83979
       84037
       84125
       84170
       84232
       84248
       84340
       84423
       84451
       84483
       84515
       84554
       84636
       84637
       84722
       84793
       84840
       84848
       84944
       84997
       85077
       85084
       85099
       85100
       85137
       85191
       85191
       85216
       85269
       85317
       85356
       85378
       85383
       85422
       85466
       85551
       85647
       85655
       85733
       85816
       85874
       85956
       86030
       86043
       86124
       86220
       86253
       86287
       86302
       86316
       86334
       86370
       86389
       86424
       86470
       86472
       86571
       86615
       86654
       86684
       86708
       86806
       86860
       86879
       86960
       86975
       87001
       87016
       87095
       87105
       87177
       87275
       87318
       87318
       87369
       87462
       87500
       87524
       87533
       87542
       87616
       87676
       87721
       87792
       87826
       87922
       87941
       87997
       88094
       88098
       88191
       88274
       88282
       88332
       88339
       88411
       88478
       88496
       88558
       88558
       88645
       88672
       88682
       88758
       88840
       88901
       88984
       89053
       89115
       89183
       89259
       89309
       89338
       89418
       89424
       89489
       89525
       89567
       89648
       89708
       89781
       89829
       89920
       89954
       89983
       90053
       90113
       90184
       90196
       90276
       90277
       90364
       90377
       90428
       90432
       90456
       90456
       90478
       90533
       90619
       90639
       90701
       90777
       90845
       90855
       90893
       90917
       90932
       90999
       91097
       91134
       91175
       91210
       91220
       91221
       91233
       91268
       91327
       91376
       91425
       91462
       91500
       91501
       91514
       91589
       91677
       91716
       91805
       91904
       91984
       91985
       91995
       92012
       92031
       92041
       92099
       92131
       92184
       92196
       92261
       92352
       92367
       92404
       92501
       92569
       92648
       92736
       92798
       92829
       92861
       92908
       92975
       93050
       93050
       93138
       93203
       93231
       93251
       93252
       93295
       93368
       93401
       93466
       93522
       93534
       93545
       93569
       93651
       93724
       93734
       93764
       93764
       93785
       93802
       93846
       93886
       93903
       93936
       93972
       94027
       94115
       94119
       94203
       94212
       94238
       94294
       94375
       94455
       94548
       94608
       94685
       94732
       94770
       94851
       94851
       94871
       94968
       95023
       95101
       95135
       95142
       95151
       95243
       95246
       95279
       95315
       95410
       95447
       95543
       95607
       95607
       95612
       95704
       95727
       95789
       95822
       95899
       95948
       95966
       95999
       96085
       96166
       96193
       96263
       96331
       96401
       96454
       96457
       96461
       96502
       96595
       96620
       96707
       96802
       96822
       96842
       96843
       96886
       96963
       97002
       97071
       97161
       97260
       97264
       97346
       97362
       97412
       97420
       97496
       97552
       97599
       97612
       97615
       97637
       97715
       97742
       97747
       97768
       97824
       97890
       97947
       97977
       98067
       98085
       98118
       98176
       98197
       98206
       98226
       98299
       98398
       98435
       98448
       98520
       98540
       98638
       98658
       98675
       98686
       98707
       98740
       98746
       98778
       98789
       98792
       98832
       98838
       98910
       99003
       99049
       99059
       99071
       99124
       99125
       99211
       99304
       99308
       99383
       99452
       99466
       99551
       99588
       99660
       99671
       99731
       99752
       99755
       99798
       99841
       99885
       99904
       99962
       99962
      100015
      100109
      100165
      100194
      100254
      100302
      100358
      100390
      100444
      100447
      100471
      100478
      100535
      100608
      100657
      100671
      100730
      100821
      100836
      100899
      100976
      101028
      101033
      101071
      101132
      101170
      101251
      101278
      101303
      101305
      101386
      101391
      101394
      101416
      101458
      101463
      101527
      101539
      101579
      101585
      101602
      101692
      101727
      101733
      101813
      101899
      101940
      101965
      102007
      102075
      102088
      102115
      102141
      102201
      102224
      102248
      102337
      102381
      102417
      102496
      102595
      102647
      102694
      102752
      102830
      102899
      102910
      102930
      102974
      103048
      103118
      103166
      103246
      103336
      103416
      103442
      103452
      103487
      103510
      103557
      103634
      103723
      103740
      103747
      103771
      103809
      103846
      103904
      103971
      104069
      104081
      104177
      104201
      104298
      104368
      104449
      104499
      104513
      104581
      104650
      104742
      104813
      104870
      104969
      105049
      105148
      105148
      105213
      105228
      105259
      105273
      105365
      105406
      105467
      105497
      105571
      105663
      105753
      105776
      105849
      105854
      105892
      105914
      105929
      106005
      106089
      106133
      106149
      106176
      106189
      106208
      106294
      106361
      106414
      106511
      106533
      106548
      106600
      106621
      106661
      106699
      106708
      106787
      106832
      106846
      106913
      106955
      107013
      107065
      107079
      107120
      107165
      107166
      107236
      107272
      107314
      107399
      107444
      107477
      107514
      107558
      107625
      107660
      107741
      107769
      107818
      107896
      107897
      107989
      108079
      108163
      108189
      108286
      108340
      108408
      108467
      108511
      108520
      108529
      108561
      108593
      108662
      108703
      108739
      108775
      108794
      108867
      108957
      109034
      109037
      109073
      109109
      109203
      109281
      109349
      109369
      109464
      109513
      109587
      109667
      109676
      109769
      109791
      109861
      109908
      109928
      109982
      109989
      110080
      110143
      110143
      110155
      110178
      110210
      110223
      110265
      110274
      110301
      110356
      110388
      110395
      110462
      110483
      110551
      110560
      110583
      110596
      110600
      110664
      110732
      110800
      110850
      110851
      110899
      110912
      110990
      111004
      111062
      111115
      111210
      111254
      111305
      111380
      111384
      111390
      111476
      111485
      111560
      111634
      111710
      111803
      111806
      111823
      111903
      111932
      111997
      112094
      112103
      112139
      112156
      112211
      112285
      112382
      112444
      112509
      112521
      112590
      112635
      112658
      112719
      112757
      112856
      112928
      113019
      113083
      113155
      113243
      113298
      113310
      113407
      113462
      113503
      113593
      113676
      113764
      113817
      113890
      113953
      114046
      114065
      114116
      114170
      114213
      114240
      114324
      114346
      114346
      114398
      114494
      114513
      114548
      114558
      114613
      114650
      114746
      114751
      114784
      114875
      114967
      114987
      115008
      115103
      115168
      115203
      115264
      115340
      115395
      115489
      115514
      115556
      115655
      115708
      115739
      115757
      115803
      115831
      115885
      115951
      115982
      116060
      116084
      116110
      116175
      116186
      116281
      116360
      116435
      116497
      116514
      116603
      116687
      116718
      116773
      116775
      116857
      116906
      116978
      117036
      117060
      117068
      117111
      117112
      117172
      117209
      117247
      117286
      117367
      117389
      117453
      117501
      117588
      117669
      117704
      117795
      117885
      117927
      117947
      118012
      118047
      118141
      118167
      118171
      118207
      118275
      118304
      118368
      118440
      118499
      118526
      118605
      118608
      118700
      118760
      118765
      118850
      118937
      118994
      119051
      119150
      119178
      119181
      119252
      119307
      119365
      119398
      119403
      119430
      119478
      119519
      119581
      119662
      119663
      119672
      119687
      119781
      119823
      119833
      119886
      119915
      119952
      120021
      120077
      120126
      120136
      120227
      120260
      120322
      120361
      120432
      120506
      120514
      120539
      120575
      120626
      120718
      120722
      120772
      120830
      120901
      120942
      121004
      121051
      121060
      121071
      121087
      121158
      121255
      121282
      121314
      121397
      121408
      121439
      121509
      121586
      121631
      121686
      121733
      121827
      121900
      121953
      122021
      122061
      122068
      122154
      122155
      122219
      122257
      122332
      122340
      122427
      122498
      122541
      122633
      122718
      122749
      122828
      122840
      122863
      122865
      122923
      123005
      123007
      123011
      123076
      123165
      123169
      123198
      123285
      123297
      123312
      123411
      123489
      123581
      123631
      123701
      123734
      123765
      123785
      123820
      123901
      123973
      124007
      124021
      124086
      124092
      124157
      124183
      124229
      124286
      124385
      124484
      124541
      124606
      124632
      124718
      124784
      124882
      124976
      124984
      125002
      125009
      125017
      125098
      125184
      125213
      125237
      125256
      125320
      125407
      125431
      125474
      125513
      125548
      125559
      125575
      125661
      125665
      125721
      125807
      125845
      125904
      125941
      125955
      125998
      126044
      126116
      126169
      126229
      126298
      126313
      126365
      126426
      126500
      126533
      126609
      126636
      126715
      126777
      126795
      126888
      126965
      127043
      127117
      127129
      127200
      127227
      127281
      127281
      127302
      127326
      127375
      127457
      127492
      127583
      127645
      127662
      127737
      127829
      127923
      127934
      127939
      128030
      128036
      128116
      128163
      128262
      128299
      128350
      128360
      128411
      128418
      128508
      128519
      128579
      128588
      128639
      128693
      128776
      128872
      128952
      129016
      129099
      129154
      129232
      129295
      129304
      129377
      129384
      129430
      129432
      129490
      129583
      129635
      129715
      129715
      129774
      129783
      129861
      129887
      129937
      129957
      129986
      130013
      130016
      130115
      130168
      130214
      130230
      130259
      130321
      130416
      130479
      130513
      130553
      130620
      130710
      130796
      130834
      130886
      130940
      131010
      131063
      131149
      131228
      131265
      131274
      131311
      131315
      131381
      131471
      131529
      131607
      131696
      131774
      131839
      131871
      131930
      131947
      131980
      132017
      132092
      132115
      132121
      132156
      132246
      132268
      132278
      132369
      132455
      132457
      132544
      132620
      132704
      132786
      132866
      132894
      132935
      132993
      133021
      133025
      133028
      133102
      133137
      133212
      133218
      133305
      133390
      133478
      133562
      133630
      133693
      133770
      133772
      133858
      133937
      134034
      134057
      134090
      134180
      134202
      134212
      134281
      134289
      134333
      134387
      134387
      134483
      134524
      134547
      134616
      134619
      134662
      134737
      134779
      134815
      134904
      134956
      134963
      134996
      135045
      135050
      135065
      135143
      135210
      135231
      135285
      135334
      135370
      135381
      135446
      135487
      135499
      135560
      135644
      135690
      135785
      135790
      135836
      135922
      135949
      135969
      135973
      136006
      136027
      136051
      136077
      136142
      136161
      136202
      136209
      136299
      136322
      136360
      136446
      136461
      136486
      136489
      136523
      136557
      136572
      136648
      136677
      136771
      136807
      136897
      136987
      137022
      137047
      137119
      137138
      137139
      137209
      137236
      137335
      137355
      137415
      137512
      137530
      137627
      137632
      137690
      137760
      137839
      137885
      137972
      138065
      138087
      138120
      138184
      138184
      138216
      138272
      138330
      138369
      138379
      138389
      138437
      138460
      138553
      138632
      138683
      138698
      138766
      138835
      138892
      138967
      138988
      139085
      139132
      139197
      139270
      139360
      139390
      139394
      139406
      139437
      139448
      139450
      139498
      139529
      139597
      139686
      139777
      139859
      139887
      139986
      140076
      140081
      140129
      140186
      140243
      140265
      140318
      140346
      140410
      140464
      140523
      140594
      140675
      140675
      140697
      140727
      140790
      140857
      140919
      141008
      141104
      141188
      141253
      141276
      141358
      141392
      141397
      141470
      141480
      141578
      141592
      141662
      141724
      141781
      141876
      141956
      141961
      141968
      141989
      142005
      142027
      142082
      142123
      142136
      142158
      142251
      142286
      142372
      142413
      142482
      142548
      142569
      142578
      142627
      142726
      142799
      142840
      142899
      142961
      143049
      143055
      143093
      143135
      143154
      143228
      143320
      143354
      143434
      143466
      143534
      143618
      143673
      143732
      143761
      143843
      143934
      143937
      143955
      144028
      144098
      144184
      144202
      144291
      144353
      144368
      144402
      144443
      144462
      144465
      144533
      144566
      144615
      144676
      144753
      144804
      144846
      144880
      144903
      144927
      144942
      145022
      145113
      145151
      145214
      145284
      145343
      145432
      145458
      145474
      145512
      145598
      145639
      145696
      145705
      145739
      145743
      145769
      145795
      145852
      145931
      145973
      145992
      146074
      146092
      146127
      146141
      146150
      146231
      146256
      146324
      146403
      146403
      146440
      146467
      146477
      146566
      146602
      146659
      146749
      146817
      146844
      146905
      146990
      147018
      147092
      147114
      147199
      147295
      147336
      147336
      147420
      147501
      147560
      147568
      147629
      147673
      147691
      147758
      147849
      147886
      147960
      147971
      148064
      148154
      148235
      148323
      148340
      148376
      148440
      148495
      148571
      148627
      148690
      148698
      148778
      148819
      148907
      149002
      149046
      149065
      149127
      149225
      149248
      149347
      149437
      149493
      149512
      149555
      149636
      149708
      149728
      149760
      149789
      149836
      149854
      149950
      149994
      150065
      150153
      150205
      150251
      150253
      150309
      150371
      150436
      150530
      150608
      150663
      150700
      150792
      150834
      150930
      150952
      150974
      150975
      150992
      151030
      151103
      151190
      151205
      151272
      151289
      151375
      151395
      151435
      151494
      151574
      151591
      151641
      151672
      151693
      151791
      151884
      151972
      151972
      151985
      152075
      152137
      152229
      152270
      152283
      152314
      152343
      152405
      152433
      152445
      152505
      152599
      152628
      152674
      152751
      152797
      152824
      152899
      152955
      153013
      153045
      153046
      153071
      153140
      153187
      153189
      153238
      153321
      153404
      153490
      153517
      153520
      153607
      153609
      153680
      153726
      153807
      153837
      153905
      153950
      154010
      154106
      154107
      154145
      154189
      154244
      154339
      154428
      154441
      154454
      154488
      154518
      154609
      154642
      154707
      154744
      154802
      154855
      154939
      154966
      154993
      155054
      155091
      155171
      155266
      155320
      155388
      155437
      155462
      155480
      155548
      155582
      155608
      155613
      155699
      155798
      155896
      155904
      155984
      156055
      156057
      156127
      156212
      156288
      156380
      156414
      156448
      156448
      156493
      156516
      156589
      156682
      156707
      156718
      156735
      156830
      156870
      156932
      157027
      157102
      157105
      157125
      157200
      157218
      157263
      157279
      157317
      157385
      157439
      157492
      157503
      157510
      157552
      157580
      157630
      157692
      157716
      157751
      157812
      157868
      157874
      157965
      158053
      158143
      158227
      158267
      158357
      158435
      158476
      158540
      158597
      158640
      158643
      158734
      158738
      158752
      158829
      158872
      158943
      159005
      159068
      159119
      159146
      159235
      159334
      159352
      159403
      159457
      159487
      159584
      159607
      159691
      159707
      159778
      159814
      159875
      159934
      160005
      160016
      160020
      160044
      160048
      160107
      160114
      160150
      160195
      160280
      160367
      160452
      160550
      160646
      160733
      160752
      160831
      160845
      160924
      161000
      161017
      161049
      161142
      161175
      161177
      161183
      161221
      161257
      161263
      161307
      161382
      161439
      161505
      161551
      161621
      161651
      161726
      161776
      161817
      161888
      161968
      161974
      162039
      162132
      162194
      162283
      162340
      162416
      162461
      162527
      162556
      162585
      162603
      162697
      162766
      162829
      162880
      162920
      162957
      163045
      163054
      163131
      163178
      163210
      163264
      163349
      163383
      163398
      163467
      163562
      163581
      163586
      163619
      163642
      163687
      163689
      163697
      163718
      163812
      163869
      163925
      163927
      164004
      164076
      164167
      164259
      164345
      164361
      164383
      164443
      164449
      164481
      164573
      164632
      164671
      164721
      164752
      164832
      164891
      164944
      164978
      165060
      165105
      165192
      165206
      165240
      165277
      165354
      165376
      165459
      165533
      165591
      165596
      165610
      165622
      165708
      165739
      165826
      165846
      165850
      165929
      166004
      166044
      166059
      166140
      166166
      166203
      166280
      166301
      166358
      166416
      166441
      166537
      166601
      166646
      166737
      166740
      166751
      166804
      166838
      166868
      166934
      167000
      167066
      167093
      167169
      167220
      167222
      167307
      167317
      167343
      167426
      167462
      167468
      167559
      167621
      167648
      167707
      167763
      167857
      167876
      167898
      167930
      168005
      168010
      168093
      168112
      168189
      168214
      168230
      168244
      168294
      168323
      168328
      168374
      168413
      168504
      168596
      168685
      168689
      168694
      168715
      168814
      168847
      168885
      168965
      169052
      169079
      169136
      169164
      169169
      169254
      169266
      169305
      169319
      169330
      169413
      169461
      169544
      169621
      169653
      169702
      169800
      169833
      169931
      169964
      169993
      170029
      170114
      170173
      170182
      170217
      170264
      170344
      170429
      170450
      170534
      170632
      170656
      170691
      170747
      170805
      170807
      170833
      170865
      170946
      170965
      171004
      171090
      171116
      171205
      171236
      171326
      171377
      171383
      171426
      171481
      171525
      171612
      171616
      171671
      171672
      171702
      171741
      171749
      171776
      171869
      171941
      171941
      172040
      172050
      172074
      172106
      172131
      172193
      172196
      172206
      172270
      172288
      172292
      172390
      172437
      172506
      172508
      172607
      172646
      172665
      172717
      172724
      172801
      172895
      172951
      172959
      173030
      173090
      173095
      173113
      173120
      173195
      173291
      173350
      173443
      173535
      173538
      173633
      173690
      173726
      173805
      173874
      173928
      173990
      174034
      174043
      174111
      174132
      174229
      174307
      174322
      174416
      174464
      174554
      174598
      174674
      174720
      174805
      174871
      174901
      174911
      174929
      175020
      175040
      175071
      175128
      175207
      175306
      175399
      175403
      175445
      175506
      175581
      175666
      175752
      175754
      175849
      175948
      176043
      176127
      176143
      176164
      176189
      176287
      176309
      176352
      176421
      176502
      176546
      176628
      176645
      176687
      176721
      176724
      176790
      176863
      176895
      176982
      177018
      177110
      177157
      177172
      177193
      177204
      177253
      177298
      177346
      177442
      177511
      177585
      177629
      177705
      177718
      177784
      177868
      177904
      177990
      178069
      178163
      178189
      178283
      178326
      178346
      178404
      178470
      178530
      178629
      178667
      178735
      178737
      178813
      178827
      178861
      178892
      178914
      178932
      179019
      179063
      179121
      179202
      179299
      179323
      179376
      179475
      179502
      179520
      179611
      179684
      179768
      179813
      179824
      179885
      179951
      179983
      180016
      180069
      180128
      180188
      180190
      180234
      180263
      180300
      180307
      180379
      180402
      180499
      180591
      180660
      180679
      180695
      180779
      180830
      180865
      180899
      180964
      180971
      180990
      181047
      181143
      181162
      181234
      181310
      181354
      181423
      181514
      181534
      181607
      181637
      181724
      181819
      181869
      181926
      182010
      182052
      182104
      182146
      182168
      182216
      182246
      182326
      182403
      182406
      182432
      182519
      182580
      182645
      182743
      182750
      182790
      182814
      182824
      182845
      182857
      182948
      183007
      183032
      183039
      183039
      183074
      183119
      183180
      183279
      183301
      183398
      183486
      183497
      183521
      183556
      183654
      183655
      183661
      183661
      183663
      183676
      183725
      183756
      183837
      183931
      183955
      184016
      184041
      184070
      184122
      184141
      184170
      184233
      184323
      184377
      184410
      184436
      184489
      184549
      184575
      184667
      184757
      184841
      184928
      185010
      185083
      185110
      185203
      185271
      185363
      185410
      185489
      185582
      185657
      185684
      185722
      185756
      185833
      185914
      185918
      185972
      185974
      186010
      186046
      186048
      186073
      186137
      186224
      186244
      186271
      186314
      186394
      186480
      186504
      186528
      186605
      186631
      186679
      186709
      186798
      186878
      186947
      187024
      187070
      187072
      187169
      187248
      187273
      187291
      187361
      187449
      187546
      187616
      187702
      187711
      187778
      187877
      187887
      187916
      187944
      188028
      188099
      188157
      188253
      188295
      188318
      188324
      188406
      188474
      188500
      188527
      188592
      188625
      188640
      188697
      188772
      188843
      188850
      188858
      188867
      188867
      188878
      188885
      188943
      189001
      189004
      189016
      189040
      189054
      189062
      189071
      189143
      189188
      189197
      189284
      189328
      189337
      189421
      189427
      189489
      189575
      189664
      189666
      189682
      189765
      189856
      189882
      189909
      189949
      189969
      190042
      190050
      190134
      190195
      190205
      190265
      190355
      190373
      190470
      190483
      190484
      190501
      190552
      190553
      190650
      190748
      190834
      190895
      190936
      191003
      191086
      191096
      191151
      191206
      191270
      191276
      191302
      191332
      191372
      191443
      191484
      191554
      191612
      191672
      191763
      191860
      191874
      191960
      192009
      192069
      192162
      192246
      192282
      192295
      192298
      192392
      192392
      192459
      192470
      192537
      192571
      192653
      192751
      192825
      192847
      192869
      192869
      192957
      192992
      193021
      193069
      193135
      193218
      193269
      193299
      193384
      193463
      193464
      193499
      193559
      193589
      193686
      193699
      193704
      193733
      193772
      193820
      193888
      193924
      193971
      194042
      194066
      194158
      194170
      194190
      194234
      194261
      194317
      194399
      194473
      194480
      194481
      194547
      194638
      194670
      194762
      194802
      194868
      194917
      195015
      195107
      195123
      195198
      195204
      195262
      195332
      195335
      195392
      195488
      195576
      195587
      195633
      195656
      195671
      195690
      195721
      195743
      195791
      195830
      195908
      195910
      195966
      195997
      196062
      196145
      196187
      196269
      196355
      196369
      196454
      196540
      196587
      196612
      196686
      196735
      196757
      196834
      196840
      196895
      196960
      196996
      197079
      197122
      197180
      197216
      197289
      197302
      197312
      197399
      197493
      197538
      197588
      197656
      197679
      197686
      197702
      197744
      197806
      197814
      197891
      197941
      197973
      197982
      198021
      198026
      198100
      198132
      198138
      198177
      198239
      198288
      198295
      198335
      198424
      198442
      198522
      198568
      198605
      198688
      198743
      198842
      198931
      198934
      198997
      199072
      199167
      199200
      199272
      199322
      199355
      199427
      199482
      199519
      199519
      199615
      199619
      199627
      199632
      199705
      199726
      199790
      199809
      199817
      199869
      199915
      199940
      200005
      200058
      200095
      200177
      200261
      200314
      200330
      200384
      200439
      200442
      200482
      200571
      200596
      200655
      200731
      200817
      200833
      200902
      200980
      201070
      201109
      201121
      201176
      201232
      201271
      201303
      201323
      201325
      201343
      201399
      201422
      201469
      201508
      201569
      201601
      201660
      201723
      201767
      201767
      201822
      201850
      201862
      201917
      201999
      202038
      202090
      202126
      202165
      202188
      202244
      202310
      202331
      202387
      202447
      202494
      202503
      202546
      202617
      202702
      202730
      202778
      202806
      202858
      202882
      202944
      202956
      202971
      202994
      203092
      203128
      203173
      203182
      203220
      203257
      203283
      203377
      203445
      203516
      203528
      203602
      203695
      203739
      203806
      203842
      203850
      203924
      204009
      204014
      204049
      204071
      204126
      204188
      204232
      204317
      204352
      204409
      204494
      204550
      204553
      204643
      204731
      204736
      204783
      204881
      204978
      205038
      205125
      205171
      205203
      205242
      205250
      205254
      205258
      205346
      205394
      205421
      205519
      205547
      205628
      205641
      205713
      205728
      205765
      205789
      205822
      205834
      205893
      205928
      206006
      206021
      206086
      206094
      206191
      206277
      206290
      206379
      206448
      206451
      206498
      206593
      206614
      206691
      206745
      206750
      206777
      206800
      206839
      206931
      206982
      207054
      207092
      207149
      207196
      207263
      207361
      207366
      207432
      207498
      207505
      207573
      207574
      207657
      207659
      207696
      207756
      207761
      207771
      207832
      207853
      207927
      207933
      208022
      208044
      208125
      208204
      208277
      208356
      208391
      208479
      208559
      208611
      208615
      208707
      208731
      208819
      208861
      208941
      208960
      209023
      209024
      209092
      209093
      209174
      209202
      209270
      209353
      209375
      209469
      209526
      209533
      209589
      209597
      209663
      209728
      209755
      209805
      209843
      209935
      209937
      210035
      210040
      210121
      210215
      210225
      210285
      210290
      210341
      210366
      210441
      210526
      210536
      210552
      210560
      210621
      210633
      210704
      210732
      210814
      210829
      210919
      211017
      211051
      211094
      211153
      211235
      211294
      211314
      211321
      211387
      211426
      211502
      211539
      211615
      211702
      211703
      211722
      211741
      211803
      211836
      211913
      211964
      211968
      212003
      212073
      212133
      212193
      212254
      212302
      212383
      212461
      212553
      212580
      212667
      212727
      212749
      212772
      212804
      212828
      212900
      212979
      212996
      213083
      213173
      213223
      213243
      213293
      213379
      213448
      213510
      213602
      213687
      213772
      213835
      213864
      213950
      213982
      214033
      214122
      214139
      214217
      214250
      214255
      214343
      214343
      214382
      214397
      214465
      214515
      214584
      214668
      214751
      214788
      214793
      214872
      214945
      215037
      215083
      215170
      215190
      215216
      215238
      215313
      215328
      215375
      215406
      215444
      215509
      215523
      215531
      215585
      215652
      215725
      215754
      215787
      215870
      215895
      215918
      215985
      216064
      216087
      216112
      216197
      216211
      216268
      216325
      216333
      216391
      216449
      216518
      216583
      216607
      216645
      216708
      216774
      216816
      216873
      216927
      217002
      217043
      217078
      217167
      217185
      217189
      217256
      217285
      217379
      217408
      217462
      217533
      217543
      217581
      217629
      217660
      217717
      217804
      217872
      217969
      217992
      218069
      218139
      218181
      218248
      218272
      218354
      218368
      218432
      218516
      218516
      218594
      218618
      218659
      218724
      218795
      218868
      218871
      218968
      219050
      219144
      219208
      219218
      219229
      219297
      219344
      219391
      219473
      219523
      219538
      219597
      219668
      219744
      219813
      219836
      219867
      219922
      219971
      220068
      220126
      220131
      220181
      220226
      220322
      220362
      220448
      220492
      220517
      220600
      220645
      220684
      220744
      220792
      220793
      220832
      220899
      220951
      220962
      221010
      221033
      221034
      221127
      221167
      221264
      221296
      221357
      221379
      221397
      221464
      221522
      221587
      221635
      221635
      221715
      221790
      221829
      221873
      221886
      221974
      222054
      222094
      222178
      222250
      222293
      222369
      222453
      222551
      222613
      222630
      222670
      222677
      222753
      222824
      222884
      222968
      223013
      223025
      223030
      223083
      223171
      223268
      223326
      223354
      223396
      223414
      223429
      223509
      223585
      223593
      223631
      223701
      223758
      223773
      223844
      223853
      223909
      223984
      224018
      224086
      224098
      224195
      224202
      224244
      224255
      224317
      224354
      224395
      224440
      224466
      224473
      224509
      224557
      224561
      224618
      224704
      224704
      224761
      224789
      224887
      224967
      225044
      225104
      225117
      225181
      225241
      225297
      225327
      225396
      225452
      225517
      225523
      225523
      225550
      225557
      225647
      225662
      225721
      225784
      225872
      225889
      225977
      226061
      226153
      226211
      226244
      226303
      226354
      226419
      226476
      226565
      226618
      226710
      226761
      226804
      226809
      226884
      226955
      226985
      227074
      227091
      227115
      227210
      227249
      227276
      227370
      227394
      227411
      227466
      227549
      227589
      227637
      227702
      227730
      227742
      227835
      227871
      227913
      227999
      228074
      228151
      228242
      228284
      228369
      228456
      228549
      228550
      228588
      228657
      228707
      228707
      228713
      228803
      228808
      228876
      228968
      228975
      229039
      229083
      229150
      229246
      229301
      229396
      229426
      229503
      229550
      229629
      229712
      229810
      229889
      229978
      230076
      230120
      230163
      230163
      230217
      230308
      230315
      230339
      230366
      230434
      230511
      230566
      230607
      230624
      230705
      230730
      230755
      230850
      230882
      230934
      231014
      231090
      231141
      231181
      231252
      231337
      231339
      231380
      231424
      231521
      231538
      231568
      231632
      231723
      231724
      231757
      231763
      231772
      231800
      231811
      231860
      231885
      231981
      231988
      232003
      232067
      232077
      232164
      232180
      232257
      232349
      232433
      232476
      232543
      232606
      232695
      232763
      232829
      232833
      232879
      232933
      233027
      233060
      233086
      233098
      233187
      233245
      233249
      233292
      233341
      233427
      233478
      233510
      233552
      233594
      233622
      233700
      233792
      233815
      233867
      233953
      234043
      234058
      234137
      234212
      234248
      234313
      234330
      234365
      234419
      234472
      234519
      234558
      234622
      234664
      234729
      234794
      234817
      234868
      234919
      234946
      235026
      235063
      235093
      235142
      235207
      235300
      235306
      235352
      235385
      235448
      235545
      235628
      235686
      235751
      235834
      235877
      235934
      235988
      236008
      236035
      236128
      236205
      236226
      236297
      236376
      236386
      236401
      236480
      236569
      236581
      236649
      236748
      236806
      236887
      236984
      237043
      237074
      237113
      237126
      237206
      237291
      237302
      237384
      237474
      237553
      237625
      237675
      237762
      237849
      237852
      237934
      237992
      238039
      238045
      238138
      238212
      238250
      238305
      238341
      238411
      238444
      238480
      238499
      238553
      238580
      238647
      238673
      238740
      238797
      238864
      238912
      238939
      239018
      239078
      239086
      239166
      239206
      239239
      239260
      239297
      239392
      239408
      239484
      239533
      239552
      239555
      239566
      239610
      239636
      239665
      239674
      239753
      239834
      239921
      239982
      240034
      240097
      240141
      240195
      240251
      240279
      240338
      240425
      240493
      240588
      240669
      240727
      240754
      240793
      240819
      240875
      240958
      241038
      241117
      241163
      241194
      241257
      241259
      241280
      241360
      241378
      241378
      241476
      241564
      241581
      241673
      241682
      241740
      241835
      241836
      241903
      241982
      242055
      242104
      242170
      242252
      242254
      242282
      242313
      242367
      242455
      242455
      242532
      242593
      242684
      242719
      242723
      242756
      242809
      242813
      242862
      242949
      243042
      243072
      243126
      243210
      243240
      243294
      243303
      243334
      243391
      243465
      243485
      243513
      243573
      243573
      243593
      243648
      243696
      243754
      243767
      243777
      243852
      243920
      243951
      243955
      243968
      243976
      244013
      244086
      244143
      244159
      244159
      244248
      244309
      244342
      244389
      244435
      244442
      244465
      244546
      244575
      244639
      244671
      244719
      244726
      244783
      244818
      244889
      244945
      245035
      245052
      245101
      245115
      245122
      245161
      245245
      245304
      245397
      245493
      245498
      245516
      245559
      245628
      245707
      245759
      245801
      245814
      245854
      245871
      245937
      245980
      245991
      246034
      246079
      246136
      246143
      246212
      246249
      246287
      246334
      246430
      246510
      246538
      246598
      246611
      246644
      246739
      246748
      246798
      246804
      246809
      246904
      246906
      246988
      247062
      247119
      247201
      247230
      247271
      247305
      247391
      247446
      247462
      247547
      247638
      247650
      247709
      247739
      247753
      247766
      247786
      247828
      247851
      247946
      247966
      247987
      248085
      248165
      248245
      248292
      248381
      248390
      248398
      248404
      248406
      248473
      248506
      248525
      248621
      248670
      248718
      248759
      248827
      248832
      248844
      248856
      248902
      248912
      248956
      249031
      249035
      249041
      249078
      249081
      249123
      249130
      249228
      249231
      249268
      249340
      249415
      249498
      249597
      249646
      249722
      249755
      249828
      249833
      249880
      249897
      249944
      249974
      250054
      250124
      250218
      250234
      250291
      250299
      250386
      250485
      250491
      250499
      250549
      250573
      250589
      250593
      250644
      250717
      250795
      250798
      250865
      250906
      250907
      250984
      251066
      251103
      251114
      251206
      251247
      251306
      251380
      251382
      251444
      251506
