          26
          48
          65
         119
         182
         227
         283
         381
         444
         461
         494
         560
         658
         724
         728
         732
         795
         854
         937
        1014
        1069
        1113
        1158
        1173
        1232
        1272
        1347
        1373
        1388
        1441
        1476
        1508
        1596
        1639
        1703
        1724
        1752
        1783
        1864
        1947
        2007
        2083
        2144
        2209
        2265
        2270
        2292
        2358
        2440
        2508
        2519
        2557
        2610
        2627
        2658
        2757
        2793
        2811
        2827
        2864
        2926
        2949
        3039
        3068
        3072
        3133
        3169
        3206
        3215
        3288
        3315
        3396
        3444
        3493
        3531
        3628
        3667
        3739
        3778
        3855
        3901
        3997
        4000
        4071
        4107
        4108
        4112
        4138
        4201
        4266
        4284
        4361
        4414
        4458
        4548
        4581
        4676
        4721
        4774
        4866
        4960
        4990
        5073
        5088
        5172
        5200
        5245
        5286
        5357
        5415
        5504
        5517
        5531
        5629
        5629
        5676
        5706
        5748
        5758
        5840
        5909
        5955
        5965
        6007
        6081
        6144
        6161
        6214
        6279
        6361
        6415
        6437
        6457
        6536
        6564
        6633
        6655
        6738
        6837
        6862
        6939
        6987
        7025
        7117
        7177
        7213
        7283
        7375
        7450
        7492
        7558
        7630
        7724
        7757
        7801
        7886
        7924
        7989
        8013
        8049
        8086
        8136
        8221
        8222
        8226
        8281
        8311
        8388
        8412
        8460
        8509
        8570
        8641
        8668
        8762
        8809
        8812
        8866
        8900
        8940
        8991
        9064
        9125
        9218
        9255
        9278
        9292
        9357
        9417
        9457
        9489
        9567
        9649
        9659
        9745
        9839
        9929
        9933
       10030
       10120
       10196
       10202
       10282
       10330
       10380
       10408
       10424
       10514
       10583
       10651
       10693
       10761
       10780
       10810
       10868
       10945
       11017
       11058
       11106
       11116
       11170
       11258
       11272
       11281
       11305
       11327
       11348
       11435
       11478
       11556
       11606
       11667
       11731
       11817
       11817
       11837
       11922
       11975
       12044
       12066
       12110
       12184
       12220
       12264
       12330
       12379
       12477
       12490
       12583
       12668
       12710
       12755
       12827
       12859
       12886
       12949
       13025
       13124
       13195
       13275
       13338
       13412
       13463
       13488
       13488
       13587
       13641
       13692
       13781
       13864
       13928
       13963
       14000
       14056
       14080
       14085
       14145
       14160
       14253
       14271
       14284
       14334
       14363
       14447
       14481
       14530
       14574
       14640
       14727
       14797
       14813
       14886
       14919
       14983
       15011
       15084
       15117
       15188
       15243
       15335
       15377
       15379
       15469
       15542
       15590
       15621
       15675
       15679
       15746
       15766
       15770
       15823
       15826
       15887
       15962
       16039
       16099
       16143
       16203
       16210
       16296
       16327
       16418
       16465
       16523
       16571
       16593
       16665
       16683
       16734
       16775
       16849
       16875
       16877
       16897
       16929
       17004
       17020
       17107
       17185
       17233
       17261
       17312
       17372
       17388
       17452
       17471
       17525
       17614
       17675
       17721
       17814
       17871
       17941
       17942
       18028
       18106
       18190
       18281
       18365
       18464
       18484
       18552
       18649
       18704
       18771
       18791
       18831
       18903
       18921
       18986
       19008
       19066
       19105
       19158
       19166
       19261
       19299
       19310
       19365
       19401
       19443
       19478
       19548
       19581
       19616
       19696
       19754
       19770
       19809
       19880
       19964
       20001
       20012
       20032
       20050
       20130
       20145
       20242
       20314
       20370
       20468
       20474
       20537
       20548
       20556
       20604
       20672
       20688
       20731
       20796
       20830
       20923
       21009
       21080
       21132
       21152
       21251
       21286
       21382
       21461
       21491
       21517
       21544
       21627
       21692
       21693
       21773
       21870
       21883
       21980
       21999
       22037
       22071
       22133
       22223
       22301
       22352
       22390
       22401
       22485
       22580
       22643
       22682
       22746
       22766
       22801
       22840
       22843
       22902
       22937
       23005
       23038
       23127
       23157
       23203
       23288
       23378
       23435
       23469
       23553
       23632
       23705
       23804
       23807
       23869
       23946
       24000
       24032
       24043
       24092
       24101
       24102
       24156
       24188
       24223
       24269
       24285
       24352
       24401
       24409
       24437
       24499
       24514
       24594
       24598
       24636
       24698
       24706
       24759
       24855
       24890
       24907
       24982
       25052
       25127
       25183
       25243
       25315
       25374
       25376
       25400
       25456
       25513
       25556
       25558
       25598
       25653
       25663
       25663
       25710
       25724
       25746
       25836
       25842
       25905
       25950
       26013
       26016
       26066
       26165
       26224
       26236
       26324
       26393
       26484
       26497
       26524
       26551
       26649
       26693
       26711
       26746
       26837
       26908
       26937
       27015
       27037
       27071
       27141
       27215
       27216
       27299
       27300
       27353
       27427
       27494
       27575
       27612
       27685
       27726
       27800
       27824
       27868
       27940
       27951
       27996
       28027
       28116
       28206
       28269
       28316
       28349
       28353
       28413
       28508
       28529
       28563
       28612
       28614
       28662
       28733
       28742
       28800
       28824
       28917
       28962
       28993
       29026
       29118
       29216
       29308
       29344
       29371
       29374
       29428
       29471
       29483
       29483
       29508
       29553
       29628
       29682
       29733
       29739
       29755
       29810
       29833
       29886
       29983
       30050
       30129
       30171
       30264
       30343
       30358
       30404
       30479
       30480
       30566
       30621
       30667
       30724
       30767
       30826
       30891
       30969
       31050
       31058
       31062
       31074
       31089
       31135
       31146
       31189
       31212
       31253
       31329
       31399
       31399
       31465
       31564
       31596
       31600
       31636
       31675
       31717
       31813
       31853
       31904
       31984
       32060
       32141
       32141
       32203
       32208
       32219
       32228
       32320
       32327
       32415
       32465
       32515
       32599
       32643
       32691
       32733
       32825
       32918
       32941
       33000
       33004
       33019
       33067
       33101
       33196
       33256
       33275
       33323
       33332
       33387
       33452
       33490
       33556
       33610
       33613
       33657
       33711
       33743
       33777
       33817
       33833
       33858
       33943
       33993
       34039
       34057
       34136
       34163
       34210
       34250
       34316
       34343
       34425
       34486
       34554
       34594
       34667
       34674
       34697
       34793
       34848
       34917
       35016
       35112
       35188
       35222
       35255
       35325
       35413
       35497
       35543
       35597
       35645
       35737
       35764
       35821
       35839
       35927
       35971
       36056
       36070
       36078
       36113
       36176
       36216
       36284
       36304
       36387
       36455
       36554
       36628
       36698
       36770
       36807
       36849
       36929
       36959
       37019
       37096
       37143
       37158
       37221
       37315
       37363
       37456
       37519
       37559
       37575
       37658
       37730
       37741
       37767
       37862
       37899
       37908
       37918
       37987
       38081
       38105
       38197
       38290
       38353
       38448
       38492
       38554
       38614
       38646
       38648
       38662
       38713
       38808
       38872
       38950
       39014
       39106
       39161
       39211
       39289
       39314
       39347
       39369
       39427
       39466
       39471
       39531
       39606
       39682
       39777
       39814
       39825
       39916
       39929
       39935
       39999
       40059
       40111
       40192
       40199
       40293
       40371
       40441
       40457
       40527
       40568
       40606
       40620
       40699
       40705
       40757
       40851
       40916
       40933
       40996
       40999
       41009
       41010
       41044
       41055
       41123
       41175
       41178
       41258
       41354
       41395
       41444
       41467
       41482
       41502
       41510
       41579
       41628
       41655
       41657
       41753
       41813
       41848
       41855
       41919
       41979
       42044
       42067
       42112
       42144
       42225
       42236
       42299
       42375
       42472
       42566
       42604
       42625
       42709
       42802
       42818
       42857
       42888
       42922
       42925
       43004
       43096
       43168
       43172
       43238
       43239
       43264
       43279
       43317
       43396
       43467
       43546
       43631
       43686
       43782
       43805
       43817
       43822
       43873
       43911
       43951
       44004
       44073
       44162
       44219
       44316
       44333
       44417
       44464
       44499
       44515
       44541
       44628
       44628
       44668
       44695
       44747
       44774
       44815
       44897
       44936
       45017
       45048
       45138
       45197
       45275
       45365
       45388
       45468
       45565
       45576
       45667
       45686
       45777
       45786
       45836
       45932
       45936
       46014
       46076
       46106
       46110
       46199
       46224
       46272
       46344
       46399
       46409
       46461
       46467
       46521
       46594
       46610
       46615
       46628
       46715
       46806
       46878
       46891
       46899
       46925
       46960
       46985
       47072
       47077
       47082
       47141
       47220
       47276
       47309
       47339
       47385
       47424
       47500
       47558
       47636
       47656
       47714
       47743
       47803
       47887
       47954
       48047
       48135
       48206
       48259
       48291
       48350
       48441
       48511
       48520
       48589
       48605
       48694
       48746
       48779
       48788
       48814
       48831
       48882
       48938
       48971
       49045
       49132
       49186
       49246
       49257
       49348
       49414
       49483
       49573
       49590
       49620
       49711
       49774
       49805
       49848
       49913
       49977
       50014
       50031
       50032
       50074
       50086
       50089
       50142
       50166
       50200
       50284
       50330
       50417
       50448
       50530
       50584
       50676
       50730
       50746
       50785
       50797
       50805
       50829
       50882
       50907
       50987
       51001
       51044
       51083
       51103
       51191
       51239
       51281
       51309
       51390
       51422
       51463
       51552
       51640
       51683
       51732
       51783
       51846
       51938
       51979
       52012
       52012
       52085
       52172
       52200
       52220
       52279
       52372
       52373
       52415
       52415
       52438
       52513
       52578
       52674
       52704
       52705
       52733
       52765
       52797
       52822
       52830
       52862
       52895
       52967
       53025
       53088
       53136
       53145
       53182
       53261
       53266
       53356
       53413
       53453
       53495
       53529
       53603
       53658
       53727
       53794
       53887
       53905
       53971
       54043
       54094
       54163
       54187
       54243
       54306
       54392
       54464
       54558
       54559
       54583
       54584
       54609
       54687
       54782
       54877
       54934
       54983
       54985
       55066
       55071
       55113
       55188
       55269
       55350
       55401
       55491
       55545
       55638
       55638
       55736
       55770
       55825
       55896
       55931
       55948
       56013
       56043
       56044
       56054
       56098
       56197
       56198
       56296
       56341
       56430
       56438
       56464
       56548
       56638
       56727
       56728
       56818
       56891
       56923
       56978
       57051
       57060
       57065
       57096
       57151
       57226
       57290
       57356
       57385
       57447
       57472
       57497
       57561
       57568
       57656
       57676
       57724
       57733
       57812
       57871
       57908
       57908
       57947
       58037
       58089
       58175
       58227
       58272
       58352
       58366
       58463
       58518
       58611
       58695
       58764
       58777
       58842
       58892
       58990
       59002
       59014
       59036
       59069
       59157
       59188
       59286
       59290
       59306
       59345
       59384
       59453
       59551
       59599
       59672
       59708
       59794
       59824
       59857
       59881
       59926
       59945
       59973
       60059
       60104
       60161
       60184
       60275
       60364
       60445
       60534
       60558
       60651
       60663
       60742
       60791
       60807
       60811
       60905
       60997
       61034
       61100
       61188
       61279
       61319
       61357
       61438
       61438
       61463
       61519
       61559
       61637
       61673
       61725
       61790
       61862
       61943
       61998
       62071
       62156
       62191
       62220
       62239
       62270
       62320
       62400
       62487
       62551
       62606
       62703
       62712
       62803
       62823
       62869
       62953
       62960
       63057
       63080
       63088
       63110
       63150
       63236
       63293
       63333
       63390
       63449
       63486
       63580
       63627
       63697
       63796
       63838
       63908
       63976
       64023
       64033
       64116
       64188
       64252
       64344
       64421
       64436
       64460
       64481
       64551
       64625
       64685
       64761
       64854
       64904
       64951
       65009
       65021
       65092
       65115
       65126
       65222
       65256
       65298
       65363
       65422
       65437
       65502
       65522
       65593
       65684
       65686
       65759
       65773
       65779
       65819
       65849
       65942
       66031
       66124
       66151
       66207
       66217
       66306
       66370
       66399
       66443
       66508
       66552
       66649
       66734
       66798
       66861
       66920
       66995
       67039
       67068
       67082
       67170
       67206
       67263
       67328
       67360
       67424
       67441
       67493
       67520
       67597
       67625
       67707
       67788
       67809
       67867
       67940
       68027
       68036
       68040
       68095
       68149
       68198
       68203
       68301
       68397
       68433
       68532
       68606
       68612
       68702
       68744
       68816
       68893
       68960
       69025
       69063
       69115
       69155
       69250
       69258
       69271
       69277
       69283
       69326
       69382
       69421
       69483
       69525
       69544
       69615
       69674
       69758
       69800
       69832
       69884
       69902
       69967
       70062
       70145
       70201
       70284
       70373
       70378
       70460
       70500
       70501
       70578
       70665
       70669
       70735
       70789
       70844
       70873
       70952
       71004
       71056
       71091
       71118
       71179
       71257
       71300
       71326
       71361
       71389
       71399
       71497
       71567
       71663
       71713
       71802
       71840
       71880
       71881
       71908
       72004
       72075
       72117
       72164
       72251
       72276
       72284
       72344
       72442
       72468
       72476
       72521
       72619
       72651
       72729
       72827
       72828
       72925
       73017
       73034
       73129
       73140
       73198
       73293
       73309
       73346
       73354
       73437
       73485
       73537
       73540
       73572
       73651
       73671
       73709
       73798
       73823
       73838
       73937
       73968
       74023
       74122
       74173
       74203
       74214
       74287
       74325
       74344
       74352
       74360
       74406
       74503
       74540
       74617
       74686
       74704
       74775
       74848
       74901
       74986
       75002
       75075
       75122
       75161
       75247
       75278
       75327
       75347
       75429
       75482
       75490
       75492
       75552
       75636
       75690
       75767
       75822
       75826
       75866
       75914
       75951
       75985
       76065
       76160
       76229
       76242
       76261
       76358
       76414
       76487
       76541
       76554
       76577
       76611
       76655
       76657
       76676
       76682
       76776
       76858
       76891
       76965
       77012
       77047
       77134
       77185
       77200
       77229
       77292
       77386
       77403
       77433
       77442
       77523
       77595
       77693
       77730
       77821
       77851
       77866
       77912
       77919
       78015
       78091
       78136
       78191
       78274
       78294
       78344
       78354
       78413
       78474
       78514
       78578
       78667
       78765
       78769
       78842
       78899
       78914
       78969
       79008
       79040
       79079
       79095
       79146
       79166
       79256
       79277
       79357
       79392
       79397
       79486
       79582
       79653
       79743
       79774
       79839
       79854
       79860
       79909
       79979
       79997
       80047
       80088
       80122
       80132
       80159
       80201
       80282
       80335
       80359
       80454
       80529
       80594
       80643
       80690
       80715
       80719
       80778
       80855
       80910
       80984
       80985
       81078
       81123
       81218
       81238
       81315
       81343
       81368
       81454
       81506
       81552
       81561
       81656
       81741
       81780
       81851
       81931
       82024
       82105
       82174
       82225
       82297
       82321
       82402
       82428
       82475
       82507
       82574
       82627
       82665
       82725
       82771
       82782
       82829
       82881
       82951
       82995
       83091
       83136
       83207
       83224
       83253
       83345
       83368
       83464
       83470
       83524
       83567
       83655
       83673
       83764
       83855
       83953
       83969
       84018
       84026
       84043
       84142
       84177
       84269
       84290
       84307
       84307
       84386
       84478
       84511
       84588
       84679
       84690
       84691
       84790
       84798
       84858
       84944
       84990
       84998
       85040
       85086
       85115
       85156
       85182
       85232
       85252
       85336
       85422
       85428
       85441
       85445
       85505
       85604
       85625
       85723
       85743
       85800
       85820
       85909
       85976
       85977
       86019
       86076
       86126
       86128
       86161
       86197
       86234
       86314
       86357
       86369
       86454
       86518
       86611
       86679
       86698
       86700
       86737
       86780
       86804
       86892
       86963
       87002
       87072
       87154
       87251
       87295
       87370
       87399
       87480
       87499
       87537
       87577
       87635
       87664
       87716
       87762
       87801
       87837
       87929
       88015
       88091
       88170
       88234
       88311
       88369
       88396
       88409
       88479
       88492
       88572
       88575
       88589
       88678
       88718
       88758
       88856
       88933
       89025
       89087
       89137
       89150
       89181
       89186
       89272
       89337
       89340
       89348
       89426
       89464
       89531
       89618
       89628
       89694
       89778
       89797
       89855
       89877
       89965
       90063
       90087
       90087
       90101
       90170
       90245
       90253
       90301
       90356
       90369
       90394
       90486
       90535
       90609
       90642
       90665
       90682
       90699
       90743
       90821
       90892
       90895
       90989
       91054
       91121
       91163
       91185
       91263
       91270
       91303
       91362
       91454
       91532
       91574
       91665
       91710
       91727
       91820
       91884
       91922
       91938
       91987
       92004
       92079
       92123
       92209
       92282
       92285
       92320
       92397
       92490
       92535
       92611
       92689
       92695
       92731
       92827
       92919
       92940
       93021
       93100
       93189
       93270
       93325
       93419
       93429
       93487
       93568
       93586
       93600
       93618
       93715
       93794
       93858
       93944
       93963
       94004
       94064
       94153
       94185
       94216
       94246
       94315
       94354
       94425
       94490
       94521
       94522
       94572
       94647
       94705
       94775
       94837
       94885
       94943
       94978
       95055
       95134
       95145
       95207
       95220
       95236
       95258
       95339
       95365
       95416
       95459
       95531
       95535
       95571
       95575
       95636
       95714
       95745
       95830
       95836
       95902
       95915
       95935
       95992
       96046
       96103
       96143
       96171
       96248
       96276
       96369
       96378
       96428
       96438
       96507
       96532
       96631
       96647
       96698
       96751
       96785
       96834
       96889
       96900
       96983
       97015
       97073
       97145
       97239
       97262
       97271
       97330
       97409
       97488
       97496
       97516
       97529
       97614
       97661
       97724
       97726
       97771
       97780
       97860
       97888
       97968
       98026
       98034
       98065
       98117
       98132
       98167
       98174
       98260
       98348
       98436
       98497
       98513
       98597
       98678
       98763
       98810
       98860
       98893
       98963
       98988
       99074
       99146
       99166
       99184
       99231
       99330
       99403
       99427
       99490
       99557
       99611
       99684
       99730
       99730
       99824
       99830
       99896
       99945
      100001
      100046
      100073
      100086
      100148
      100178
      100239
      100249
      100265
      100283
      100341
      100366
      100405
      100498
      100574
      100591
      100594
      100625
      100650
      100696
      100748
      100763
      100860
      100876
      100910
      100947
      100992
      101040
      101053
      101083
      101119
      101179
      101185
      101282
      101332
      101387
      101474
      101544
      101574
      101647
      101647
      101743
      101832
      101852
      101860
      101914
      101939
      101974
      102059
      102117
      102209
      102216
      102281
      102296
      102307
      102402
      102432
      102437
      102459
      102480
      102574
      102575
      102588
      102638
      102659
      102752
      102829
      102843
      102917
      102980
      103030
      103124
      103158
      103202
      103253
      103293
      103349
      103418
      103426
      103485
      103526
      103564
      103628
      103693
      103757
      103827
      103888
      103930
      103986
      104035
      104061
      104066
      104088
      104186
      104209
      104212
      104273
      104274
      104357
      104357
      104412
      104481
      104504
      104521
      104534
      104631
      104631
      104699
      104704
      104789
      104845
      104846
      104940
      104980
      105006
      105100
      105172
      105222
      105273
      105315
      105337
      105393
      105443
      105517
      105578
      105601
      105609
      105667
      105716
      105723
      105812
      105890
      105913
      105955
      106011
      106108
      106164
      106229
      106273
      106345
      106383
      106388
      106484
      106569
      106637
      106696
      106710
      106770
      106857
      106944
      106972
      106995
      107056
      107107
      107184
      107221
      107254
      107258
      107349
      107363
      107389
      107431
      107517
      107546
      107633
      107638
      107721
      107732
      107795
      107851
      107921
      107954
      107995
      108092
      108182
      108274
      108288
      108312
      108338
      108408
      108412
      108443
      108533
      108535
      108541
      108640
      108696
      108728
      108752
      108849
      108935
      108935
      108999
      109054
      109076
      109106
      109140
      109227
      109266
      109350
      109412
      109429
      109465
      109539
      109544
      109590
      109670
      109724
      109789
      109802
      109823
      109863
      109875
      109962
      109981
      110050
      110111
      110171
      110264
      110287
      110348
      110404
      110482
      110572
      110610
      110681
      110748
      110749
      110803
      110899
      110921
      110921
      110960
      110970
      111064
      111075
      111087
      111099
      111143
      111151
      111247
      111301
      111327
      111332
      111400
      111463
      111497
      111538
      111620
      111628
      111643
      111721
      111790
      111866
      111893
      111977
      112015
      112050
      112145
      112241
      112315
      112345
      112359
      112454
      112474
      112558
      112637
      112646
      112700
      112792
      112859
      112903
      112958
      112977
      112992
      113000
      113024
      113063
      113128
      113207
      113292
      113370
      113387
      113423
      113498
      113534
      113582
      113629
      113716
      113727
      113801
      113827
      113918
      113973
      113975
      113992
      114007
      114039
      114134
      114193
      114290
      114318
      114319
      114354
      114391
      114466
      114469
      114497
      114516
      114604
      114683
      114737
      114780
      114862
      114895
      114942
      115023
      115052
      115062
      115153
      115238
      115336
      115381
      115457
      115490
      115503
      115508
      115572
      115639
      115694
      115711
      115768
      115848
      115868
      115879
      115893
      115941
      115986
      116074
      116078
      116135
      116143
      116149
      116196
      116284
      116300
      116340
      116412
      116438
      116462
      116532
      116546
      116639
      116682
      116780
      116817
      116886
      116963
      117062
      117144
      117164
      117186
      117273
      117368
      117421
      117455
      117510
      117571
      117643
      117690
      117759
      117827
      117862
      117950
      118027
      118104
      118159
      118244
      118281
      118301
      118389
      118420
      118491
      118561
      118597
      118660
      118676
      118676
      118735
      118748
      118773
      118807
      118843
      118927
      118929
      118958
      119046
      119110
      119187
      119265
      119302
      119348
      119428
      119481
      119566
      119578
      119590
      119613
      119667
      119753
      119757
      119808
      119848
      119902
      119927
      119943
      119996
      120078
      120125
      120161
      120249
      120291
      120308
      120406
      120465
      120478
      120529
      120628
      120682
      120722
      120723
      120796
      120846
      120884
      120908
      120921
      121019
      121067
      121143
      121195
      121253
      121292
      121355
      121438
      121480
      121573
      121651
      121723
      121736
      121777
      121801
      121862
      121896
      121923
      121984
      122033
      122097
      122185
      122280
      122343
      122353
      122420
      122446
      122484
      122557
      122592
      122658
      122730
      122735
      122771
      122828
      122892
      122974
      123034
      123082
      123136
      123219
      123243
      123305
      123320
      123342
      123362
      123390
      123475
      123531
      123572
      123639
      123711
      123767
      123789
      123792
      123828
      123855
      123864
      123954
      123994
      124080
      124169
      124174
      124238
      124327
      124352
      124380
      124464
      124469
      124548
      124605
      124690
      124789
      124805
      124833
      124853
      124941
      125031
      125053
      125102
      125173
      125202
      125269
      125351
      125400
      125425
      125432
      125471
      125554
      125615
      125635
      125677
      125763
      125842
      125878
      125888
      125905
      125965
      126037
      126042
      126080
      126153
      126160
      126243
      126296
      126311
      126394
      126442
      126531
      126538
      126548
      126593
      126641
      126670
      126737
      126801
      126817
      126879
      126900
      126960
      126974
      127070
      127085
      127140
      127193
      127229
      127277
      127316
      127396
      127415
      127475
      127554
      127616
      127626
      127655
      127690
      127776
      127779
      127826
      127835
      127916
      127938
      127950
      127983
      127991
      128051
      128094
      128192
      128289
      128379
      128424
      128514
      128521
      128553
      128558
      128574
      128581
      128658
      128738
      128777
      128823
      128831
      128895
      128991
      129030
      129087
      129144
      129144
      129157
      129190
      129273
      129333
      129412
      129507
      129523
      129618
      129678
      129758
      129845
      129852
      129951
      129956
      130028
      130089
      130111
      130139
      130225
      130264
      130279
      130325
      130353
      130419
      130435
      130438
      130476
      130491
      130528
      130591
      130595
      130669
      130740
      130769
      130840
      130909
      130999
      131095
      131131
      131191
      131203
      131242
      131318
      131340
      131435
      131442
      131457
      131491
      131522
      131552
      131613
      131624
      131657
      131659
      131673
      131766
      131847
      131927
      131972
      132042
      132044
      132082
      132154
      132244
      132275
      132281
      132361
      132404
      132490
      132500
      132598
      132635
      132711
      132759
      132819
      132889
      132953
      132969
      133040
      133076
      133123
      133152
      133219
      133245
      133305
      133368
      133425
      133475
      133542
      133624
      133669
      133730
      133780
      133834
      133836
      133923
      133992
      133994
      134010
      134046
      134048
      134119
      134120
      134147
      134184
      134197
      134216
      134307
      134396
      134452
      134515
      134602
      134684
      134771
      134773
      134818
      134888
      134938
      134985
      135079
      135153
      135220
      135251
      135263
      135315
      135401
      135486
      135535
      135617
      135705
      135778
      135803
      135877
      135961
      136048
      136127
      136137
      136137
      136200
      136200
      136293
      136325
      136334
      136370
      136392
      136443
      136471
      136481
      136489
      136492
      136582
      136611
      136624
      136641
      136669
      136688
      136714
      136762
      136792
      136834
      136914
      136924
      136951
      136965
      137015
      137052
      137086
      137154
      137193
      137206
      137280
      137299
      137335
      137431
      137527
      137590
      137678
      137768
      137844
      137911
      137963
      138014
      138037
      138074
      138156
      138211
      138304
      138376
      138462
      138466
      138565
      138604
      138626
      138631
      138636
      138710
      138777
      138852
      138940
      138961
      138983
      139072
      139158
      139170
      139224
      139226
      139308
      139370
      139425
      139441
      139496
      139526
      139599
      139601
      139623
      139665
      139752
      139761
      139769
      139796
      139834
      139931
      139968
      139992
      140077
      140112
      140146
      140199
      140221
      140288
      140309
      140325
      140372
      140459
      140557
      140592
      140655
      140676
      140728
      140802
      140873
      140959
      141013
      141023
      141037
      141062
      141138
      141156
      141157
      141208
      141261
      141314
      141327
      141350
      141419
      141478
      141517
      141602
      141621
      141694
      141787
      141805
      141814
      141860
      141946
      141996
      142094
      142171
      142242
      142286
      142385
      142478
      142478
      142567
      142644
      142677
      142768
      142849
      142900
      142987
      143056
      143120
      143132
      143208
      143274
      143371
      143440
      143522
      143566
      143627
      143695
      143771
      143799
      143807
      143901
      143990
      144058
      144125
      144139
      144236
      144237
      144285
      144360
      144375
      144427
      144456
      144506
      144514
      144524
      144604
      144673
      144685
      144777
      144824
      144860
      144904
      145000
      145010
      145060
      145095
      145174
      145268
      145291
      145362
      145416
      145456
      145523
      145524
      145611
      145671
      145742
      145826
      145883
      145903
      145951
      146035
      146089
      146147
      146184
      146245
      146283
      146304
      146307
      146352
      146372
      146414
      146468
      146490
      146524
      146569
      146582
      146658
      146681
      146736
      146764
      146764
      146816
      146847
      146895
      146954
      147034
      147102
      147164
      147249
      147315
      147350
      147430
      147470
      147487
      147586
      147597
      147606
      147668
      147691
      147745
      147828
      147899
      147954
      147966
      147990
      148005
      148080
      148156
      148218
      148240
      148243
      148289
      148337
      148429
      148507
      148559
      148605
      148654
      148753
      148766
      148817
      148877
      148884
      148937
      149027
      149078
      149127
      149177
      149179
      149189
      149213
      149282
      149326
      149387
      149440
      149536
      149585
      149684
      149720
      149763
      149837
      149879
      149943
      149984
      150050
      150147
      150192
      150244
      150291
      150381
      150464
      150563
      150658
      150738
      150753
      150776
      150851
      150949
      150961
      151014
      151095
      151127
      151138
      151203
      151286
      151297
      151318
      151369
      151377
      151428
      151462
      151472
      151538
      151595
      151612
      151679
      151727
      151733
      151769
      151810
      151824
      151890
      151908
      151921
      151931
      151939
      151964
      151989
      152059
      152137
      152221
      152277
      152346
      152354
      152449
      152458
      152463
      152525
      152618
      152691
      152759
      152812
      152907
      152953
      152980
      153031
      153063
      153082
      153101
      153148
      153192
      153245
      153306
      153307
      153373
      153469
      153558
      153588
      153672
      153769
      153851
      153906
      153974
      153990
      154027
      154108
      154114
      154118
      154147
      154202
      154229
      154278
      154343
      154425
      154509
      154588
      154672
      154709
      154787
      154843
      154902
      154904
      154916
      155008
      155048
      155061
      155089
      155128
      155196
      155222
      155308
      155374
      155439
      155444
      155514
      155521
      155582
      155655
      155752
      155826
      155921
      155937
      155994
      156079
      156147
      156148
      156187
      156204
      156218
      156226
      156256
      156279
      156339
      156389
      156390
      156401
      156472
      156493
      156530
      156573
      156664
      156743
      156784
      156798
      156831
      156872
      156934
      156996
      157008
      157094
      157149
      157233
      157328
      157412
      157414
      157472
      157568
      157581
      157669
      157690
      157710
      157809
      157817
      157864
      157873
      157953
      158043
      158131
      158169
      158190
      158249
      158272
      158342
      158437
      158454
      158526
      158555
      158652
      158703
      158732
      158825
      158873
      158895
      158965
      159059
      159144
      159184
      159194
      159214
      159283
      159353
      159385
      159438
      159448
      159454
      159515
      159590
      159652
      159691
      159719
      159789
      159844
      159936
      159950
      160008
      160013
      160087
      160174
      160186
      160261
      160317
      160331
      160349
      160411
      160503
      160540
      160583
      160660
      160669
      160718
      160738
      160742
      160799
      160817
      160854
      160887
      160967
      161046
      161130
      161166
      161168
      161234
      161261
      161350
      161408
      161459
      161508
      161544
      161581
      161603
      161660
      161666
      161668
      161697
      161739
      161765
      161831
      161904
      161961
      162021
      162025
      162066
      162098
      162177
      162261
      162289
      162325
      162410
      162422
      162494
      162541
      162594
      162653
      162691
      162777
      162826
      162896
      162974
      163034
      163101
      163192
      163228
      163244
      163339
      163346
      163362
      163446
      163543
      163637
      163711
      163723
      163806
      163813
      163895
      163924
      163935
      163987
      164008
      164075
      164140
      164160
      164258
      164269
      164286
      164317
      164409
      164474
      164513
      164612
      164691
      164768
      164786
      164843
      164868
      164937
      165033
      165065
      165082
      165088
      165153
      165242
      165307
      165310
      165341
      165410
      165489
      165544
      165564
      165615
      165673
      165674
      165772
      165796
      165815
      165909
      165985
      166015
      166084
      166127
      166164
      166255
      166315
      166316
      166361
      166408
      166485
      166493
      166540
      166603
      166626
      166670
      166677
      166759
      166799
      166837
      166858
      166887
      166951
      167027
      167104
      167197
      167242
      167304
      167341
      167425
      167505
      167523
      167622
      167691
      167757
      167799
      167881
      167916
      167960
      168040
      168138
      168151
      168246
      168338
      168420
      168514
      168556
      168616
      168654
      168705
      168786
      168829
      168852
      168925
      168949
      168979
      169078
      169092
      169156
      169235
      169310
      169357
      169437
      169445
      169519
      169562
      169651
      169704
      169775
      169831
      169846
      169938
      169958
      170040
      170104
      170140
      170179
      170261
      170338
      170350
      170363
      170447
      170544
      170602
      170665
      170742
      170841
      170918
      170985
      171054
      171095
      171137
      171186
      171232
      171236
      171278
      171279
      171332
      171390
      171441
      171467
      171495
      171581
      171654
      171694
      171710
      171805
      171900
      171916
      171984
      172060
      172092
      172115
      172156
      172242
      172309
      172343
      172410
      172507
      172573
      172629
      172650
      172673
      172686
      172749
      172752
      172845
      172909
      172923
      172929
      173011
      173098
      173119
      173200
      173221
      173261
      173357
      173365
      173464
      173517
      173554
      173600
      173670
      173741
      173800
      173800
      173890
      173971
      173986
      173986
      174080
      174178
      174192
      174235
      174325
      174396
      174429
      174475
      174519
      174551
      174579
      174603
      174693
      174790
      174834
      174879
      174922
      174976
      175022
      175086
      175162
      175216
      175221
      175236
      175286
      175373
      175466
      175508
      175606
      175635
      175726
      175736
      175792
      175818
      175892
      175908
      175910
      175942
      176024
      176067
      176109
      176160
      176237
      176271
      176366
      176417
      176428
      176457
      176506
      176603
      176629
      176672
      176713
      176788
      176819
      176855
      176861
      176900
      176965
      176997
      177082
      177093
      177156
      177212
      177250
      177296
      177364
      177379
      177418
      177491
      177532
      177543
      177585
      177618
      177649
      177710
      177772
      177838
      177897
      177923
      177963
      177994
      178059
      178083
      178106
      178116
      178145
      178169
      178175
      178242
      178304
      178397
      178430
      178529
      178618
      178623
      178669
      178673
      178756
      178814
      178868
      178936
      179008
      179056
      179134
      179190
      179261
      179329
      179392
      179460
      179482
      179491
      179534
      179591
      179666
      179733
      179801
      179867
      179875
      179966
      180018
      180073
      180110
      180157
      180249
      180278
      180337
      180340
      180424
      180496
      180530
      180592
      180616
      180703
      180781
      180854
      180949
      180967
      180976
      181062
      181104
      181157
      181161
      181214
      181263
      181350
      181410
      181456
      181484
      181536
      181630
      181654
      181721
      181747
      181777
      181851
      181904
      181918
      181940
      182017
      182019
      182066
      182132
      182217
      182309
      182310
      182399
      182471
      182561
      182574
      182618
      182650
      182716
      182783
      182837
      182893
      182948
      182986
      182988
      183029
      183031
      183033
      183081
      183131
      183220
      183221
      183229
      183262
      183272
      183351
      183434
      183526
      183610
      183639
      183711
      183782
      183846
      183874
      183969
      184061
      184099
      184159
      184207
      184253
      184316
      184351
      184376
      184398
      184441
      184446
      184453
      184465
      184485
      184574
      184595
      184598
      184649
      184678
      184699
      184765
      184783
      184866
      184903
      184935
      185021
      185086
      185172
      185190
      185227
      185281
      185308
      185383
      185481
      185574
      185600
      185630
      185639
      185663
      185748
      185775
      185779
      185865
      185956
      186047
      186110
      186147
      186210
      186254
      186273
      186301
      186345
      186354
      186419
      186465
      186526
      186537
      186621
      186621
      186657
      186720
      186775
      186827
      186857
      186922
      186993
      187060
      187075
      187106
      187198
      187277
      187344
      187414
      187461
      187524
      187584
      187598
      187623
      187648
      187728
      187773
      187816
      187911
      187965
      187989
      188080
      188105
      188189
      188225
      188262
      188268
      188279
      188354
      188401
      188481
      188543
      188548
      188621
      188632
      188717
      188738
      188765
      188771
      188801
      188863
      188910
      188975
      189042
      189087
      189140
      189212
      189219
      189242
      189253
      189342
      189404
      189436
      189510
      189598
      189672
      189677
      189759
      189787
      189863
      189868
      189911
      189923
      189949
      189970
      190011
      190098
      190138
      190191
      190246
      190305
      190389
      190465
      190561
      190591
      190596
      190629
      190707
      190804
      190854
      190947
      191017
      191025
      191089
      191182
      191212
      191237
      191262
      191291
      191307
      191346
      191398
      191425
      191475
      191476
      191494
      191587
      191672
      191678
      191738
      191774
      191782
      191844
      191901
      191924
      191930
      191993
      192031
      192064
      192119
      192180
      192269
      192351
      192387
      192439
      192446
      192542
      192578
      192609
      192613
      192673
      192733
      192777
      192815
      192886
      192945
      192997
      193059
      193081
      193086
      193135
      193213
      193263
      193321
      193366
      193398
      193428
      193442
      193473
      193542
      193605
      193703
      193765
      193780
      193786
      193884
      193919
      193988
      194012
      194054
      194093
      194163
      194212
      194304
      194377
      194408
      194485
      194515
      194612
      194651
      194745
      194844
      194879
      194976
      195012
      195082
      195162
      195224
      195235
      195263
      195306
      195358
      195365
      195455
      195513
      195552
      195572
      195593
      195637
      195674
      195711
      195753
      195826
      195870
      195929
      195968
      196065
      196163
      196262
      196335
      196375
      196402
      196412
      196474
      196570
      196631
      196704
      196799
      196849
      196873
      196887
      196919
      196957
      196995
      197053
      197069
      197112
      197146
      197165
      197172
      197209
      197240
      197323
      197323
      197411
      197475
      197498
      197518
      197615
      197682
      197703
      197791
      197867
      197960
      198053
      198115
      198128
      198137
      198221
      198252
      198296
      198325
      198334
      198381
      198417
      198460
      198517
      198581
      198626
      198664
      198757
      198811
      198865
      198927
      199001
      199073
      199082
      199140
      199200
      199265
      199340
      199434
      199439
      199508
      199508
      199556
      199586
      199683
      199723
      199806
      199900
      199994
      200038
      200046
      200100
      200186
      200254
      200262
      200268
      200297
      200328
      200419
      200445
      200544
      200545
      200587
      200608
      200637
      200729
      200733
      200760
      200786
      200869
      200929
      201007
      201023
      201066
      201087
      201147
      201153
      201204
      201208
      201294
      201389
      201465
      201557
      201600
      201615
      201659
      201752
      201758
      201789
      201815
      201872
      201963
      201963
      202007
      202051
      202122
      202124
      202171
      202222
      202250
      202302
      202378
      202422
      202516
      202517
      202558
      202605
      202690
      202738
      202810
      202823
      202909
      202924
      202927
      202998
      203025
      203028
      203087
      203134
      203212
      203272
      203323
      203400
      203408
      203426
      203469
      203474
      203478
      203522
      203617
      203676
      203686
      203744
      203830
      203896
      203986
      204053
      204072
      204145
      204156
      204176
      204245
      204273
      204280
      204327
      204343
      204422
      204438
      204485
      204496
      204592
      204646
      204720
      204817
      204867
      204945
      205014
      205026
      205039
      205125
      205155
      205222
      205272
      205307
      205333
      205390
      205411
      205495
      205512
      205608
      205626
      205695
      205768
      205860
      205938
      205956
      206046
      206046
      206081
      206166
      206248
      206259
      206278
      206302
      206375
      206396
      206487
      206531
      206619
      206689
      206720
      206776
      206834
      206865
      206885
      206979
      207044
      207111
      207147
      207167
      207233
      207309
      207390
      207474
      207571
      207596
      207670
      207748
      207806
      207889
      207892
      207923
      208013
      208082
      208171
      208196
      208212
      208300
      208373
      208470
      208518
      208536
      208597
      208685
      208756
      208824
      208835
      208881
      208945
      208976
      209071
      209101
      209153
      209184
      209205
      209261
      209308
      209397
      209496
      209543
      209642
      209694
      209725
      209813
      209830
      209879
      209971
      209989
      210050
      210060
      210116
      210183
      210187
      210247
      210249
      210284
      210375
      210424
      210467
      210545
      210611
      210642
      210713
      210779
      210832
      210884
      210924
      210959
      211058
      211100
      211187
      211249
      211298
      211368
      211422
      211422
      211477
      211499
      211537
      211618
      211688
      211774
      211824
      211893
      211945
      211996
      212079
      212147
      212184
      212199
      212278
      212301
      212384
      212431
      212469
      212485
      212514
      212565
      212657
      212693
      212730
      212775
      212832
      212916
      212991
      213041
      213140
      213223
      213255
      213333
      213386
      213454
      213533
      213535
      213586
      213645
      213718
      213728
      213734
      213826
      213874
      213971
      214027
      214100
      214199
      214236
      214298
      214379
      214390
      214399
      214413
      214419
      214439
      214454
      214506
      214553
      214588
      214628
      214635
      214704
      214745
      214745
      214796
      214879
      214965
      215037
      215064
      215074
      215139
      215167
      215233
      215330
      215420
      215446
      215540
      215567
      215621
      215711
      215736
      215781
      215840
      215846
      215882
      215942
      215983
      215999
      216007
      216082
      216121
      216171
      216229
      216270
      216346
      216360
      216369
      216447
      216453
      216475
      216564
      216639
      216727
      216812
      216867
      216949
      217015
      217031
      217055
      217073
      217075
      217093
      217152
      217159
      217193
      217252
      217332
      217361
      217377
      217396
      217445
      217467
      217482
      217488
      217509
      217512
      217591
      217605
      217645
      217668
      217708
      217754
      217763
      217831
      217868
      217917
      217944
      217973
      218029
      218117
      218125
      218179
      218215
      218252
      218350
      218353
      218381
      218394
      218425
      218438
      218459
      218553
      218634
      218678
      218717
      218766
      218806
      218862
      218921
      218949
      218967
      219025
      219026
      219088
      219143
      219143
      219176
      219258
      219308
      219406
      219479
      219483
      219500
      219557
      219561
      219612
      219696
      219789
      219857
      219871
      219900
      219944
      220013
      220014
      220075
      220119
      220184
      220212
      220287
      220292
      220320
      220411
      220453
      220543
      220597
      220668
      220685
      220776
      220835
      220885
      220914
      220914
      220962
      221027
      221125
      221192
      221282
      221338
      221360
      221380
      221400
      221473
      221538
      221606
      221609
      221632
      221645
      221658
      221724
      221783
      221853
      221896
      221910
      221922
      221969
      222004
      222042
      222058
      222118
      222142
      222180
      222255
      222338
      222358
      222454
      222491
      222572
      222608
      222707
      222715
      222813
      222881
      222933
      223004
      223067
      223116
      223207
      223267
      223277
      223323
      223418
      223455
      223512
      223567
      223629
      223650
      223735
      223762
      223782
      223797
      223887
      223888
      223902
      223947
      224019
      224057
      224083
      224118
      224158
      224240
      224329
      224335
      224426
      224492
      224503
      224517
      224586
      224681
      224684
      224742
      224797
      224864
      224911
      224935
      224992
      225013
      225088
      225173
      225173
      225174
      225256
      225301
      225326
      225343
      225377
      225475
      225574
      225591
      225651
      225695
      225735
      225811
      225846
      225873
      225904
      225930
      225951
      225991
      226076
      226113
      226189
      226202
      226222
      226234
      226287
      226340
      226403
      226417
      226512
      226581
      226634
      226651
      226746
      226793
      226847
      226854
      226911
      226973
      226998
      227065
      227115
      227154
      227207
      227248
      227263
      227316
      227413
      227459
      227535
      227559
      227651
      227721
      227771
      227843
      227857
      227860
      227917
      227951
      228020
      228033
      228097
      228147
      228217
      228281
      228300
      228359
      228407
      228469
      228539
      228555
      228643
      228729
      228731
      228827
      228873
      228898
      228937
      228976
      228997
      229091
      229159
      229176
      229223
      229271
      229348
      229362
      229412
      229494
      229575
      229590
      229591
      229649
      229654
      229699
      229701
      229770
      229850
      229871
      229964
      230030
      230124
      230187
      230201
      230299
      230398
      230458
      230498
      230512
      230530
      230539
      230592
      230670
      230694
      230714
      230802
      230857
      230887
      230962
      230990
      231076
      231078
      231140
      231169
      231242
      231323
      231422
      231486
      231498
      231565
      231640
      231732
      231821
      231847
      231933
      231991
      231995
      232013
      232094
      232175
      232209
      232296
      232345
      232390
      232440
      232460
      232544
      232563
      232629
      232640
      232736
      232792
      232807
      232858
      232889
      232921
      232972
      233069
      233108
      233163
      233165
      233228
      233278
      233357
      233418
      233472
      233488
      233587
      233599
      233603
      233649
      233708
      233737
      233744
      233766
      233855
      233856
      233937
      233957
      233995
      234087
      234112
      234158
      234161
      234183
      234234
      234315
      234398
      234494
      234502
      234573
      234669
      234710
      234766
      234844
      234890
      234905
      234949
      235031
      235106
      235157
      235197
      235296
      235376
      235457
      235546
      235634
      235690
      235769
      235792
      235835
      235883
      235942
      235996
      236052
      236058
      236098
      236186
      236223
      236238
      236281
      236335
      236432
      236446
      236468
      236561
      236579
      236586
      236652
      236708
      236792
      236883
      236917
      236999
      237083
      237167
      237179
      237220
      237277
      237372
      237453
      237463
      237543
      237614
      237666
      237731
      237732
      237743
      237769
      237846
      237942
      237945
      238026
      238107
      238145
      238229
      238254
      238286
      238355
      238409
      238482
      238515
      238584
      238675
      238692
      238708
      238789
      238851
      238864
      238903
      238998
      239053
      239148
      239207
      239297
      239317
      239336
      239379
      239399
      239490
      239493
      239497
      239497
      239508
      239561
      239610
      239639
      239681
      239741
      239838
      239885
      239886
      239971
      239991
      240001
      240074
      240129
      240153
      240191
      240230
      240323
      240394
      240468
      240549
      240571
      240616
      240671
      240734
      240824
      240887
      240982
      241029
      241127
      241135
      241231
      241239
      241248
      241320
      241396
      241477
      241570
      241632
      241669
      241766
      241843
      241859
      241942
      241959
      241990
      242079
      242157
      242200
      242241
      242286
      242373
      242381
      242410
      242448
      242489
      242489
      242537
      242626
      242643
      242704
      242730
      242823
      242896
      242960
      243031
      243041
      243113
      243175
      243258
      243259
      243355
      243363
      243428
      243441
      243500
      243572
      243598
      243661
      243749
      243841
      243870
      243937
      243994
      244088
      244174
      244211
      244242
      244309
      244404
      244487
      244548
      244597
      244622
      244708
      244724
      244727
      244762
      244803
      244837
      244884
      244943
      245009
      245058
      245119
      245133
      245222
      245262
      245264
      245270
      245304
      245364
      245432
      245494
      245503
      245576
      245611
      245703
      245743
      245748
      245820
      245849
      245849
      245937
      246022
      246030
      246088
      246126
      246129
      246135
      246137
      246189
      246246
      246317
      246367
      246439
      246515
      246600
      246609
      246614
      246691
      246738
      246744
      246767
      246773
      246870
      246936
      247023
      247025
      247026
      247056
      247066
      247069
      247165
      247200
      247292
      247316
      247321
      247354
      247417
      247457
      247460
      247477
      247492
      247545
      247594
      247675
      247694
      247723
      247805
      247822
      247848
      247947
      247965
      248064
      248157
      248233
      248247
      248290
      248300
      248308
      248369
      248389
      248419
      248508
      248598
      248628
      248634
      248716
      248792
      248820
      248919
      249006
      249037
      249080
      249156
      249157
      249215
      249217
      249217
      249271
      249354
      249406
      249504
      249558
      249655
      249735
      249829
      249887
      249901
      249935
      250027
      250030
      250075
      250145
      250157
      250191
      250279
      250319
      250344
      250351
      250429
      250433
      250508
      250515
      250592
      250660
      250689
      250775
      250823
      250867
      250873
      250949
      251000
      251074
      251086
      251088
      251140
      251212
      251268
      251285
      251333
      251414
      251468
      251490
      251520
      251521
      251592
      251630
      251632
      251633
      251689
      251693
      251738
      251771
      251812
      251906
      251959
      252035
      252070
      252077
      252132
      252133
      252167
      252202
      252230
      252286
      252331
      252368
      252467
      252550
      252641
      252731
      252757
      252848
      252865
      252952
      253050
      253060
      253117
      253170
      253203
      253259
      253302
      253306
      253317
      253349
      253365
      253409
      253418
      253431
      253525
      253576
      253583
      253665
      253718
      253799
      253885
      253891
      253903
      253921
      253944
      254017
      254047
      254112
      254187
      254188
      254270
      254275
      254294
      254369
      254463
      254559
      254609
      254629
      254695
      254727
      254739
      254775
      254840
      254863
      254914
      254933
      255007
      255051
      255145
      255187
      255279
      255299
      255320
      255329
      255362
      255382
      255452
      255551
      255629
      255656
      255750
      255813
      255908
      255926
      256011
      256070
      256102
      256140
      256178
      256217
      256296
      256374
      256401
      256474
      256477
      256575
      256591
      256622
      256662
      256665
      256701
      256784
      256882
      256948
      256957
      257004
      257076
      257157
      257203
      257268
      257317
      257383
      257436
      257453
      257523
      257532
      257588
      257642
      257709
      257757
      257787
      257852
      257926
      258016
      258094
      258126
      258218
      258294
      258320
      258412
      258497
      258497
      258530
      258540
      258592
      258672
      258686
      258716
      258794
      258815
      258904
      258921
      259018
      259042
      259114
      259178
      259268
      259352
      259421
      259470
      259526
      259543
      259640
      259737
      259744
      259781
      259815
      259859
      259865
      259949
      259976
      260005
      260103
      260115
      260145
      260178
      260252
      260266
      260309
      260405
      260406
      260472
      260488
      260527
      260618
      260671
      260701
      260787
      260866
      260952
      260991
      261040
      261059
      261077
      261164
      261238
      261324
      261395
      261452
      261527
      261579
      261649
      261706
      261784
      261811
      261898
      261963
      261976
      261989
      262011
      262101
      262179
      262252
      262254
      262262
      262297
      262349
      262429
      262459
      262534
      262553
      262602
      262638
      262671
      262754
      262790
      262792
      262815
      262823
      262896
      262899
      262982
      263026
      263042
      263076
      263159
      263193
      263258
      263259
      263345
      263421
      263432
      263491
      263499
      263562
      263653
      263706
      263793
      263834
      263907
      263936
      263990
      264021
      264116
      264190
      264239
      264316
      264325
      264421
      264424
      264501
      264507
      264597
      264685
      264696
      264746
      264757
      264833
      264932
      264978
      265048
      265052
      265125
      265222
      265287
      265302
      265374
      265438
      265500
      265534
      265620
      265697
      265746
      265777
      265834
      265839
      265872
      265951
      265996
      266020
      266057
      266111
      266147
      266232
      266308
      266406
      266433
      266478
      266529
      266557
      266597
      266671
      266769
      266803
      266876
      266901
      266958
      266965
      267026
      267056
      267087
      267135
      267208
      267215
      267305
      267368
      267406
      267496
      267509
      267555
      267640
      267648
      267682
      267714
      267811
      267869
      267960
      268037
      268088
      268142
      268234
      268294
      268371
      268388
      268441
      268530
      268602
      268692
      268693
      268706
      268745
      268769
      268820
      268887
      268962
      269055
      269137
      269220
      269264
      269306
      269393
      269397
      269485
      269527
      269586
      269637
      269720
      269804
      269834
      269860
      269873
      269897
      269909
      269938
      269992
      270039
      270115
      270164
      270188
      270237
      270320
      270397
      270484
      270512
      270525
      270607
      270669
      270722
      270740
      270742
      270831
      270833
      270852
      270870
      270879
      270934
      271028
      271084
      271162
      271220
      271278
      271366
      271429
      271509
      271526
      271594
      271611
      271621
      271627
      271636
      271720
      271721
      271772
      271799
      271808
      271850
      271930
      272023
      272063
      272104
      272118
      272138
      272169
      272190
      272249
      272329
      272423
      272517
      272591
      272627
      272707
      272712
      272787
      272833
      272922
      272947
      272976
      273003
      273055
      273115
      273156
      273230
      273272
      273322
      273411
      273424
      273508
      273557
      273562
      273589
      273590
      273656
      273697
      273701
      273735
      273741
      273767
      273802
      273833
      273892
      273948
      274047
      274074
      274128
      274173
      274233
      274272
      274313
      274314
      274338
      274370
      274390
      274487
      274547
      274562
      274612
      274618
      274701
      274764
      274799
      274880
      274949
      275024
      275100
      275197
      275238
      275332
      275356
      275423
      275436
      275531
      275581
      275642
      275710
      275750
      275786
      275840
      275872
      275945
      276010
      276031
      276102
      276140
      276214
      276312
      276338
      276362
      276377
      276465
      276490
      276586
      276663
      276736
      276833
      276899
      276956
      277046
      277074
      277114
      277149
      277209
      277264
      277275
      277290
      277364
      277374
      277378
      277431
      277478
      277483
      277510
      277545
      277613
      277667
      277698
      277723
      277803
      277867
      277889
      277909
      277985
      277990
      278079
      278132
      278219
      278303
      278383
      278470
      278529
      278558
      278602
      278693
      278767
      278804
      278839
      278861
      278926
      279004
      279022
      279109
      279122
      279167
      279200
      279210
      279247
      279254
      279332
      279419
      279489
      279521
      279617
      279672
      279729
      279747
      279841
      279905
      279962
      280061
      280068
      280138
      280172
      280213
      280303
      280385
      280405
      280502
      280576
      280585
      280650
      280724
      280801
      280863
      280942
      281037
      281078
      281142
      281212
      281253
      281302
      281304
      281369
      281439
      281521
      281522
      281608
      281659
      281733
      281832
      281880
      281908
      281939
      281951
      282014
      282036
      282094
      282143
      282205
      282288
      282293
      282344
      282433
      282461
      282526
      282526
      282536
      282635
      282694
      282727
      282813
      282884
      282946
      282976
      283004
      283009
      283082
      283087
      283103
      283176
      283271
      283339
      283376
      283399
      283424
      283482
      283514
      283567
      283615
      283654
      283719
      283741
      283821
      283860
      283954
      283998
      284090
      284151
      284186
      284187
      284275
      284318
      284343
      284407
      284451
      284532
      284557
      284602
      284652
      284684
      284733
      284762
      284762
      284796
      284886
      284906
      284966
      285065
      285117
      285187
      285204
      285271
      285283
      285358
      285367
      285405
      285456
      285475
      285521
      285587
      285611
      285669
      285685
      285703
      285762
      285801
      285830
      285851
      285865
      285939
      285992
      286044
      286130
      286220
      286256
      286285
      286314
      286369
      286418
      286457
      286541
      286618
      286658
      286745
      286764
      286782
      286877
      286894
      286930
      286967
      287005
      287060
      287110
      287205
      287282
      287303
      287374
      287445
      287488
      287544
      287624
      287705
      287792
      287850
      287887
      287905
      287906
      287920
      287933
      287999
      288098
      288129
      288185
      288253
      288326
      288422
      288466
      288555
      288644
      288735
      288778
      288872
      288952
      288968
      288994
      289046
      289073
      289083
      289181
      289226
      289240
      289286
      289313
      289368
      289457
      289461
      289479
      289521
      289535
      289536
      289551
      289552
      289600
      289635
      289722
      289791
      289817
      289846
      289880
      289936
      289973
      290013
      290067
      290098
      290147
      290184
      290249
      290262
      290294
      290357
      290448
      290507
      290540
      290632
      290728
      290757
      290770
      290832
      290899
      290988
      291009
      291035
      291119
      291127
      291190
      291277
      291319
      291381
      291437
      291531
      291540
      291580
      291667
      291682
      291768
      291787
      291849
      291879
      291895
      291950
      291973
      291992
      292066
      292155
      292183
      292278
      292285
      292370
      292458
      292556
      292642
      292735
      292778
      292827
      292828
      292884
      292909
      292984
      293057
      293081
      293083
      293089
      293130
      293178
      293238
      293244
      293273
      293310
      293386
      293458
      293471
      293560
      293577
      293600
      293655
      293678
      293705
      293801
      293811
      293820
      293826
      293844
      293847
      293926
      293958
      293979
      293987
      294084
      294103
      294165
      294236
      294311
      294317
      294327
      294329
      294413
      294464
      294561
      294588
      294675
      294746
      294746
      294749
      294799
      294859
      294930
      294954
      295027
      295036
      295068
      295086
      295101
      295101
      295177
      295216
      295255
      295271
      295295
      295295
      295357
      295420
      295422
      295485
      295491
      295519
      295600
      295672
      295684
      295688
      295697
      295750
      295816
      295834
      295893
      295934
      295971
      295998
      296002
      296002
      296063
      296113
      296184
      296190
      296206
      296269
      296366
      296420
      296516
      296516
      296573
      296632
      296636
      296688
      296722
      296722
      296755
      296812
      296858
      296928
      297021
      297049
      297057
      297137
      297231
      297232
      297250
      297310
      297369
      297374
      297465
      297515
      297528
      297606
      297662
      297734
      297790
      297886
      297893
      297954
      298042
      298119
      298206
      298264
      298264
      298338
      298373
      298459
      298524
      298579
      298622
      298700
      298703
      298732
      298780
      298787
      298876
      298894
      298929
      298986
      299062
      299134
      299203
      299214
      299234
      299237
      299294
      299380
      299440
      299539
      299625
      299641
      299713
      299715
      299812
      299818
      299875
      299905
      299959
      300026
      300063
      300072
      300085
      300173
      300224
      300302
      300371
      300381
      300473
      300538
      300550
      300559
      300591
      300678
      300736
      300815
      300889
      300980
      301006
      301049
      301139
      301180
      301189
      301232
      301294
      301363
      301461
      301498
      301583
      301658
      301743
      301772
      301856
      301868
      301900
      301915
      301998
      302005
      302013
      302054
      302064
      302153
      302169
      302224
      302247
      302300
      302323
      302346
      302356
      302359
      302432
      302454
      302470
      302480
      302511
      302601
      302611
      302645
      302739
      302821
      302902
      302966
      303040
      303137
      303181
      303270
      303291
      303372
      303425
      303473
      303509
      303588
      303618
      303640
      303672
      303763
      303808
      303895
      303918
      303977
      304001
      304010
      304010
      304052
      304070
      304082
      304131
      304199
      304254
      304274
      304294
      304373
      304455
      304518
      304526
      304551
      304632
      304702
      304784
      304869
      304913
      304924
      305002
      305070
      305092
      305176
      305178
      305201
      305263
      305292
      305294
      305298
      305366
      305388
      305402
      305473
      305520
      305536
      305597
      305644
      305653
      305751
      305817
      305884
      305896
      305972
      306019
      306047
      306127
      306161
      306225
      306315
      306363
      306397
      306445
      306488
      306524
      306582
      306625
      306680
      306697
      306744
      306839
      306871
      306958
      307040
      307123
      307209
      307295
      307320
      307342
      307416
      307515
      307582
      307677
      307710
      307795
      307874
      307898
      307970
      308029
      308067
      308165
      308221
      308279
      308298
      308361
      308371
      308407
      308450
      308546
      308563
      308591
      308686
      308707
      308795
      308810
      308899
      308974
      309067
      309100
      309182
      309203
      309227
      309316
      309343
      309420
      309435
      309506
      309508
      309516
      309551
      309624
      309697
      309715
      309758
      309803
      309812
      309833
      309928
      309941
      309949
      310028
      310083
      310151
      310237
      310304
      310375
      310447
      310459
      310503
      310549
      310638
      310720
      310774
      310791
      310840
      310855
      310935
      310967
      311024
      311053
      311096
      311195
      311201
      311231
      311242
      311278
      311278
      311280
      311330
      311402
      311456
      311523
      311572
      311661
      311720
      311801
      311870
      311959
      312042
      312124
      312212
      312232
      312245
      312315
      312406
      312499
      312522
      312615
      312697
      312770
      312804
      312897
      312975
      313038
      313038
      313071
      313073
      313134
      313172
      313179
      313240
      313313
      313342
      313372
      313443
      313492
      313502
      313551
      313570
      313646
      313701
      313797
      313826
      313833
      313900
      313953
      313965
      314062
      314109
      314180
      314233
      314294
      314349
      314422
      314461
      314551
      314570
      314607
      314616
      314641
      314702
      314728
      314773
      314853
      314858
      314881
      314919
      314951
      315038
      315126
      315177
      315180
      315211
      315230
      315281
      315365
      315422
      315511
      315573
      315610
      315612
      315646
      315688
      315739
      315826
      315863
      315953
      315996
      316041
      316124
      316160
      316163
      316246
      316263
      316362
      316385
      316403
      316416
      316431
      316507
      316540
      316615
      316649
      316654
      316746
      316798
      316889
      316948
      316989
      316993
      317072
      317103
      317153
      317190
      317281
      317357
      317371
      317424
      317472
      317545
      317597
      317672
      317729
      317816
      317852
      317906
      317942
      317971
      318045
      318098
      318106
      318111
      318206
      318235
      318257
      318287
      318352
      318383
      318463
      318506
      318537
      318561
      318565
      318612
      318627
      318646
      318656
      318710
      318758
      318803
      318822
      318915
      318970
      318992
      319030
      319059
      319074
      319145
      319212
      319225
      319316
      319337
      319418
      319450
      319478
      319530
      319542
      319547
      319613
      319686
      319706
      319789
      319830
      319909
      319962
      319969
      319985
      320049
      320061
      320117
      320171
      320229
      320275
      320358
      320402
      320432
      320486
      320557
      320640
      320680
      320766
      320856
      320933
      320998
      321032
      321059
      321080
      321135
      321203
      321275
      321290
      321304
      321389
      321477
      321565
      321626
      321649
      321682
      321733
      321760
      321838
      321871
      321958
      322001
      322099
      322161
      322176
      322210
      322259
      322317
      322362
      322437
      322483
      322571
      322577
      322652
      322717
      322719
      322797
      322857
      322876
      322909
      322985
      323072
      323105
      323110
      323166
      323263
      323293
      323369
      323414
      323482
      323486
      323493
      323533
      323572
      323646
      323706
      323765
      323849
      323896
      323916
      324015
      324081
      324100
      324111
      324210
      324293
      324308
      324403
      324450
      324527
      324550
      324554
      324630
      324655
      324708
      324775
      324794
      324826
      324921
      325003
      325036
      325068
      325134
      325141
      325195
      325287
      325357
      325425
      325455
      325489
      325578
      325616
      325713
      325782
      325805
      325867
      325931
      326002
      326073
      326135
      326219
      326271
      326293
      326392
      326438
      326488
      326560
      326619
      326637
      326727
      326797
      326803
      326808
      326835
      326857
      326909
      326966
      326989
      327007
      327100
      327144
      327240
      327255
      327287
      327329
      327359
      327442
      327464
      327503
      327542
      327544
      327641
      327654
      327686
      327710
      327803
      327811
      327832
      327920
      327979
      328023
      328076
      328168
      328201
      328277
      328351
      328353
      328451
      328507
      328550
      328565
      328625
      328652
      328735
      328757
      328820
      328908
      328985
      329052
      329076
      329113
      329199
      329201
      329214
      329280
      329361
      329425
      329465
      329509
      329582
      329651
      329677
      329722
      329782
      329869
      329938
      330029
      330037
      330119
      330156
      330247
      330344
      330410
      330429
      330430
      330447
      330493
      330520
      330571
      330577
      330638
      330671
      330686
      330687
      330736
      330778
      330806
      330894
      330937
      330988
      331079
      331125
      331195
      331213
      331252
      331334
      331375
      331453
      331490
      331496
      331593
      331666
      331714
      331807
      331871
      331875
      331943
      331954
      331954
      332000
      332047
      332091
      332185
      332228
      332323
      332422
      332472
      332504
      332509
      332548
      332559
      332571
      332599
      332634
      332732
      332733
      332832
      332842
      332931
      332954
      332971
      333020
      333075
      333167
      333250
      333297
      333310
      333397
      333436
      333511
      333588
      333600
      333652
      333719
      333729
      333780
      333780
      333814
      333890
      333958
      334002
      334029
      334032
      334123
      334141
      334209
      334266
      334279
      334370
      334468
      334483
      334535
      334552
      334579
      334627
      334717
      334744
      334753
      334798
      334830
      334867
      334942
      335041
      335097
      335158
      335224
      335237
      335294
      335322
      335381
      335393
      335464
      335480
      335576
      335646
      335729
      335770
      335802
      335821
      335840
      335904
      335967
      336064
      336121
      336170
      336257
      336317
      336393
      336394
      336480
