          47
         111
         153
         244
         290
         309
         323
         402
         465
         534
         576
         657
         691
         777
         867
         964
        1032
        1046
        1105
        1199
        1237
        1330
        1347
        1372
        1460
        1507
        1581
        1596
        1608
        1643
        1662
        1692
        1768
        1854
        1870
        1921
        1991
        2064
        2104
        2138
        2206
        2299
        2332
        2411
        2508
        2549
        2618
        2703
        2731
        2802
        2875
        2877
        2930
        2951
        3047
        3109
        3136
        3207
        3241
        3327
        3425
        3472
        3493
        3541
        3560
        3597
        3659
        3669
        3726
        3762
        3767
        3820
        3879
        3952
        3970
        4026
        4092
        4177
        4239
        4315
        4327
        4391
        4481
        4530
        4568
        4620
        4655
        4693
        4696
        4733
        4765
        4814
        4838
        4860
        4950
        4959
        5001
        5047
        5142
        5181
        5187
        5223
        5288
        5328
        5387
        5430
        5518
        5607
        5679
        5733
        5774
        5821
        5851
        5935
        5987
        6006
        6023
        6097
        6171
        6234
        6252
        6288
        6307
        6348
        6387
        6397
        6462
        6516
        6602
        6659
        6754
        6848
        6920
        6989
        7043
        7110
        7159
        7187
        7237
        7328
        7417
        7481
        7500
        7575
        7649
        7735
        7736
        7786
        7873
        7896
        7980
        8029
        8112
        8124
        8185
        8204
        8263
        8318
        8380
        8431
        8438
        8450
        8527
        8624
        8656
        8674
        8680
        8723
        8790
        8842
        8938
        8989
        9042
        9057
        9124
        9183
        9244
        9254
        9310
        9347
        9382
        9404
        9461
        9530
        9584
        9678
        9743
        9820
        9832
        9875
        9960
       10000
       10012
       10043
       10108
       10168
       10181
       10276
       10331
       10373
       10398
       10472
       10556
       10594
       10598
       10659
       10707
       10714
       10741
       10816
       10894
       10895
       10914
       10928
       10999
       11022
       11090
       11090
       11148
       11223
       11248
       11256
       11270
       11369
       11410
       11470
       11525
       11617
       11617
       11646
       11742
       11835
       11917
       11975
       11988
       12061
       12158
       12172
       12183
       12267
       12310
       12318
       12378
       12435
       12484
       12546
       12644
       12648
       12742
       12747
       12796
       12820
       12893
       12975
       13019
       13046
       13101
       13130
       13199
       13277
       13331
       13410
       13417
       13456
       13501
       13587
       13678
       13724
       13734
       13773
       13836
       13935
       14022
       14030
       14036
       14127
       14151
       14228
       14230
       14308
       14392
       14407
       14445
       14541
       14572
       14627
       14704
       14797
       14835
       14853
       14897
       14975
       14993
       15028
       15041
       15117
       15210
       15308
       15359
       15452
       15493
       15588
       15633
       15652
       15736
       15794
       15858
       15904
       15922
       16010
       16086
       16117
       16154
       16168
       16172
       16241
       16263
       16362
       16365
       16391
       16402
       16404
       16419
       16455
       16527
       16569
       16579
       16645
       16659
       16695
       16738
       16784
       16844
       16891
       16975
       17006
       17039
       17052
       17062
       17083
       17162
       17162
       17220
       17319
       17413
       17416
       17509
       17540
       17597
       17631
       17675
       17683
       17721
       17746
       17788
       17829
       17913
       17947
       18015
       18025
       18047
       18142
       18212
       18288
       18354
       18414
       18502
       18572
       18670
       18672
       18684
       18734
       18781
       18808
       18846
       18887
       18980
       19014
       19056
       19072
       19169
       19245
       19246
       19283
       19363
       19414
       19452
       19512
       19555
       19638
       19638
       19704
       19716
       19775
       19784
       19847
       19893
       19893
       19976
       20000
       20067
       20151
       20177
       20233
       20304
       20349
       20422
       20475
       20566
       20573
       20630
       20710
       20740
       20783
       20794
       20878
       20952
       20963
       21048
       21079
       21093
       21131
       21188
       21269
       21269
       21323
       21422
       21443
       21458
       21556
       21634
       21656
       21684
       21728
       21742
       21802
       21836
       21857
       21888
       21920
       21940
       22017
       22021
       22076
       22100
       22167
       22208
       22211
       22220
       22280
       22292
       22293
       22383
       22429
       22435
       22503
       22565
       22652
       22679
       22728
       22730
       22753
       22840
       22847
       22862
       22929
       22944
       23040
       23113
       23183
       23237
       23293
       23332
       23384
       23448
       23481
       23569
       23603
       23643
       23679
       23732
       23779
       23837
       23870
       23910
       23984
       24045
       24121
       24168
       24256
       24309
       24384
       24466
       24546
       24572
       24652
       24665
       24757
       24825
       24863
       24874
       24956
       24957
       25056
       25072
       25088
       25185
       25278
       25314
       25367
       25441
       25458
       25549
       25641
       25670
       25708
       25792
       25849
       25945
       26043
       26076
       26136
       26148
       26214
       26235
       26270
       26271
       26307
       26315
       26341
       26433
       26476
       26552
       26574
       26589
       26630
       26654
       26693
       26738
       26832
       26919
       27001
       27079
       27113
       27186
       27233
       27294
       27343
       27415
       27477
       27483
       27573
       27620
       27661
       27702
       27777
       27828
       27856
       27952
       28002
       28020
       28088
       28187
       28227
       28290
       28336
       28343
       28364
       28430
       28482
       28555
       28614
       28683
       28735
       28805
       28815
       28831
       28894
       28955
       29025
       29108
       29167
       29192
       29227
       29274
       29295
       29376
       29383
       29447
       29518
       29537
       29628
       29720
       29753
       29837
       29860
       29918
       29942
       29955
       30032
       30083
       30133
       30151
       30156
       30191
       30286
       30385
       30472
       30516
       30550
       30577
       30579
       30649
       30713
       30811
       30897
       30942
       31002
       31035
       31134
       31227
       31318
       31333
       31351
       31449
       31483
       31575
       31584
       31681
       31751
       31786
       31870
       31951
       31975
       31992
       32021
       32115
       32167
       32221
       32291
       32380
       32387
       32391
       32457
       32501
       32531
       32552
       32606
       32692
       32726
       32802
       32820
       32879
       32903
       32935
       32981
       33039
       33071
       33155
       33232
       33304
       33306
       33368
       33398
       33424
       33504
       33542
       33542
       33618
       33645
       33725
       33819
       33861
       33919
       33973
       34038
       34092
       34095
       34150
       34204
       34217
       34277
       34315
       34392
       34419
       34511
       34604
       34694
       34734
       34791
       34829
       34832
       34882
       34959
       34969
       35000
       35056
       35154
       35159
       35228
       35247
       35327
       35415
       35428
       35482
       35505
       35518
       35521
       35535
       35632
       35682
       35768
       35777
       35816
       35889
       35923
       35933
       36030
       36116
       36193
       36260
       36332
       36377
       36424
       36452
       36458
       36531
       36625
       36657
       36681
       36722
       36789
       36878
       36972
       37019
       37026
       37103
       37139
       37185
       37279
       37337
       37378
       37378
       37422
       37429
       37523
       37620
       37708
       37782
       37810
       37908
       37981
       38010
       38032
       38043
       38082
       38107
       38177
       38254
       38320
       38385
       38428
       38436
       38471
       38496
       38594
       38658
       38753
       38756
       38760
       38832
       38924
       38963
       39026
       39064
       39094
       39184
       39277
       39338
       39340
       39398
       39473
       39529
       39610
       39673
       39726
       39759
       39796
       39854
       39888
       39904
       39914
       40002
       40065
       40083
       40148
       40245
       40281
       40291
       40311
       40392
       40424
       40471
       40531
       40555
       40618
       40675
       40753
       40781
       40827
       40850
       40908
       40998
       41015
       41055
       41090
       41174
       41228
       41262
       41351
       41375
       41437
       41469
       41497
       41519
       41560
       41632
       41728
       41756
       41820
       41840
       41937
       42017
       42106
       42171
       42193
       42212
       42268
       42307
       42355
       42395
       42471
       42557
       42604
       42630
       42678
       42727
       42772
       42786
       42862
       42882
       42908
       42986
       43041
       43089
       43153
       43248
       43305
       43391
       43429
       43492
       43529
       43562
       43650
       43733
       43813
       43892
       43901
       43936
       43973
       43981
       44006
       44095
       44134
       44193
       44271
       44304
       44370
       44422
       44446
       44460
       44478
       44561
       44651
       44745
       44780
       44845
       44845
       44930
       44989
       45012
       45050
       45118
       45199
       45249
       45346
       45384
       45433
       45508
       45561
       45617
       45690
       45718
       45771
       45840
       45896
       45927
       46015
       46106
       46140
       46222
       46228
       46299
       46382
       46458
       46477
       46550
       46564
       46586
       46631
       46651
       46729
       46801
       46807
       46895
       46929
       47026
       47026
       47078
       47118
       47162
       47249
       47276
       47374
       47400
       47407
       47483
       47492
       47572
       47632
       47696
       47706
       47782
       47785
       47874
       47932
       47944
       47987
       48053
       48141
       48208
       48219
       48220
       48319
       48331
       48367
       48384
       48438
       48494
       48592
       48636
       48701
       48709
       48744
       48779
       48828
       48854
       48860
       48919
       48982
       49042
       49140
       49148
       49188
       49270
       49285
       49341
       49425
       49492
       49515
       49607
       49693
       49736
       49750
       49788
       49791
       49811
       49877
       49969
       50061
       50117
       50178
       50273
       50316
       50351
       50424
       50469
       50555
       50580
       50664
       50755
       50802
       50821
       50899
       50951
       51032
       51117
       51133
       51223
       51307
       51392
       51478
       51494
       51547
       51608
       51631
       51634
       51669
       51733
       51798
       51814
       51849
       51888
       51888
       51978
       52009
       52025
       52058
       52118
       52178
       52224
       52231
       52238
       52300
       52391
       52476
       52557
       52601
       52608
       52687
       52779
       52816
       52914
       52966
       53016
       53076
       53100
       53194
       53241
       53279
       53333
       53432
       53494
       53568
       53664
       53732
       53830
       53873
       53921
       54017
       54099
       54107
       54108
       54122
       54187
       54202
       54271
       54335
       54363
       54451
       54491
       54496
       54496
       54575
       54658
       54693
       54760
       54820
       54905
       54928
       54959
       54997
       55017
       55061
       55122
       55190
       55288
       55328
       55332
       55368
       55419
       55445
       55498
       55545
       55549
       55627
       55707
       55721
       55775
       55825
       55881
       55902
       55984
       56050
       56058
       56133
       56143
       56203
       56256
       56258
       56354
       56418
       56447
       56493
       56553
       56596
       56676
       56756
       56767
       56819
       56872
       56904
       56928
       57001
       57065
       57130
       57216
       57254
       57338
       57404
       57448
       57468
       57477
       57561
       57581
       57670
       57680
       57745
       57785
       57789
       57871
       57915
       57926
       57971
       58064
       58154
       58212
       58241
       58286
       58318
       58331
       58359
       58433
       58464
       58481
       58551
       58597
       58635
       58666
       58672
       58682
       58743
       58814
       58837
       58872
       58953
       58979
       58986
       58998
       59075
       59169
       59204
       59251
       59307
       59367
       59417
       59421
       59427
       59500
       59580
       59639
       59729
       59792
       59868
       59879
       59931
       59983
       59989
       59992
       60049
       60092
       60142
       60152
       60248
       60268
       60319
       60402
       60442
       60536
       60559
       60617
       60690
       60737
       60798
       60825
       60834
       60865
       60871
       60892
       60970
       61048
       61100
       61195
       61219
       61262
       61323
       61358
       61400
       61428
       61500
       61551
       61571
       61582
       61645
       61674
       61679
       61703
       61796
       61857
       61899
       61914
       61917
       61977
       62041
       62084
       62151
       62185
       62274
       62307
       62373
       62434
       62531
       62542
       62625
       62644
       62660
       62749
       62776
       62816
       62852
       62876
       62962
       63040
       63104
       63116
       63206
       63211
       63292
       63315
       63333
       63390
       63440
       63467
       63523
       63541
       63550
       63640
       63665
       63759
       63766
       63791
       63807
       63824
       63875
       63962
       63974
       64026
       64040
       64129
       64194
       64247
       64259
       64305
       64317
       64347
       64446
       64535
       64607
       64679
       64752
       64803
       64808
       64881
       64958
       65038
       65086
       65152
       65191
       65231
       65269
       65298
       65314
       65405
       65450
       65520
       65611
       65663
       65715
       65802
       65809
       65853
       65948
       65999
       66006
       66097
       66175
       66254
       66293
       66333
       66348
       66397
       66464
       66560
       66569
       66575
       66659
       66728
       66823
       66845
       66917
       66947
       67001
       67020
       67094
       67101
       67164
       67183
       67256
       67316
       67396
       67488
       67548
       67630
       67712
       67754
       67761
       67805
       67873
       67969
       68058
       68133
       68170
       68236
       68294
       68333
       68376
       68441
       68510
       68607
       68611
       68688
       68780
       68797
       68797
       68823
       68827
       68908
       68973
       69039
       69070
       69112
       69152
       69201
       69250
       69321
       69331
       69407
       69469
       69544
       69609
       69690
       69732
       69777
       69852
       69871
       69881
       69896
       69897
       69907
       69981
       70004
       70074
       70079
       70149
       70183
       70268
       70339
       70362
       70449
       70471
       70558
       70602
       70698
       70787
       70806
       70888
       70957
       70975
       71002
       71009
       71060
       71108
       71121
       71212
       71291
       71389
       71418
       71471
       71527
       71620
       71644
       71668
       71756
       71768
       71821
       71854
       71867
       71892
       71985
       72052
       72143
       72195
       72245
       72302
       72344
       72354
       72389
       72402
       72405
       72466
       72558
       72616
       72714
       72794
       72833
       72916
       73005
       73019
       73046
       73144
       73224
       73244
       73277
       73303
       73323
       73356
       73427
       73507
       73581
       73595
       73649
       73665
       73671
       73750
       73804
       73899
       73963
       74034
       74037
       74088
       74144
       74163
       74244
       74281
       74312
       74342
       74381
       74470
       74497
       74547
       74625
       74702
       74730
       74829
       74907
       74971
       74981
       75048
       75100
       75140
       75231
       75257
       75312
       75369
       75382
       75431
       75472
       75528
       75605
       75670
       75713
       75772
       75791
       75792
       75884
       75932
       75937
       75964
       76057
       76086
       76118
       76181
       76226
       76316
       76331
       76397
       76426
       76427
       76508
       76585
       76619
       76716
       76815
       76850
       76873
       76903
       76985
       77005
       77054
       77072
       77150
       77223
       77256
       77318
       77357
       77405
       77443
       77486
       77509
       77539
       77567
       77599
       77635
       77721
       77792
       77849
       77947
       77950
       78021
       78024
       78083
       78122
       78163
       78202
       78206
       78267
       78344
       78398
       78412
       78442
       78460
       78490
       78518
       78564
       78648
       78736
       78834
       78869
       78898
       78901
       78968
       79020
       79070
       79145
       79231
       79235
       79332
       79390
       79472
       79503
       79573
       79636
       79712
       79744
       79816
       79867
       79923
       80005
       80082
       80094
       80168
       80229
       80267
       80335
       80418
       80461
       80504
       80523
       80578
       80676
       80685
       80723
       80752
       80778
       80868
       80952
       81046
       81136
       81189
       81271
       81353
       81382
       81399
       81493
       81514
       81579
       81607
       81625
       81712
       81763
       81769
       81802
       81860
       81918
       82006
       82046
       82057
       82075
       82145
       82200
       82268
       82353
       82452
       82551
       82606
       82644
       82675
       82688
       82733
       82744
       82799
       82839
       82927
       82953
       82971
       83068
       83161
       83165
       83212
       83307
       83351
       83420
       83477
       83516
       83593
       83624
       83687
       83762
       83816
       83897
       83913
       83972
       84059
       84093
       84165
       84232
       84275
       84355
       84374
       84470
       84559
       84599
       84604
       84689
       84725
       84762
       84835
       84928
       85027
       85032
       85126
       85194
       85233
       85294
       85364
       85364
       85421
       85519
       85588
       85616
       85633
       85721
       85758
       85784
       85864
       85938
       85955
       85973
       86034
       86114
       86141
       86183
       86225
       86274
       86340
       86365
       86403
       86454
       86536
       86554
       86606
       86665
       86746
       86760
       86764
       86825
       86924
       86984
       86991
       87087
       87132
       87214
       87310
       87384
       87422
       87433
       87482
       87541
       87611
       87696
       87779
       87792
       87853
       87857
       87868
       87957
       87980
       88013
       88084
       88180
       88181
       88261
       88342
       88388
       88391
       88457
       88510
       88535
       88546
       88638
       88710
       88729
       88815
       88903
       88998
       89080
       89095
       89135
       89199
       89243
       89336
       89431
       89476
       89532
       89612
       89650
       89689
       89786
       89808
       89815
       89891
       89953
       89974
       90000
       90039
       90067
       90128
       90128
       90140
       90204
       90213
       90306
       90377
       90436
       90527
       90593
       90655
       90685
       90716
       90810
       90842
       90866
       90928
       90939
       90987
       91038
       91114
       91159
       91182
       91270
       91289
       91386
       91414
       91501
       91541
       91601
       91687
       91746
       91818
       91911
       92001
       92093
       92136
       92157
       92159
       92254
       92266
       92358
       92374
       92425
       92483
       92517
       92539
       92553
       92599
       92687
       92726
       92768
       92847
       92868
       92872
       92958
       93032
       93077
       93137
       93156
       93210
       93243
       93264
       93292
       93339
       93407
       93408
       93416
       93431
       93501
       93531
       93570
       93588
       93622
       93690
       93751
       93781
       93847
       93931
       93949
       93957
       94030
       94099
       94122
       94138
       94140
       94213
       94282
       94345
       94415
       94494
       94509
       94511
       94529
       94539
       94586
       94618
       94664
       94724
       94778
       94784
       94881
       94930
       95001
       95025
       95116
       95163
       95189
       95270
       95282
       95334
       95433
       95529
       95542
       95549
       95618
       95679
       95705
       95796
       95869
       95926
       95935
       95943
       95986
       96040
       96091
       96177
       96275
       96304
       96393
       96400
       96449
       96458
       96475
       96527
       96616
       96678
       96711
       96733
       96778
       96800
       96814
       96869
       96952
       97029
       97117
       97203
       97241
       97264
       97285
       97300
       97350
       97376
       97454
       97550
       97561
       97602
       97648
       97667
       97696
       97721
       97787
       97882
       97927
       97932
       97964
       98008
       98033
       98118
       98159
       98217
       98241
       98275
       98309
       98357
       98449
       98542
       98545
       98568
       98663
       98701
       98730
       98829
       98901
       98941
       99015
       99049
       99054
       99144
       99163
       99177
       99186
       99283
       99286
       99384
       99400
       99452
       99536
       99554
       99619
       99691
       99730
       99764
       99790
       99823
       99921
       99966
       99985
      100062
      100081
      100122
      100166
      100260
      100286
      100292
      100318
      100365
      100390
      100442
      100535
      100594
      100654
      100669
      100728
      100783
      100834
      100871
      100926
      100986
      101005
      101072
      101116
      101171
      101253
      101347
      101387
      101476
      101495
      101498
      101547
      101613
      101706
      101718
      101740
      101803
      101892
      101898
      101935
      101987
      102048
      102095
      102125
      102204
      102248
      102315
      102372
      102439
      102492
      102566
      102632
      102700
      102722
      102780
      102780
      102873
      102940
      103017
      103105
      103139
      103213
      103291
      103347
      103430
      103438
      103494
      103542
      103633
      103634
      103689
      103722
      103766
      103852
      103922
      103940
      103979
      103980
      104007
      104090
      104138
      104226
      104236
      104255
      104334
      104372
      104419
      104503
      104508
      104551
      104583
      104603
      104603
      104670
      104680
      104730
      104796
      104800
      104894
      104951
      105014
      105065
      105080
      105120
      105216
      105260
      105283
      105375
      105395
      105485
      105536
      105568
      105592
      105612
      105681
      105760
      105813
      105865
      105951
      106027
      106041
      106120
      106166
      106166
      106237
      106331
      106353
      106405
      106474
      106550
      106603
      106656
      106733
      106808
      106899
      106995
      107016
      107017
      107094
      107121
      107199
      107208
      107231
      107319
      107369
      107438
      107514
      107602
      107665
      107695
      107750
      107779
      107811
      107849
      107893
      107970
      108025
      108042
      108064
      108140
      108146
      108210
      108222
      108270
      108288
      108309
      108325
      108413
      108489
      108494
      108539
      108600
      108693
      108703
      108705
      108801
      108856
      108898
      108951
      108968
      109055
      109064
      109073
      109075
      109126
      109134
      109220
      109257
      109346
      109350
      109358
      109400
      109459
      109519
      109593
      109660
      109674
      109693
      109779
      109862
      109960
      110034
      110114
      110131
      110225
      110236
      110302
      110374
      110380
      110410
      110472
      110561
      110621
      110699
      110776
      110870
      110969
      110970
      111063
      111156
      111235
      111279
      111295
      111344
      111345
      111424
      111435
      111527
      111605
      111618
      111689
      111777
      111828
      111862
      111864
      111914
      111938
      111949
      111994
      112081
      112105
      112176
      112225
      112292
      112366
      112378
      112442
      112449
      112492
      112500
      112597
      112661
      112702
      112744
      112749
      112838
      112879
      112925
      112942
      112948
      112959
      112969
      112978
      113069
      113119
      113171
      113207
      113281
      113302
      113384
      113472
      113531
      113625
      113691
      113779
      113804
      113811
      113823
      113831
      113832
      113891
      113956
      113996
      114074
      114079
      114158
      114196
      114275
      114304
      114310
      114329
      114332
      114402
      114490
      114539
      114553
      114578
      114583
      114596
      114618
      114657
      114754
      114841
      114915
      114977
      115067
      115126
      115133
      115219
      115274
      115299
      115317
      115365
      115461
      115466
      115478
      115568
      115645
      115713
      115754
      115782
      115798
      115831
      115924
      116020
      116035
      116079
      116100
      116190
      116269
      116340
      116428
      116517
      116544
      116577
      116670
      116724
      116762
      116805
      116856
      116887
      116971
      116973
      116996
      117046
      117137
      117211
      117300
      117382
      117475
      117569
      117632
      117638
      117734
      117779
      117794
      117824
      117827
      117842
      117844
      117933
      118001
      118026
      118109
      118125
      118172
      118224
      118286
      118291
      118371
      118407
      118463
      118548
      118596
      118604
      118659
      118718
      118775
      118775
      118833
      118858
      118860
      118863
      118925
      118964
      118967
      119065
      119137
      119167
      119259
      119325
      119342
      119351
      119380
      119393
      119401
      119432
      119499
      119504
      119566
      119569
      119641
      119657
      119756
      119780
      119853
      119934
      119979
      120011
      120097
      120146
      120187
      120285
      120334
      120391
      120442
      120493
      120556
      120606
      120642
      120718
      120718
      120811
      120816
      120855
      120945
      120990
      120997
      121062
      121075
      121086
      121087
      121169
      121174
      121248
      121275
      121314
      121379
      121467
      121469
      121555
      121613
      121671
      121708
      121709
      121766
      121766
      121797
      121816
      121827
      121868
      121958
      122055
      122147
      122175
      122179
      122218
      122247
      122277
      122353
      122441
      122488
      122585
      122603
      122622
      122681
      122780
      122808
      122834
      122846
      122861
      122871
      122927
      122978
      123055
      123138
      123189
      123286
      123362
      123410
      123459
      123541
      123638
      123673
      123681
      123720
      123769
      123867
      123922
      123988
      123992
      124051
      124071
      124134
      124200
      124244
      124330
      124348
      124426
      124450
      124456
      124540
      124601
      124612
      124665
      124722
      124783
      124829
      124915
      124992
      125050
      125066
      125086
      125090
      125145
      125200
      125253
      125290
      125305
      125346
      125369
      125440
      125521
      125602
      125650
      125695
      125727
      125792
      125810
      125857
      125928
      125933
      125933
      125973
      126064
      126103
      126139
      126173
      126242
      126303
      126361
      126432
      126465
      126480
      126501
      126562
      126616
      126701
      126753
      126848
      126917
      126976
      126982
      126999
      127038
      127067
      127133
      127163
      127216
      127304
      127372
      127391
      127411
      127447
      127513
      127562
      127637
      127729
      127777
      127786
      127838
      127867
      127936
      127988
      128027
      128047
      128068
      128127
      128131
      128164
      128174
      128250
      128314
      128358
      128405
      128503
      128512
      128549
      128549
      128570
      128609
      128661
      128684
      128723
      128730
      128803
      128863
      128928
      128987
      129005
      129040
      129120
      129174
      129231
      129313
      129336
      129410
      129454
      129497
      129539
      129630
      129648
      129661
      129687
      129780
      129812
      129899
      129943
      129985
      130072
      130108
      130111
      130151
      130247
      130274
      130334
      130383
      130451
      130470
      130477
      130505
      130562
      130637
      130681
      130763
      130860
      130882
      130924
      130942
      131004
      131010
      131089
      131170
      131256
      131264
      131272
      131365
      131395
      131449
      131505
      131566
      131646
      131663
      131714
      131759
      131818
      131870
      131943
      131994
      132081
      132118
      132188
      132283
      132314
      132408
      132408
      132444
      132532
      132602
      132691
      132740
      132768
      132864
      132921
      132944
      132975
      133041
      133090
      133135
      133139
      133155
      133225
      133320
      133394
      133405
      133434
      133501
      133575
      133659
      133737
      133773
      133806
      133888
      133895
      133970
      134063
      134117
      134147
      134239
      134275
      134290
      134339
      134379
      134447
      134493
      134556
      134616
      134692
      134783
      134812
      134846
      134850
      134852
      134908
      134960
      135033
      135097
      135111
      135205
      135289
      135367
      135395
      135409
      135473
      135485
      135521
      135550
      135634
      135655
      135705
      135799
      135848
      135872
      135872
      135910
      135951
      135961
      136013
      136111
      136139
      136197
      136254
      136283
      136353
      136357
      136388
      136446
      136543
      136582
      136620
      136662
      136675
      136694
      136741
      136781
      136869
      136958
      137045
      137045
      137128
      137147
      137151
      137183
      137200
      137206
      137303
      137399
      137490
      137511
      137547
      137641
      137663
      137748
      137750
      137795
      137832
      137918
      138009
      138066
      138146
      138153
      138190
      138222
      138283
      138309
      138341
      138415
      138489
      138489
      138567
      138581
      138667
      138713
      138760
      138781
      138789
      138795
      138813
      138837
      138857
      138909
      138954
      138985
      139041
      139123
      139167
      139233
      139271
      139335
      139345
      139381
      139443
      139507
      139549
      139567
      139581
      139624
      139644
      139647
      139660
      139688
      139772
      139871
      139940
      140006
      140018
      140061
      140158
      140219
      140249
      140262
      140312
      140354
      140401
      140460
      140535
      140556
      140557
      140655
      140751
      140764
      140825
      140906
      140939
      141022
      141032
      141067
      141110
      141187
      141241
      141293
      141326
      141392
      141399
      141475
      141489
      141517
      141600
      141681
      141746
      141747
      141775
      141843
      141848
      141941
      142036
      142078
      142113
      142207
      142281
      142358
      142403
      142499
      142576
      142581
      142607
      142628
      142725
      142735
      142736
      142750
      142768
      142773
      142796
      142805
      142903
      142990
      143067
      143153
      143211
      143236
      143259
      143297
      143328
      143411
      143450
      143524
      143563
      143577
      143638
      143736
      143799
      143820
      143909
      143935
      144026
      144095
      144155
      144161
      144208
      144295
      144360
      144387
      144439
      144477
      144527
      144527
      144570
      144601
      144680
      144724
      144745
      144752
      144775
      144796
      144816
      144894
      144941
      144970
      144997
      145082
      145139
      145140
      145221
      145285
      145315
      145411
      145475
      145494
      145556
      145629
      145645
      145738
      145766
      145841
      145855
      145934
      145937
      146001
      146040
      146059
      146123
      146184
      146252
      146325
      146375
      146378
      146439
      146479
      146574
      146662
      146681
      146761
      146813
      146835
      146873
      146877
      146973
      146987
      146995
      147077
      147153
      147193
      147224
      147236
      147329
      147356
      147365
      147401
      147493
      147526
      147586
      147672
      147693
      147787
      147871
      147887
      147972
      148037
      148052
      148132
      148135
      148135
      148224
      148305
      148348
      148363
      148374
      148452
      148457
      148464
      148527
      148593
      148637
      148656
      148686
      148686
      148714
      148810
      148852
      148921
      148921
      148952
      148990
      149027
      149066
      149091
      149155
      149186
      149244
      149331
      149418
      149449
      149521
      149558
      149652
      149691
      149747
      149782
      149828
      149924
      149940
      150014
      150065
      150154
      150186
      150220
      150247
      150325
      150416
      150512
      150600
      150656
      150693
      150711
      150790
      150888
      150969
      151004
      151056
      151155
      151239
      151307
      151315
      151404
      151405
      151408
      151413
      151512
      151604
      151640
      151660
      151734
      151761
      151815
      151903
      151958
      152019
      152105
      152199
      152217
      152259
      152336
      152429
      152434
      152449
      152497
      152572
      152601
      152636
      152643
      152715
      152811
      152826
      152888
      152980
      152980
      153077
      153120
      153180
      153201
      153236
      153302
      153376
      153404
      153492
      153572
      153617
      153703
      153748
      153821
      153896
      153989
      154004
      154081
      154110
      154202
      154206
      154264
      154314
      154383
      154389
      154428
      154494
      154500
      154509
      154521
      154552
      154602
      154675
      154704
      154772
      154810
      154882
      154943
      154976
      155006
      155020
      155045
      155071
      155107
      155142
      155233
      155249
      155314
      155316
      155371
      155375
      155452
      155497
      155588
      155605
      155636
      155716
      155804
      155899
      155932
      156002
      156008
      156084
      156126
      156183
      156211
      156219
      156312
      156342
      156422
      156493
      156538
      156633
      156712
      156756
      156838
      156851
      156933
      157001
      157028
      157061
      157066
      157164
      157241
      157303
      157402
      157496
      157584
      157590
      157644
      157702
      157795
      157799
      157808
      157830
      157854
      157899
      157966
      158043
      158103
      158114
      158114
      158154
      158163
      158212
      158228
      158290
      158388
      158395
      158430
      158515
      158594
      158683
      158779
      158811
      158867
      158894
      158905
      158946
      159009
      159087
      159163
      159209
      159296
      159325
      159414
      159419
      159499
      159531
      159556
      159568
      159597
      159637
      159665
      159720
      159810
      159871
      159960
      160042
      160090
      160151
      160230
      160278
      160325
      160420
      160441
      160504
      160560
      160638
      160644
      160654
      160746
      160833
      160856
      160856
      160876
      160922
      160965
      161008
      161045
      161071
      161114
      161183
      161281
      161334
      161413
      161428
      161511
      161525
      161575
      161611
      161615
      161693
      161707
      161752
      161770
      161843
      161902
      161925
      162005
      162043
      162128
      162137
      162170
      162248
      162248
      162323
      162354
      162445
      162506
      162592
      162621
      162717
      162803
      162895
      162915
      162965
      163045
      163066
      163140
      163229
      163258
      163322
      163401
      163461
      163514
      163544
      163614
      163677
      163695
      163790
      163835
      163868
      163941
      164001
      164077
      164146
      164235
      164290
      164330
      164407
      164484
      164581
      164676
      164704
      164713
      164739
      164810
      164899
      164990
      164997
      165038
      165091
      165163
      165163
      165228
      165305
      165371
      165386
      165481
      165499
      165558
      165647
      165718
      165813
      165843
      165890
      165948
      165995
      165998
      166042
      166046
      166125
      166191
      166275
      166307
      166403
      166467
      166477
      166576
      166589
      166675
      166708
      166724
      166817
      166850
      166866
      166878
      166912
      166912
      166944
      166967
      167044
      167124
      167208
      167282
      167357
      167397
      167474
      167514
      167597
      167652
      167724
      167745
      167773
      167844
      167901
      167934
      168011
      168035
      168060
      168114
      168124
      168219
      168280
      168308
      168336
      168343
      168367
      168396
      168450
      168536
      168632
      168663
      168684
      168774
      168817
      168903
      168927
      168970
      169014
      169041
      169072
      169094
      169167
      169230
      169266
      169342
      169362
      169441
      169471
      169526
      169621
      169644
      169731
      169784
      169800
      169889
      169909
      169936
      169986
      170074
      170172
      170208
      170231
      170284
      170338
      170415
      170457
      170514
      170535
      170615
      170664
      170729
      170803
      170887
      170929
      170943
      170981
      171065
      171076
      171092
      171095
      171155
      171201
      171248
      171337
      171353
      171378
      171457
      171545
      171614
      171639
      171639
      171697
      171767
      171800
      171811
      171902
      171985
      172046
      172067
      172068
      172114
      172200
      172263
      172344
      172442
      172498
      172535
      172563
      172564
      172646
      172691
      172714
      172739
      172826
      172837
      172853
      172922
      173017
      173086
      173158
      173211
      173253
      173293
      173306
      173306
      173339
      173398
      173432
      173484
      173492
      173577
      173670
      173740
      173812
      173817
      173841
      173873
      173873
      173947
      173970
      174064
      174095
      174141
      174211
      174268
      174317
      174413
      174456
      174495
      174501
      174526
      174550
      174558
      174615
      174635
      174713
      174748
      174815
      174834
      174928
      175026
      175080
      175165
      175189
      175278
      175372
      175462
      175512
      175569
      175611
      175662
      175689
      175691
      175776
      175851
      175899
      175916
      175982
      176081
      176120
      176187
      176258
      176335
      176417
      176496
      176554
      176584
      176597
      176646
      176696
      176758
      176839
      176893
      176992
      177068
      177079
      177092
      177185
      177196
      177224
      177277
      177364
      177383
      177471
      177531
      177595
      177693
      177758
      177827
      177883
      177952
      178036
      178085
      178155
      178238
      178332
      178360
      178439
      178445
      178477
      178481
      178554
      178554
      178600
      178689
      178759
      178779
      178817
      178827
      178838
      178910
      178916
      178958
      179036
      179064
      179132
      179221
      179263
      179283
      179291
      179349
      179402
      179468
      179539
      179577
      179641
      179692
      179708
      179753
      179779
      179865
      179883
      179886
      179973
      180043
      180097
      180191
      180214
      180220
      180276
      180356
      180442
      180471
      180519
      180545
      180619
      180639
      180709
      180736
      180762
      180841
      180872
      180939
      180977
      181056
      181076
      181105
      181179
      181233
      181296
      181381
      181405
      181436
      181458
      181514
      181548
      181641
      181658
      181659
      181667
      181716
      181756
      181826
      181874
      181911
      182003
      182096
      182134
      182134
      182148
      182183
      182221
      182294
      182359
      182373
      182407
      182484
      182504
      182572
      182620
      182632
      182643
      182742
      182782
      182786
      182817
      182879
      182942
      182946
      183014
      183058
      183133
      183190
      183225
      183296
      183387
      183387
      183393
      183396
      183495
      183531
      183538
      183622
      183706
      183722
      183763
      183852
      183941
      183959
      184003
      184071
      184125
      184211
      184291
      184324
      184356
      184395
      184444
      184452
      184512
      184581
      184679
      184719
      184783
      184790
      184854
      184898
      184922
      184976
      184983
      185025
      185106
      185140
      185189
      185286
      185314
      185333
      185394
      185478
      185517
      185566
      185620
      185647
      185723
      185753
      185819
      185845
      185849
      185931
      185979
      185991
      185996
      186027
      186123
      186214
      186217
      186221
      186270
      186273
      186329
      186349
      186406
      186430
      186447
      186525
      186544
      186571
      186585
      186638
      186650
      186690
      186730
      186802
      186887
      186947
      186953
      186990
      187063
      187108
      187117
      187149
      187185
      187240
      187265
      187285
      187305
      187317
      187388
      187482
      187485
      187561
      187592
      187621
      187641
      187679
      187707
      187727
      187766
      187834
      187920
      187948
      188030
      188116
      188191
      188245
      188257
      188344
      188441
      188520
      188583
      188623
      188690
      188731
      188733
      188798
      188808
      188823
      188911
      188981
      189016
      189082
      189129
      189182
      189263
      189298
      189379
      189454
      189492
      189553
      189575
      189595
      189660
      189679
      189728
      189730
      189825
      189903
      189916
      189976
      190041
      190074
      190150
      190239
      190250
      190301
      190396
      190473
      190559
      190567
      190615
      190676
      190734
      190783
      190843
      190935
      191008
      191023
      191097
      191148
      191230
      191248
      191339
      191373
      191416
      191435
      191522
      191612
      191628
      191718
      191783
      191872
      191913
      191973
      192036
      192103
      192150
      192216
      192261
      192321
      192412
      192412
      192466
      192536
      192548
      192592
      192605
      192651
      192731
      192819
      192822
      192892
      192979
      193005
      193101
      193121
      193202
      193267
      193310
      193380
      193387
      193483
      193487
      193574
      193659
      193720
      193770
      193826
      193893
      193930
      194004
      194079
      194129
      194144
      194203
      194267
      194366
      194387
      194439
      194460
      194529
      194545
      194570
      194661
      194716
      194774
      194805
      194843
      194854
      194912
      194945
      195028
      195045
      195067
      195069
      195166
      195203
      195228
      195250
      195285
      195380
      195421
      195470
      195516
      195606
      195609
      195626
      195647
      195655
      195722
      195729
      195729
      195800
      195875
      195920
      195969
      196007
      196057
      196110
      196189
      196189
      196221
      196270
      196326
      196335
      196426
      196469
      196476
      196494
      196497
      196535
      196547
      196576
      196603
      196610
      196631
      196670
      196687
      196734
      196788
      196808
      196816
      196825
      196897
      196958
      196980
      197044
      197114
      197117
      197148
      197170
      197201
      197223
      197259
      197304
      197335
      197353
      197419
      197440
      197478
      197567
      197643
      197717
      197809
      197822
      197889
      197928
      197934
      198005
      198085
      198149
      198214
      198221
      198236
      198294
      198337
      198337
      198344
      198400
      198415
      198433
      198531
      198562
      198562
      198632
      198705
      198737
      198747
      198778
      198877
      198972
      198990
      199013
      199017
      199079
      199150
      199169
      199250
      199263
      199362
      199409
      199444
      199449
      199496
      199593
      199646
      199683
      199707
      199746
      199797
      199880
      199979
      200007
      200062
      200079
      200112
      200203
      200297
      200330
      200373
      200383
      200456
      200499
      200554
      200584
      200616
      200667
      200682
      200742
      200793
      200798
      200842
      200918
      200930
      200979
      201002
      201036
      201129
      201170
      201200
      201294
      201377
      201418
      201478
      201541
      201633
      201700
      201740
      201743
      201832
      201877
      201920
      201985
      202040
      202046
      202103
      202168
      202195
      202290
      202344
      202346
      202425
      202514
      202595
      202598
      202608
      202661
      202736
      202778
      202824
      202911
      202936
      202949
      202982
      203076
      203111
      203158
      203158
      203213
      203307
      203326
      203326
      203328
      203361
      203417
      203498
      203582
      203628
      203650
      203676
      203750
      203803
      203859
      203864
      203962
      204031
      204113
      204199
      204295
      204358
      204368
      204396
      204437
      204469
      204486
      204520
      204594
      204595
      204598
      204683
      204733
      204816
      204861
      204862
      204904
      204980
      204995
      205014
      205038
      205127
      205152
      205160
      205253
      205323
      205401
      205423
      205424
      205487
      205494
      205564
      205642
      205649
      205705
      205792
      205805
      205885
      205962
      206019
      206056
      206107
      206174
      206255
      206314
      206353
      206395
      206457
      206514
      206570
      206632
      206701
      206703
      206760
      206818
      206912
      206995
      207034
      207098
      207104
      207185
      207250
      207319
      207405
      207462
      207497
      207519
      207571
      207592
      207660
      207709
      207754
      207804
      207817
      207854
      207874
      207973
      208032
      208074
      208106
      208196
      208272
      208365
      208416
      208448
      208467
      208510
      208566
      208580
      208609
      208678
      208698
      208780
      208815
      208824
      208844
      208934
      208950
      208987
      209064
      209110
      209143
      209148
      209196
      209214
      209288
      209302
      209344
      209418
      209476
      209508
      209557
      209649
      209736
      209790
      209800
      209868
      209914
      210000
      210056
      210088
      210110
      210168
      210233
      210305
      210313
      210369
      210426
      210499
      210511
      210523
      210592
      210682
      210762
      210773
      210836
      210870
      210960
      211010
      211043
      211089
      211174
      211179
      211228
      211245
      211305
      211344
      211440
      211504
      211552
      211635
      211712
      211777
      211825
      211867
      211904
      211976
      211996
      212075
      212096
      212114
      212148
      212208
      212249
      212310
      212367
      212421
      212490
      212569
      212604
      212616
      212684
      212734
      212749
      212786
      212818
      212822
      212831
      212868
      212957
      212977
      213060
      213061
      213140
      213225
      213254
      213328
      213384
      213434
      213445
      213531
      213578
      213611
      213667
      213733
      213807
      213901
      213914
      213976
      214052
      214101
      214132
      214193
      214218
      214294
      214341
      214410
      214412
      214454
      214457
      214533
      214547
      214604
      214641
      214672
      214696
      214754
      214806
      214902
      214944
      214950
      214997
      215085
      215183
      215206
      215262
      215356
      215443
      215463
      215474
      215541
      215596
      215695
      215765
      215803
      215842
      215844
      215896
      215992
      216026
      216094
      216145
      216175
      216228
      216281
      216347
      216443
      216500
      216595
      216632
      216679
      216694
      216782
      216834
      216921
      216964
      216969
      217001
      217063
      217064
      217078
      217083
      217102
      217171
      217217
      217252
      217347
      217401
      217407
      217504
      217556
      217563
      217574
      217656
      217732
      217822
      217829
      217904
      217975
      218048
      218097
      218190
      218241
      218292
      218350
      218357
      218358
      218456
      218554
      218622
      218675
      218717
      218766
      218791
      218850
      218944
      218985
      219043
      219058
      219083
      219145
      219197
      219200
      219230
      219295
      219300
      219315
      219353
      219369
      219451
      219538
      219565
      219614
      219639
      219713
      219742
      219749
      219777
      219787
      219846
      219935
      220022
      220035
      220122
      220174
      220176
      220254
      220276
      220306
      220331
      220409
      220426
      220485
      220577
      220670
      220761
      220852
      220905
      220915
      220917
      220992
      221045
      221106
      221200
      221283
      221336
      221342
      221380
      221437
      221466
      221565
      221623
      221703
      221728
      221741
      221793
      221860
      221867
      221950
      222009
      222079
      222102
      222112
      222131
      222134
      222164
      222186
      222226
      222322
      222382
      222429
      222472
      222517
      222588
      222597
      222608
      222686
      222783
      222787
      222882
      222962
      222983
      223013
      223092
      223112
      223210
      223231
      223314
      223318
      223392
      223482
      223501
      223553
      223598
      223638
      223708
      223806
      223892
      223899
      223915
      223919
      224014
      224077
      224106
      224124
      224141
      224184
      224254
      224281
      224348
      224405
      224473
      224503
      224588
      224633
      224653
      224663
      224690
      224757
      224797
      224820
      224878
      224882
      224981
      225006
      225074
      225089
      225118
      225131
      225144
      225202
      225263
      225304
      225362
      225364
      225375
      225405
      225456
      225550
      225608
      225681
      225684
      225741
      225830
      225923
      225989
      226044
      226106
      226200
      226282
      226331
      226372
      226414
      226470
      226567
      226608
      226706
      226795
      226853
      226871
      226888
      226981
      227042
      227101
      227120
      227153
      227181
      227245
      227282
      227347
      227395
      227437
      227505
      227524
      227583
      227600
      227677
      227746
      227796
      227884
      227959
      227975
      228005
      228076
      228162
      228172
      228233
      228319
      228389
      228418
      228501
      228531
      228595
      228666
      228757
      228830
      228875
      228935
      228977
      229024
      229038
      229108
      229183
      229232
      229275
      229362
      229380
      229388
      229416
      229463
      229473
      229558
      229598
      229611
      229620
      229681
      229764
      229823
      229869
      229943
      229953
      230001
      230005
      230057
      230149
      230177
      230233
      230240
      230261
      230294
      230306
      230377
      230405
      230483
      230513
      230593
      230596
      230609
      230686
      230772
      230793
      230849
      230860
      230940
      230955
      231002
      231096
      231165
      231247
      231318
      231403
      231442
      231502
      231508
      231591
      231673
      231717
      231792
      231861
      231927
      231947
      231972
      232069
      232079
      232105
      232182
      232198
      232293
      232344
      232409
      232503
      232564
      232617
      232632
      232646
      232660
      232706
      232804
      232811
      232816
      232894
      232911
      232981
      233080
      233104
      233144
      233148
      233177
      233214
      233255
      233280
      233373
      233461
      233526
      233558
      233648
      233700
      233794
      233822
      233876
      233931
      233994
      234047
      234099
      234179
      234191
      234238
      234316
      234318
      234391
      234403
      234421
      234491
      234581
      234591
      234617
      234635
      234710
      234801
      234856
      234865
      234895
      234916
      234923
      234962
      234980
      234985
      235083
      235108
      235111
      235178
      235197
      235281
      235322
      235390
      235449
      235462
      235552
      235619
      235620
      235636
      235732
      235812
      235836
      235933
      235941
      235964
      236019
      236093
      236115
      236183
      236191
      236216
      236249
      236306
      236394
      236401
      236424
      236491
      236551
      236590
      236597
      236608
      236681
      236741
      236750
      236765
      236863
      236960
      237005
      237055
      237145
      237243
      237339
      237389
      237423
      237519
      237549
      237597
      237683
      237721
      237804
      237870
      237881
      237916
      237930
      237948
      238005
      238024
      238051
      238074
      238153
      238223
      238254
      238289
      238338
      238432
      238500
      238522
      238609
      238630
      238715
      238738
      238781
      238828
      238889
      238932
      238967
      239063
      239117
      239179
      239208
      239302
      239305
      239352
      239450
      239525
      239532
      239536
      239575
      239595
      239624
      239641
      239656
      239663
      239694
      239760
      239771
      239779
      239795
      239819
      239824
      239857
      239877
      239965
      240022
      240070
      240114
      240118
      240180
      240230
      240273
      240330
      240373
      240445
      240478
      240486
      240566
      240594
      240674
      240750
      240780
      240785
      240824
      240839
      240931
      240973
      241025
      241097
      241184
      241267
      241304
      241365
      241385
      241412
      241472
      241474
      241491
      241519
      241576
      241673
      241737
      241783
      241804
      241897
      241939
      241987
      242038
      242102
      242150
      242164
      242196
      242208
      242282
      242286
      242312
      242387
      242394
      242401
      242415
      242445
      242454
      242540
      242572
      242655
      242680
      242719
      242749
      242840
      242890
      242895
      242903
      242947
      242961
      242970
      243004
      243037
      243048
      243147
      243168
      243218
      243287
      243361
      243375
      243388
      243441
      243449
      243488
      243501
      243581
      243602
      243654
      243688
      243723
      243806
      243859
      243919
      243987
      244024
      244042
      244058
      244074
      244100
      244176
      244256
      244309
      244348
      244445
      244450
      244484
      244528
      244576
      244593
      244639
      244727
      244743
      244823
      244828
      244878
      244944
      244973
      244976
      245001
      245047
      245078
      245155
      245189
      245243
      245313
      245376
      245414
      245426
      245483
      245530
      245559
      245648
      245677
      245682
      245779
      245870
      245943
      245949
      246047
      246096
      246192
      246209
      246292
      246383
      246424
      246518
      246610
      246648
      246683
      246732
      246805
      246844
      246919
      246931
      246996
      247040
      247064
      247158
      247239
      247296
      247368
      247390
      247450
      247459
      247533
      247626
      247650
      247698
      247752
      247777
      247849
      247913
      247920
      248009
      248011
      248035
      248126
      248160
      248169
      248220
      248316
      248366
      248399
      248451
      248529
      248559
      248567
      248644
      248692
      248706
      248708
      248711
      248791
      248812
      248824
      248840
      248885
      248921
      249013
      249022
      249120
      249169
      249222
      249265
      249289
      249349
      249402
      249483
      249540
      249630
      249679
      249750
      249785
      249795
      249809
      249826
      249826
      249860
      249904
      249909
      249982
      250043
      250113
      250198
      250282
      250303
      250368
      250383
      250448
      250545
      250630
      250642
      250680
      250758
      250800
      250899
      250913
      250978
      251070
      251102
      251130
      251130
      251211
      251250
      251343
      251355
      251448
      251512
      251585
      251639
      251659
      251704
      251724
      251778
      251815
      251832
      251925
      251981
      252057
      252124
      252155
      252215
      252261
      252359
      252396
      252397
      252489
      252541
      252558
      252586
      252594
      252638
      252685
      252696
      252767
      252776
      252857
      252903
      252996
      253044
      253084
      253112
      253161
      253253
      253328
      253378
      253423
      253463
      253561
      253630
      253696
      253749
      253801
      253869
      253935
      253964
      253971
      254019
      254044
      254122
      254141
      254204
      254228
      254271
      254357
      254385
      254420
      254423
      254473
      254540
      254550
      254592
      254595
      254662
      254703
      254707
      254763
      254856
      254930
      254942
      254983
      255078
      255106
      255152
      255177
      255255
      255345
      255401
      255444
      255467
      255496
      255507
      255540
      255636
      255727
      255752
      255826
      255874
      255899
      255914
      255988
      255988
      255995
      256021
      256058
      256080
      256163
      256196
      256286
      256296
      256322
      256420
      256502
      256559
      256566
      256599
      256612
      256686
      256686
      256711
      256766
      256775
      256849
      256892
      256932
      256947
      257020
      257060
      257084
      257168
      257184
      257276
      257312
      257347
      257411
      257474
      257514
      257574
      257647
      257676
      257770
      257790
      257881
      257890
      257953
      257991
      258068
      258129
      258219
      258274
      258328
      258391
      258446
      258522
      258595
      258635
      258682
      258748
      258756
      258796
      258864
      258914
      258943
      259022
      259110
      259119
      259163
      259253
      259297
      259355
      259372
      259471
      259525
      259533
      259573
      259654
      259739
      259830
      259905
      259933
      259943
      260004
      260102
      260106
      260189
      260244
      260291
      260321
      260361
      260386
      260403
      260424
      260513
      260608
      260682
      260682
      260768
      260828
      260843
      260873
      260932
      261019
      261091
      261130
      261167
      261202
      261297
      261391
      261399
      261470
      261531
      261542
      261574
      261576
      261587
      261598
      261690
      261699
      261726
      261761
      261844
      261908
      262002
      262059
      262060
      262150
      262226
      262242
      262307
      262331
      262352
      262365
      262435
      262508
      262522
      262574
      262613
      262695
      262746
      262818
      262885
      262932
      262956
      263036
      263098
      263138
      263207
      263273
      263346
      263407
      263498
      263505
      263584
      263652
      263690
      263699
      263737
      263739
      263806
      263865
      263874
      263883
      263927
      263972
      264060
      264121
      264121
      264170
      264209
      264241
      264334
      264382
      264443
      264445
      264468
      264501
      264529
      264541
      264542
      264547
      264628
      264637
      264726
      264806
      264840
      264894
      264939
      264995
      265088
      265125
      265164
      265253
      265307
      265335
      265409
      265437
      265470
      265540
      265548
      265639
      265693
      265759
      265826
      265906
      265935
      265988
      266038
      266075
      266098
      266169
      266171
      266249
      266272
      266278
      266320
      266335
      266389
      266427
      266525
      266546
      266546
      266631
      266671
      266700
      266737
      266756
      266786
      266807
      266809
      266859
      266944
      267026
      267074
      267140
      267232
      267286
      267340
      267382
      267406
      267502
      267512
      267518
      267542
      267556
      267625
      267647
      267662
      267725
      267789
      267837
      267885
      267936
      267986
      268000
      268038
      268088
      268163
      268192
      268197
      268286
      268311
      268352
      268428
      268462
      268543
      268562
      268653
      268718
      268784
      268822
      268891
      268919
      268934
      268953
      269029
      269090
      269170
      269184
      269186
      269187
      269206
      269234
      269238
      269310
      269319
      269409
      269422
      269491
      269544
      269547
      269581
      269636
      269696
      269781
      269844
      269922
      269933
      269970
      270016
      270074
      270122
      270205
      270231
      270320
      270411
      270419
      270494
      270519
      270575
      270664
      270673
      270763
      270770
      270840
      270894
      270941
      270966
      271050
      271065
      271100
      271178
      271204
      271246
      271306
      271338
      271410
      271508
      271518
      271521
      271544
      271592
      271612
      271658
      271727
      271785
      271806
      271815
      271894
      271962
      271998
      272080
      272174
      272230
      272268
      272334
      272422
      272449
      272469
      272488
      272583
