          11
          66
          73
          75
         147
         181
         280
         358
         364
         384
         482
         517
         578
         647
         689
         713
         788
         808
         835
         912
         917
         929
        1000
        1025
        1103
        1137
        1204
        1297
        1382
        1431
        1454
        1515
        1538
        1554
        1555
        1560
        1630
        1703
        1789
        1840
        1888
        1978
        2041
        2063
        2139
        2212
        2308
        2347
        2389
        2486
        2557
        2624
        2672
        2718
        2747
        2790
        2831
        2851
        2920
        2982
        3013
        3061
        3150
        3159
        3221
        3247
        3250
        3295
        3393
        3453
        3462
        3559
        3641
        3660
        3726
        3744
        3800
        3847
        3900
        3901
        3969
        4000
        4032
        4072
        4140
        4185
        4276
        4301
        4351
        4366
        4428
        4471
        4545
        4636
        4654
        4732
        4774
        4840
        4893
        4973
        5044
        5060
        5134
        5226
        5322
        5374
        5438
        5457
        5522
        5579
        5597
        5601
        5672
        5705
        5803
        5849
        5917
        5944
        6040
        6086
        6128
        6187
        6246
        6340
        6346
        6371
        6459
        6511
        6605
        6654
        6711
        6753
        6851
        6872
        6959
        7031
        7055
        7153
        7230
        7315
        7376
        7379
        7411
        7465
        7481
        7539
        7607
        7689
        7755
        7831
        7835
        7877
        7884
        7934
        8028
        8065
        8136
        8232
        8322
        8386
        8474
        8474
        8505
        8579
        8607
        8625
        8701
        8701
        8721
        8782
        8788
        8811
        8880
        8899
        8965
        9017
        9032
        9054
        9109
        9109
        9112
        9167
        9250
        9298
        9338
        9401
        9410
        9480
        9557
        9606
        9682
        9758
        9849
        9878
        9937
        9938
        9947
        9982
       10050
       10075
       10124
       10217
       10312
       10388
       10393
       10483
       10565
       10612
       10630
       10686
       10702
       10705
       10715
       10809
       10856
       10900
       10958
       11016
       11079
       11093
       11154
       11169
       11191
       11258
       11304
       11402
       11425
       11508
       11528
       11529
       11529
       11613
       11650
       11716
       11773
       11864
       11942
       11951
       11965
       12046
       12047
       12114
       12197
       12287
       12287
       12340
       12416
       12484
       12550
       12631
       12686
       12730
       12785
       12824
       12883
       12982
       13000
       13052
       13120
       13135
       13201
       13294
       13360
       13394
       13440
       13480
       13546
       13612
       13663
       13679
       13766
       13779
       13868
       13884
       13942
       13957
       13977
       13989
       14021
       14025
       14111
       14128
       14140
       14176
       14181
       14224
       14231
       14264
       14298
       14310
       14328
       14416
       14461
       14538
       14573
       14620
       14682
       14688
       14757
       14766
       14798
       14896
       14932
       15012
       15059
       15142
       15216
       15231
       15252
       15294
       15309
       15361
       15408
       15422
       15447
       15484
       15507
       15508
       15553
       15587
       15664
       15723
       15758
       15785
       15817
       15854
       15953
       15954
       16008
       16013
       16098
       16099
       16147
       16220
       16252
       16286
       16372
       16429
       16435
       16530
       16552
       16619
       16704
       16714
       16778
       16813
       16902
       16952
       16983
       17005
       17093
       17179
       17264
       17342
       17382
       17390
       17446
       17486
       17543
       17562
       17613
       17678
       17767
       17838
       17934
       17997
       18059
       18063
       18162
       18241
       18329
       18422
       18494
       18505
       18600
       18644
       18663
       18761
       18856
       18907
       18968
       18987
       19072
       19113
       19135
       19146
       19197
       19269
       19338
       19408
       19428
       19495
       19508
       19522
       19546
       19635
       19700
       19729
       19803
       19885
       19896
       19976
       20039
       20069
       20087
       20146
       20200
       20200
       20280
       20281
       20368
       20442
       20493
       20585
       20614
       20635
       20707
       20748
       20832
       20884
       20949
       20977
       21004
       21068
       21109
       21174
       21256
       21323
       21378
       21440
       21504
       21575
       21609
       21655
       21710
       21714
       21727
       21816
       21833
       21917
       21990
       22028
       22061
       22140
       22180
       22183
       22214
       22254
       22290
       22382
       22445
       22488
       22542
       22589
       22622
       22651
       22670
       22691
       22693
       22780
       22858
       22919
       22968
       23002
       23044
       23059
       23128
       23206
       23215
       23255
       23349
       23447
       23470
       23496
       23496
       23538
       23612
       23685
       23716
       23750
       23752
       23787
       23789
       23815
       23833
       23863
       23897
       23975
       24010
       24054
       24096
       24134
       24224
       24270
       24344
       24402
       24469
       24499
       24520
       24547
       24574
       24602
       24634
       24682
       24701
       24743
       24758
       24776
       24825
       24840
       24887
       24925
       24993
       24997
       25055
       25083
       25125
       25138
       25145
       25206
       25225
       25272
       25295
       25359
       25417
       25420
       25471
       25563
       25600
       25613
       25616
       25683
       25764
       25779
       25820
       25859
       25924
       25995
       26017
       26043
       26060
       26152
       26214
       26278
       26366
       26447
       26519
       26581
       26676
       26748
       26792
       26816
       26876
       26934
       26945
       27041
       27062
       27086
       27151
       27176
       27230
       27252
       27294
       27346
       27404
       27456
       27507
       27582
       27656
       27744
       27792
       27854
       27944
       28004
       28040
       28062
       28125
       28163
       28243
       28270
       28335
       28357
       28422
       28450
       28455
       28537
       28592
       28658
       28737
       28752
       28781
       28869
       28927
       28998
       29015
       29024
       29059
       29108
       29112
       29162
       29180
       29268
       29291
       29319
       29398
       29454
       29458
       29516
       29575
       29595
       29682
       29778
       29860
       29920
       29968
       30050
       30073
       30143
       30225
       30274
       30359
       30451
       30472
       30551
       30581
       30591
       30603
       30682
       30734
       30752
       30811
       30903
       30951
       30979
       31008
       31056
       31094
       31122
       31138
       31183
       31269
       31329
       31373
       31390
       31432
       31499
       31591
       31598
       31645
       31646
       31659
       31729
       31785
       31789
       31839
       31932
       32004
       32070
       32080
       32168
       32237
       32287
       32374
       32441
       32475
       32544
       32589
       32640
       32690
       32721
       32775
       32847
       32853
       32869
       32948
       32966
       33015
       33111
       33209
       33239
       33270
       33298
       33376
       33410
       33505
       33581
       33656
       33717
       33780
       33878
       33974
       33992
       34009
       34099
       34128
       34161
       34192
       34219
       34268
       34279
       34300
       34347
       34446
       34486
       34489
       34587
       34658
       34728
       34762
       34779
       34843
       34863
       34951
       35022
       35051
       35084
       35104
       35143
       35217
       35294
       35349
       35386
       35483
       35510
       35521
       35547
       35560
       35644
       35657
       35721
       35779
       35826
       35913
       35966
       36055
       36076
       36172
       36239
       36308
       36310
       36407
       36459
       36523
       36545
       36606
       36703
       36793
       36819
       36852
       36921
       37000
       37042
       37093
       37180
       37252
       37351
       37404
       37488
       37517
       37602
       37653
       37740
       37813
       37864
       37876
       37902
       37946
       37946
       37959
       37982
       38057
       38073
       38080
       38162
       38230
       38326
       38384
       38399
       38464
       38511
       38593
       38681
       38689
       38689
       38715
       38720
       38795
       38836
       38872
       38884
       38958
       39005
       39085
       39184
       39214
       39233
       39303
       39340
       39367
       39434
       39502
       39522
       39585
       39660
       39727
       39762
       39840
       39902
       39924
       39978
       40022
       40032
       40050
       40111
       40115
       40131
       40192
       40273
       40317
       40390
       40440
       40474
       40500
       40517
       40538
       40567
       40645
       40688
       40717
       40775
       40869
       40905
       40915
       40993
       41021
       41073
       41132
       41179
       41209
       41258
       41262
       41306
       41336
       41342
       41423
       41517
       41531
       41564
       41585
       41629
       41668
       41740
       41753
       41779
       41797
       41802
       41820
       41849
       41868
       41939
       41948
       41993
       42075
       42127
       42216
       42237
       42240
       42265
       42356
       42386
       42417
       42467
       42474
       42516
       42543
       42569
       42599
       42635
       42716
       42778
       42819
       42878
       42894
       42986
       43061
       43068
       43071
       43140
       43208
       43299
       43327
       43416
       43424
       43435
       43525
       43613
       43708
       43782
       43865
       43910
       43994
       44046
       44124
       44221
       44277
       44299
       44382
       44429
       44503
       44549
       44581
       44606
       44609
       44666
       44673
       44742
       44805
       44849
       44861
       44892
       44912
       44948
       44991
       45056
       45103
       45141
       45181
       45194
       45275
       45373
       45469
       45472
       45555
       45648
       45722
       45724
       45771
       45828
       45851
       45885
       45910
       45950
       45968
       45990
       46072
       46119
       46147
       46148
       46153
       46228
       46282
       46321
       46342
       46392
       46464
       46466
       46479
       46485
       46501
       46523
       46527
       46585
       46641
       46731
       46791
       46886
       46970
       47015
       47055
       47077
       47153
       47231
       47271
       47308
       47373
       47462
       47483
       47549
       47646
       47741
       47770
       47786
       47863
       47946
       48009
       48012
       48059
       48152
       48229
       48264
       48265
       48276
       48298
       48358
       48390
       48399
       48445
       48465
       48482
       48495
       48576
       48669
       48727
       48758
       48838
       48889
       48929
       49023
       49054
       49130
       49148
       49159
       49196
       49278
       49291
       49379
       49461
       49506
       49510
       49560
       49641
       49677
       49681
       49763
       49824
       49897
       49984
       50026
       50113
       50150
       50249
       50330
       50404
       50416
       50494
       50569
       50580
       50645
       50714
       50799
       50864
       50881
       50948
       50957
       50983
       51056
       51102
       51137
       51167
       51180
       51231
       51274
       51307
       51380
       51471
       51471
       51507
       51565
       51640
       51698
       51719
       51802
       51857
       51863
       51941
       52021
       52075
       52128
       52188
       52260
       52269
       52285
       52336
       52344
       52359
       52438
       52484
       52547
       52637
       52716
       52742
       52762
       52804
       52889
       52967
       53059
       53158
       53162
       53181
       53186
       53216
       53296
       53331
       53331
       53332
       53335
       53341
       53371
       53450
       53548
       53591
       53603
       53657
       53729
       53740
       53789
       53836
       53876
       53959
       53970
       54029
       54081
       54086
       54104
       54153
       54160
       54249
       54300
       54373
       54410
       54483
       54486
       54581
       54642
       54679
       54679
       54742
       54812
       54831
       54887
       54902
       54961
       55040
       55102
       55102
       55146
       55221
       55263
       55307
       55322
       55357
       55404
       55488
       55571
       55597
       55630
       55691
       55718
       55816
       55869
       55881
       55957
       55963
       55968
       56039
       56086
       56132
       56183
       56202
       56249
       56322
       56372
       56429
       56496
       56531
       56628
       56716
       56775
       56830
       56859
       56888
       56899
       56911
       56912
       56997
       57012
       57073
       57144
       57237
       57314
       57343
       57392
       57437
       57450
       57503
       57568
       57604
       57669
       57743
       57781
       57785
       57840
       57908
       57939
       58029
       58076
       58156
       58177
       58248
       58347
       58400
       58451
       58453
       58523
       58614
       58662
       58662
       58708
       58791
       58802
       58885
       58893
       58913
       58945
       58945
       59041
       59106
       59129
       59150
       59185
       59203
       59281
       59371
       59426
       59492
       59552
       59558
       59634
       59712
       59783
       59830
       59883
       59929
       60001
       60091
       60121
       60174
       60224
       60225
       60277
       60279
       60360
       60435
       60528
       60536
       60572
       60649
       60718
       60761
       60771
       60776
       60833
       60886
       60972
       61003
       61075
       61167
       61171
       61214
       61294
       61355
       61405
       61493
       61536
       61634
       61692
       61782
       61852
       61890
       61963
       62010
       62063
       62130
       62143
       62180
       62278
       62346
       62371
       62465
       62515
       62597
       62651
       62696
       62730
       62793
       62881
       62969
       62999
       63038
       63101
       63117
       63165
       63180
       63233
       63284
       63340
       63416
       63481
       63573
       63632
       63679
       63704
       63763
       63803
       63829
       63885
       63895
       63994
       64022
       64041
       64077
       64134
       64173
       64257
       64274
       64338
       64384
       64454
       64538
       64566
       64610
       64696
       64733
       64783
       64859
       64876
       64891
       64933
       64941
       65036
       65041
       65049
       65094
       65172
       65190
       65236
       65272
       65272
       65357
       65448
       65500
       65535
       65634
       65691
       65724
       65813
       65816
       65881
       65919
       65965
       66032
       66093
       66096
       66187
       66241
       66303
       66361
       66402
       66419
       66474
       66544
       66600
       66631
       66699
       66766
       66843
       66915
       66943
       66992
       67031
       67121
       67125
       67204
       67247
       67333
       67418
       67476
       67495
       67502
       67581
       67650
       67701
       67766
       67857
       67932
       67964
       68041
       68075
       68093
       68108
       68145
       68155
       68216
       68276
       68352
       68436
       68437
       68440
       68527
       68565
       68580
       68591
       68650
       68688
       68697
       68747
       68778
       68833
       68921
       68976
       68985
       69036
       69048
       69106
       69167
       69169
       69240
       69290
       69312
       69410
       69412
       69494
       69494
       69548
       69615
       69668
       69672
       69716
       69784
       69833
       69910
       69969
       70066
       70079
       70166
       70264
       70277
       70337
       70417
       70513
       70595
       70617
       70666
       70751
       70828
       70921
       70966
       70973
       70989
       71030
       71081
       71167
       71219
       71221
       71230
       71241
       71307
       71322
       71401
       71458
       71540
       71637
       71701
       71731
       71806
       71871
       71883
       71904
       71904
       71922
       72018
       72106
       72157
       72190
       72257
       72346
       72421
       72481
       72560
       72642
       72709
       72728
       72817
       72841
       72878
       72970
       73021
       73068
       73101
       73130
       73227
       73315
       73346
       73420
       73504
       73567
       73644
       73739
       73776
       73864
       73891
       73954
       73968
       74003
       74011
       74050
       74100
       74197
       74249
       74277
       74325
       74325
       74328
       74358
       74371
       74396
       74490
       74578
       74667
       74682
       74745
       74759
       74830
       74870
       74875
       74946
       74968
       74971
       75029
       75053
       75097
       75123
       75183
       75241
       75264
       75345
       75392
       75397
       75436
       75438
       75525
       75623
       75637
       75718
       75744
       75799
       75884
       75977
       76022
       76081
       76127
       76136
       76198
       76243
       76292
       76366
       76431
       76433
       76480
       76571
       76571
       76666
       76749
       76812
       76824
       76832
       76895
       76920
       76996
       77018
       77027
       77036
       77131
       77180
       77215
       77280
       77373
       77469
       77519
       77586
       77611
       77691
       77748
       77824
       77915
       77963
       77969
       78017
       78100
       78181
       78244
       78325
       78381
       78420
       78420
       78501
       78528
       78562
       78634
       78638
       78649
       78728
       78746
       78797
       78851
       78872
       78913
       78988
       79026
       79049
       79102
       79162
       79240
       79325
       79339
       79404
       79424
       79509
       79542
       79624
       79717
       79758
       79773
       79793
       79798
       79834
       79909
       79934
       80012
       80104
       80129
       80214
       80256
       80320
       80354
       80415
       80471
       80499
       80553
       80601
       80657
       80685
       80692
       80790
       80796
       80886
       80915
       80941
       80974
       81057
       81095
       81145
       81206
       81229
       81291
       81360
       81366
       81370
       81403
       81459
       81508
       81587
       81672
       81698
       81726
       81740
       81756
       81757
       81819
       81844
       81890
       81925
       81954
       81991
       82062
       82114
       82162
       82214
       82229
       82231
       82312
       82354
       82362
       82385
       82444
       82512
       82556
       82623
       82699
       82746
       82765
       82812
       82894
       82962
       82970
       82995
       83005
       83036
       83089
       83187
       83246
       83280
       83291
       83388
       83451
       83466
       83497
       83526
       83543
       83543
       83583
       83681
       83723
       83731
       83810
       83850
       83932
       83997
       84013
       84053
       84139
       84160
       84180
       84260
       84278
       84316
       84324
       84407
       84411
       84455
       84502
       84601
       84689
       84768
       84793
       84871
       84891
       84942
       84951
       84999
       85079
       85176
       85194
       85220
       85272
       85288
       85341
       85383
       85475
       85484
       85506
       85569
       85653
       85684
       85702
       85721
       85803
       85892
       85906
       85933
       85976
       86043
       86046
       86120
       86175
       86240
       86333
       86416
       86433
       86520
       86540
       86569
       86647
       86742
       86809
       86812
       86819
       86895
       86978
       87038
       87129
       87132
       87214
       87222
       87237
       87248
       87330
       87425
       87480
       87538
       87618
       87666
       87726
       87772
       87794
       87846
       87930
       87971
       87987
       88081
       88086
       88119
       88193
       88222
       88247
       88323
       88418
       88490
       88523
       88562
       88620
       88676
       88740
       88830
       88900
       88922
       88970
       89008
       89027
       89038
       89087
       89144
       89222
       89291
       89311
       89409
       89470
       89492
       89531
       89615
       89634
       89640
       89675
       89740
       89821
       89835
       89901
       89995
       90037
       90079
       90153
       90240
       90339
       90354
       90371
       90415
       90514
       90549
       90554
       90639
       90723
       90729
       90733
       90818
       90854
       90935
       90996
       91023
       91064
       91074
       91076
       91170
       91232
       91288
       91373
       91428
       91483
       91521
       91609
       91635
       91640
       91733
       91788
       91841
       91842
       91937
       91990
       92034
       92100
       92179
       92204
       92224
       92246
       92255
       92308
       92343
       92427
       92442
       92486
       92524
       92597
       92663
       92762
       92855
       92874
       92879
       92978
       93002
       93041
       93079
       93092
       93183
       93188
       93211
       93232
       93300
       93389
       93389
       93391
       93436
       93522
       93598
       93654
       93707
       93803
       93854
       93937
       94000
       94000
       94075
       94125
       94154
       94215
       94252
       94264
       94358
       94410
       94426
       94435
       94492
       94512
       94580
       94678
       94741
       94782
       94803
       94878
       94885
       94893
       94909
       94975
       95044
       95051
       95114
       95165
       95210
       95218
       95242
       95247
       95270
       95282
       95355
       95440
       95510
       95582
       95590
       95664
       95683
       95700
       95770
       95799
       95847
       95887
       95933
       95958
       96056
       96109
       96129
       96164
       96209
       96239
       96254
       96277
       96316
       96318
       96406
       96463
       96490
       96526
       96610
       96653
       96666
       96698
       96699
       96768
       96797
       96830
       96876
       96964
       97029
       97076
       97090
       97157
       97202
       97285
       97308
       97318
       97376
       97437
       97517
       97567
       97651
       97717
       97805
       97855
       97857
       97905
       98000
       98092
       98156
       98192
       98203
       98300
       98330
       98395
       98415
       98504
       98534
       98622
       98654
       98664
       98701
       98788
       98882
       98958
       98998
       99025
       99106
       99109
       99184
       99223
       99264
       99356
       99447
       99488
       99585
       99633
       99686
       99715
       99732
       99818
       99820
       99829
       99878
       99921
       99954
      100000
      100059
      100158
      100214
      100285
      100290
      100322
      100366
      100450
      100464
      100544
      100612
      100676
      100769
      100825
      100849
      100916
      100994
      101085
      101157
      101246
      101314
      101363
      101383
      101457
      101532
      101575
      101665
      101736
      101802
      101884
      101949
      102019
      102057
      102098
      102159
      102175
      102267
      102313
      102376
      102398
      102495
      102505
      102531
      102572
      102597
      102625
      102721
      102761
      102790
      102889
      102976
      103060
      103065
      103158
      103240
      103319
      103404
      103422
      103491
      103582
      103627
      103636
      103638
      103724
      103802
      103871
      103886
      103937
      103974
      104033
      104089
      104131
      104195
      104236
      104255
      104295
      104342
      104363
      104426
      104481
      104505
      104601
      104623
      104623
      104643
      104662
      104732
      104762
      104826
      104902
      104912
      104946
      104966
      105046
      105144
      105202
      105249
      105301
      105353
      105421
      105496
      105537
      105620
      105642
      105733
      105802
      105822
      105845
      105921
      105967
      106041
      106119
      106185
      106263
      106348
      106434
      106497
      106569
      106569
      106596
      106608
      106696
      106704
      106801
      106879
      106962
      106970
      107025
      107046
      107081
      107157
      107237
      107312
      107329
      107335
      107393
      107405
      107490
      107560
      107589
      107673
      107695
      107779
      107837
      107913
      107950
      107999
      108008
      108095
      108113
      108165
      108221
      108301
      108340
      108405
      108487
      108495
      108526
      108602
      108644
      108720
      108803
      108814
      108827
      108856
      108929
      108992
      109010
      109036
      109048
      109147
      109175
      109267
      109337
      109342
      109372
      109438
      109470
      109506
      109541
      109634
      109671
      109765
      109810
      109858
      109912
      109938
      109947
      110043
      110078
      110155
      110219
      110231
      110318
      110359
      110397
      110466
      110514
      110581
      110607
      110694
      110726
      110783
      110805
      110817
      110896
      110920
      110922
      110990
      111060
      111136
      111139
      111177
      111198
      111261
      111335
      111398
      111436
      111452
      111534
      111590
      111608
      111677
      111762
      111780
      111853
      111941
      111948
      112045
      112085
      112130
      112203
      112205
      112253
      112265
      112271
      112356
      112418
      112480
      112504
      112529
      112618
      112717
      112783
      112826
      112838
      112905
      113002
      113015
      113061
      113131
      113192
      113243
      113314
      113397
      113494
      113568
      113593
      113679
      113698
      113737
      113805
      113858
      113952
      113975
      114069
      114078
      114105
      114160
      114182
      114250
      114298
      114347
      114406
      114487
      114506
      114563
      114652
      114735
      114796
      114882
      114940
      115013
      115084
      115146
      115153
      115193
      115204
      115256
      115280
      115335
      115375
      115392
      115451
      115516
      115551
      115566
      115647
      115705
      115772
      115833
      115927
      115944
      115981
      116016
      116023
      116047
      116076
      116152
      116200
      116221
      116289
      116360
      116446
      116521
      116551
      116596
      116675
      116710
      116714
      116741
      116790
      116874
      116883
      116936
      116982
      117020
      117081
      117132
      117146
      117216
      117234
      117269
      117348
      117353
      117416
      117484
      117504
      117510
      117510
      117585
      117674
      117714
      117764
      117835
      117843
      117882
      117950
      117982
      118076
      118166
      118256
      118280
      118325
      118390
      118478
      118501
      118585
      118638
      118676
      118717
      118719
      118722
      118738
      118757
      118856
      118902
      118975
      118996
      119016
      119046
      119116
      119143
      119173
      119178
      119274
      119368
      119411
      119488
      119558
      119576
      119649
      119652
      119749
      119769
      119793
      119846
      119920
      119959
      120003
      120041
      120044
      120087
      120103
      120159
      120218
      120295
      120339
      120347
      120397
      120400
      120415
      120453
      120475
      120519
      120592
      120662
      120721
      120727
      120727
      120787
      120787
      120842
      120938
      121031
      121104
      121152
      121169
      121192
      121194
      121285
      121384
      121477
      121550
      121557
      121613
      121640
      121690
      121765
      121805
      121828
      121841
      121870
      121890
      121909
      121937
      121969
      122060
      122100
      122193
      122263
      122341
      122372
      122453
      122488
      122492
      122583
      122631
      122633
      122717
      122782
      122822
      122844
      122861
      122932
      122969
      122990
      123027
      123114
      123187
      123248
      123334
      123406
      123417
      123468
      123555
      123582
      123634
      123647
      123715
      123723
      123797
      123868
      123941
      124003
      124053
      124106
      124181
      124212
      124309
      124370
      124449
      124523
      124610
      124621
      124670
      124733
      124829
      124899
      124961
      124981
      125000
      125001
      125003
      125047
      125145
      125231
      125279
      125317
      125354
      125444
      125458
      125506
      125571
      125591
      125680
      125696
      125779
      125804
      125881
      125969
      126030
      126082
      126164
      126257
      126265
      126272
      126292
      126339
      126435
      126460
      126540
      126558
      126567
      126616
      126639
      126650
      126730
      126828
      126832
      126865
      126921
      126939
      126972
      126994
      127017
      127109
      127171
      127264
      127308
      127335
      127349
      127423
      127441
      127538
      127599
      127600
      127618
      127712
      127766
      127862
      127867
      127877
      127908
      127948
      127975
      128028
      128052
      128079
      128109
      128155
      128196
      128246
      128312
      128398
      128417
      128475
      128572
      128598
      128677
      128723
      128727
      128736
      128828
      128853
      128878
      128899
      128949
      129040
      129139
      129218
      129308
      129353
      129417
      129424
      129509
      129521
      129529
      129603
      129625
      129672
      129753
      129787
      129857
      129956
      129993
      130042
      130133
      130156
      130191
      130225
      130263
      130350
      130376
      130466
      130483
      130576
      130638
      130728
      130737
      130758
      130782
      130801
      130804
      130880
      130928
      130986
      131020
      131022
      131088
      131160
      131183
      131272
      131339
      131373
      131396
      131414
      131505
      131511
      131600
      131698
      131742
      131765
      131803
      131902
      131920
      131984
      131984
      132016
      132075
      132170
      132178
      132272
      132273
      132367
      132367
      132387
      132396
      132467
      132481
      132489
      132564
      132619
      132711
      132745
      132803
      132884
      132968
      133019
      133051
      133111
      133151
      133245
      133324
      133405
      133407
      133411
      133438
      133471
      133543
      133571
      133588
      133592
      133611
      133699
      133777
      133801
      133884
      133956
      133981
      134056
      134124
      134142
      134205
      134255
      134298
      134356
      134362
      134389
      134405
      134463
      134540
      134604
      134663
      134729
      134786
      134839
      134860
      134899
      134944
      134948
      134948
      134989
      135034
      135049
      135070
      135074
      135153
      135153
      135189
      135191
      135192
      135200
      135241
      135279
      135299
      135332
      135359
      135426
      135466
      135565
      135572
      135607
      135685
      135767
      135789
      135848
      135900
      135991
      136007
      136085
      136100
      136139
      136161
      136257
      136295
      136302
      136342
      136429
      136510
      136542
      136544
      136583
      136629
      136725
      136805
      136835
      136847
      136848
      136901
      136975
      137001
      137006
      137100
      137109
      137148
      137214
      137261
      137271
      137289
      137346
      137348
      137413
      137460
      137525
      137543
      137634
      137672
      137744
      137778
      137873
      137925
      137970
      137987
      138013
      138106
      138174
      138234
      138286
      138380
      138417
      138495
      138571
      138647
      138728
      138793
      138879
      138936
      139035
      139131
      139220
      139261
      139289
      139342
      139342
      139361
      139446
      139528
      139569
      139655
      139725
      139752
      139815
      139905
      139932
      140023
      140086
      140144
      140207
      140215
      140222
      140310
      140341
      140407
      140470
      140530
      140573
      140608
      140694
      140694
      140740
      140758
      140842
      140895
      140932
      140976
      141032
      141039
      141085
      141167
      141187
      141245
      141289
      141365
      141445
      141536
      141593
      141666
      141687
      141696
      141786
      141849
      141925
      141953
      142051
      142075
      142121
      142194
      142205
      142253
      142307
      142396
      142414
      142475
      142475
      142560
      142654
      142751
      142843
      142942
      143018
      143102
      143116
      143169
      143227
      143244
      143302
      143310
      143310
      143349
      143396
      143451
      143467
      143535
      143613
      143672
      143754
      143814
      143865
      143871
      143878
      143882
      143975
      144039
      144060
      144133
      144202
      144207
      144265
      144294
      144312
      144314
      144330
      144397
      144465
      144520
      144602
      144610
      144630
      144642
      144667
      144704
      144718
      144754
      144845
      144897
      144948
      145001
      145081
      145174
      145212
      145303
      145343
      145363
      145448
      145460
      145553
      145622
      145656
      145658
      145729
      145819
      145828
      145860
      145891
      145900
      145934
      146029
      146075
      146153
      146224
      146272
      146346
      146411
      146493
      146507
      146560
      146658
      146701
      146711
      146749
      146766
      146836
      146904
      146987
      147073
      147157
      147214
      147215
      147237
      147272
      147331
      147380
      147430
      147511
      147576
      147647
      147677
      147679
      147684
      147762
      147789
      147821
      147898
      147929
      147930
      148029
      148048
      148049
      148070
      148142
      148172
      148222
      148226
      148314
      148393
      148429
      148475
      148540
      148584
      148619
      148626
      148657
      148706
      148734
      148734
      148815
      148876
      148963
      149043
      149080
      149103
      149113
      149128
      149147
      149169
      149241
      149245
      149337
      149377
      149475
      149519
      149609
      149613
      149613
      149631
      149661
      149668
      149668
      149693
      149767
      149803
      149880
      149926
      149966
      150007
      150049
      150129
      150192
      150254
      150349
      150437
      150518
      150584
      150600
      150655
      150750
      150770
      150861
      150914
      151011
      151102
      151164
      151257
      151270
      151336
      151343
      151345
      151359
      151415
      151490
      151497
      151553
      151560
      151590
      151688
      151785
      151860
      151917
      151922
      151947
      151990
      152054
      152061
      152144
      152155
      152226
      152283
      152371
      152373
      152447
      152534
      152609
      152694
      152707
      152799
      152816
      152888
      152971
      153041
      153069
      153122
      153185
      153186
      153214
      153275
      153276
      153353
      153382
      153409
      153473
      153546
      153622
      153675
      153721
      153744
      153832
      153881
      153950
      154024
      154027
      154073
      154106
      154179
      154183
      154199
      154280
      154324
      154392
      154449
      154489
      154543
      154562
      154565
      154573
      154608
      154678
      154710
      154714
      154723
      154798
      154820
      154838
      154936
      155023
      155105
      155163
      155239
      155310
      155405
      155422
      155461
      155506
      155599
      155635
      155654
      155678
      155765
      155782
      155842
      155915
      155944
      156015
      156035
      156047
      156047
      156133
      156148
      156197
      156216
      156308
      156346
      156358
      156404
      156449
      156486
      156556
      156565
      156603
      156651
      156714
      156762
      156770
      156797
      156836
      156905
      156947
      157035
      157035
      157046
      157098
      157128
      157204
      157252
      157299
      157387
      157411
      157455
      157480
      157503
      157533
      157605
      157654
      157655
      157701
      157766
      157810
      157878
      157974
      157989
      158006
      158035
      158103
      158121
      158148
      158201
      158291
      158314
      158351
      158424
      158507
      158569
      158611
      158703
      158757
      158808
      158890
      158946
      159010
      159089
      159185
      159243
      159303
      159373
      159410
      159452
      159456
      159507
      159582
      159620
      159620
      159710
      159743
      159763
      159797
      159885
      159976
      160040
      160125
      160152
      160238
      160260
      160350
      160365
      160370
      160458
      160522
      160567
      160604
      160616
      160623
      160664
      160671
      160741
      160755
      160834
      160846
      160856
      160919
      160967
      161017
      161105
      161187
      161209
      161281
      161377
      161402
      161466
      161531
      161578
      161634
      161685
      161701
      161743
      161831
      161902
      161922
      161944
      161947
      161976
      162044
      162056
      162145
      162181
      162224
      162294
      162306
      162399
      162469
      162566
      162583
      162653
      162722
      162803
      162889
      162950
      163002
      163023
      163063
      163076
      163134
      163137
      163187
      163250
      163285
      163316
      163364
      163383
      163431
      163515
      163530
      163591
      163591
      163659
      163688
      163759
      163838
      163846
      163934
      163981
      163992
      164070
      164158
      164217
      164269
      164346
      164371
      164372
      164442
      164536
      164550
      164593
      164659
      164690
      164737
      164797
      164869
      164894
      164947
      165034
      165129
      165159
      165239
      165296
      165309
      165313
      165348
      165379
      165460
      165550
      165593
      165613
      165683
      165760
      165769
      165772
      165796
      165809
      165880
      165912
      165921
      165944
      166039
      166054
      166109
      166189
      166281
      166288
      166336
      166364
      166401
      166449
      166495
      166581
      166671
      166684
      166707
      166732
      166763
      166786
      166820
      166836
      166888
      166934
      166949
      166985
      167082
      167126
      167225
      167228
      167270
      167297
      167351
      167415
      167440
      167535
      167542
      167590
      167613
      167707
      167771
      167778
      167811
      167831
      167907
      167949
      168003
      168031
      168075
      168091
      168140
      168215
      168242
      168253
      168336
      168368
      168453
      168455
      168504
      168582
      168624
      168686
      168772
      168869
      168878
      168955
      169038
      169092
      169169
      169217
      169289
      169293
      169318
      169346
      169418
      169477
      169504
      169584
      169586
      169587
      169648
      169734
      169755
      169821
      169861
      169868
      169952
      170001
      170092
      170093
      170120
      170156
      170243
      170269
      170352
      170426
      170475
      170492
      170559
      170626
      170723
      170808
      170875
      170954
      170981
      171001
      171056
      171149
      171189
      171288
      171318
      171387
      171448
      171491
      171581
      171644
      171739
      171807
      171876
      171951
      171984
      172013
      172095
      172186
      172210
      172271
      172280
      172377
      172450
      172523
      172609
      172616
      172625
      172668
      172676
      172711
      172795
      172886
      172935
      172947
      173023
      173072
      173107
      173132
      173154
      173186
      173245
      173310
      173314
      173327
      173389
      173394
      173448
      173497
      173564
      173579
      173623
      173628
      173704
      173800
      173888
      173935
      174021
      174037
      174080
      174095
      174185
      174221
      174299
      174378
      174457
      174495
      174516
      174546
      174572
      174585
      174642
      174732
      174799
      174832
      174915
      174972
      174997
      175088
      175144
      175221
      175302
      175361
      175460
      175522
      175545
      175577
      175637
      175648
      175693
      175719
      175741
      175807
      175813
      175883
      175954
      175970
      176019
      176064
      176112
      176187
      176265
      176347
      176368
      176371
      176416
      176503
      176531
      176537
      176542
      176582
      176651
      176745
      176745
      176833
      176854
      176898
      176948
      177028
      177113
      177200
      177239
      177242
      177302
      177364
      177389
      177419
      177472
      177501
      177543
      177568
      177619
      177705
      177760
      177772
      177786
      177842
      177886
      177949
      178033
      178109
      178158
      178190
      178206
      178290
      178333
      178372
      178428
      178510
      178517
      178548
      178641
      178662
      178714
      178785
      178857
      178889
      178949
      179047
      179082
      179137
      179233
      179283
      179353
      179428
      179515
      179582
      179618
      179693
      179712
      179738
      179825
      179909
      179956
      179985
      180016
      180064
      180115
      180128
      180146
      180167
      180266
      180306
      180354
      180367
      180430
      180493
      180524
      180547
      180569
      180635
      180723
      180783
      180829
      180864
      180911
      180944
      180977
      181071
      181106
      181197
      181278
      181355
      181431
      181505
      181560
      181607
      181686
      181771
      181824
      181883
      181968
      182032
      182088
      182175
      182247
      182297
      182339
      182435
      182496
      182561
      182645
      182676
      182754
      182788
      182789
      182858
      182859
      182890
      182945
      183044
      183141
      183163
      183186
      183250
      183282
      183379
      183431
      183512
      183602
      183673
      183733
      183806
      183901
      183921
      183987
      184046
      184053
      184077
      184109
      184171
      184255
      184291
      184339
      184423
      184433
      184452
      184530
      184534
      184570
      184669
      184701
      184779
      184844
      184898
      184993
      185081
      185089
      185170
      185262
      185292
      185364
      185394
      185478
      185519
      185611
      185688
      185701
      185756
      185804
      185836
      185923
      185938
      185963
      186061
      186099
      186159
      186198
      186291
      186308
      186337
      186381
      186472
      186511
      186595
      186667
      186688
      186702
      186709
      186757
      186833
      186846
      186885
      186918
      186956
      186987
      187054
      187084
      187167
      187169
      187211
      187289
      187355
      187443
      187514
      187542
      187594
      187636
      187697
      187719
      187751
      187794
      187867
      187914
      187967
      188013
      188093
      188125
      188149
      188164
      188170
      188225
      188307
      188365
      188413
      188474
      188552
      188565
      188616
      188662
      188698
      188701
      188758
      188774
      188844
      188912
      189010
      189108
      189161
      189206
      189253
      189313
      189387
      189421
      189466
      189502
      189505
      189543
      189578
      189638
      189661
      189727
      189813
      189821
      189903
      189910
      189988
      190015
      190098
      190169
      190199
      190273
      190355
      190400
      190459
      190459
      190473
      190556
      190649
      190706
      190746
      190746
      190776
      190853
      190858
      190858
      190906
      190924
      191012
      191055
      191072
      191098
      191118
      191184
      191255
      191297
      191327
      191372
      191430
      191487
      191577
      191647
      191702
      191758
      191826
      191863
      191931
      191945
      192017
      192107
      192107
      192150
      192185
      192238
      192279
      192317
      192320
      192389
      192449
      192517
      192540
      192591
      192676
      192771
      192840
      192860
      192861
      192870
      192873
      192896
      192923
      192995
      193039
      193091
      193155
      193242
      193303
      193303
      193331
      193382
      193465
      193535
      193620
      193631
      193644
      193726
      193730
      193811
      193865
      193939
      194037
      194077
      194164
      194245
      194290
      194378
      194382
      194478
      194524
      194546
      194609
      194701
      194752
      194827
      194882
      194924
      194934
      195030
      195129
      195225
      195230
      195230
      195242
      195258
      195309
      195367
      195369
      195399
      195488
      195511
      195574
      195624
      195639
      195649
      195668
      195714
      195771
      195784
      195816
      195874
      195935
      195955
      195963
      196006
      196014
      196023
      196111
      196143
      196176
      196239
      196263
      196360
      196414
      196500
      196506
      196541
      196554
      196647
      196729
      196790
      196838
      196925
      196949
      197002
      197048
      197103
      197196
      197251
      197316
      197406
      197501
      197588
      197682
      197690
      197731
      197743
      197841
      197919
      197945
      198007
      198044
      198044
      198073
      198152
      198242
      198296
      198328
      198389
      198402
      198422
      198516
      198572
      198612
      198701
      198736
      198801
      198823
      198916
      198956
      198974
      199033
      199124
      199162
      199252
      199328
      199358
      199445
      199455
      199484
      199553
      199611
      199624
      199663
      199720
      199785
      199878
      199950
      199984
      200073
      200160
      200184
      200197
      200203
      200256
      200320
      200356
      200452
      200549
      200562
      200605
      200669
      200722
      200730
      200733
      200771
      200810
      200856
      200940
      200941
      201007
      201072
      201130
      201192
      201204
      201291
      201373
      201416
      201492
      201585
      201625
      201633
      201645
      201684
      201696
      201781
      201863
      201956
      202019
      202045
      202124
      202155
      202194
      202205
      202277
      202328
      202363
      202438
      202449
      202506
      202525
      202543
      202568
      202572
      202618
      202667
      202683
      202773
      202799
      202875
      202919
      202979
      203015
      203094
      203123
      203182
      203266
      203355
      203360
      203384
      203433
      203509
      203525
      203607
      203619
      203700
      203784
      203795
      203880
      203891
      203968
      203987
      204060
      204106
      204157
      204219
      204286
      204384
      204457
      204498
      204545
      204547
      204607
      204619
      204711
      204743
      204810
      204893
      204941
      205000
      205005
      205031
      205049
      205099
      205100
      205189
      205285
      205384
      205470
      205507
      205587
      205662
      205732
      205792
      205848
      205858
      205939
      205989
      206064
      206074
      206096
      206149
      206243
      206276
      206276
      206338
      206356
      206386
      206407
      206417
      206508
      206535
      206631
      206689
      206743
      206835
      206885
      206931
      207029
      207110
      207175
      207221
      207290
      207366
      207461
      207462
      207531
      207579
      207627
      207714
      207750
      207847
      207941
      208026
      208092
      208133
      208225
      208279
      208319
      208390
      208417
      208511
      208589
      208631
      208726
      208736
      208778
      208813
      208901
      208921
      208965
      209050
      209126
      209194
      209240
      209327
      209333
      209412
      209424
      209432
      209517
      209610
      209650
      209676
      209676
      209689
      209695
      209773
      209843
      209881
      209917
      209985
      210008
      210067
      210102
      210189
      210197
      210227
      210261
      210297
      210389
      210464
      210546
      210563
      210634
      210647
      210706
      210784
      210809
      210880
      210941
      210954
      211017
      211074
      211090
      211108
      211195
      211276
      211338
      211431
      211441
      211532
      211612
      211631
      211667
      211690
      211725
      211770
      211786
      211804
      211821
      211888
      211917
      211980
      212049
      212054
      212114
      212159
      212172
      212192
      212266
      212363
      212449
      212485
      212486
      212571
      212655
      212661
      212722
      212814
      212906
      212996
      213068
      213068
      213139
      213139
      213184
      213185
      213261
      213280
      213307
      213379
      213456
      213469
      213503
      213518
      213575
      213632
      213653
      213752
      213819
      213899
      213943
      213993
      214086
      214133
      214222
      214275
      214325
      214404
      214473
      214504
      214525
      214561
      214623
      214698
      214776
      214830
      214836
      214861
      214958
      215048
      215111
      215169
      215262
      215338
      215347
      215442
      215476
      215527
      215598
      215614
      215699
      215710
      215779
      215806
      215857
      215896
      215939
      215957
      215964
      216029
      216091
      216168
      216237
      216277
      216322
      216362
      216384
      216408
      216460
      216470
      216476
      216559
      216566
      216616
      216662
      216732
      216788
      216880
      216979
      217070
      217128
      217172
      217218
      217297
      217371
      217440
      217498
      217555
      217601
      217662
      217680
      217766
      217851
      217859
      217956
      217958
      217986
      218002
      218075
      218144
      218233
      218322
      218332
      218393
      218430
      218495
      218534
      218588
      218615
      218646
      218658
      218658
      218676
      218752
      218805
      218848
      218856
      218920
      218976
      219023
      219115
      219150
      219211
      219256
      219265
      219283
      219323
      219364
      219435
      219512
      219534
      219627
      219692
      219747
      219823
      219901
      219911
      219921
      219947
      220030
      220072
      220145
      220151
      220162
      220167
      220204
      220281
      220330
      220354
      220438
      220533
      220575
      220589
      220611
      220686
      220766
      220798
      220802
      220838
      220838
      220842
      220848
      220936
      220982
      221065
      221141
      221160
      221224
      221295
      221333
      221351
      221353
      221363
      221446
      221541
      221607
      221628
      221633
      221637
      221642
      221684
      221755
      221808
      221808
      221838
      221931
      221960
      221967
      222004
      222079
      222168
      222181
      222212
      222239
      222249
      222275
      222354
      222357
      222441
      222526
      222561
      222561
      222575
      222582
      222596
      222656
      222668
      222688
      222767
      222807
      222875
      222920
      222972
      223010
      223099
      223192
      223234
      223329
      223352
      223391
      223437
      223475
      223481
      223483
      223488
      223515
      223580
      223618
      223675
      223697
      223778
      223858
      223957
      224053
      224072
      224083
      224116
      224140
      224189
      224236
      224267
      224290
      224336
      224362
      224457
      224504
      224595
      224649
      224684
      224714
      224808
      224877
      224952
      224994
      225081
      225149
      225159
      225209
      225285
      225315
      225365
      225385
      225431
      225463
      225505
      225564
      225612
      225678
      225736
      225785
      225832
      225858
      225922
      226015
      226090
      226092
      226097
      226152
      226244
      226340
      226425
      226501
      226570
      226613
      226672
      226679
      226757
      226815
      226901
      226948
      227007
      227051
      227110
      227163
      227247
      227261
      227321
      227357
      227386
      227406
      227425
      227429
      227472
      227486
      227494
      227501
      227579
      227614
      227650
      227674
      227758
      227842
      227940
      228006
      228097
      228151
      228167
      228226
      228260
      228260
      228337
      228426
      228437
      228443
      228472
      228554
      228575
      228660
      228732
      228772
      228807
      228830
      228835
      228923
      228975
      229052
      229089
      229115
      229145
      229151
      229169
      229236
      229303
      229394
      229450
      229463
      229531
      229539
      229573
      229654
      229727
      229819
      229831
      229891
      229909
      229931
      230030
      230061
      230147
      230147
      230223
      230302
      230336
      230420
      230449
      230470
      230484
      230491
      230540
      230627
      230692
      230702
      230766
      230832
      230927
      231018
      231052
      231062
      231113
      231151
      231241
      231321
      231349
      231445
      231536
      231616
      231661
      231674
      231746
      231786
      231850
      231897
      231906
      231935
      231980
      232026
      232071
      232156
      232204
      232233
      232248
      232277
      232313
      232360
      232375
      232432
      232522
      232604
      232651
      232731
      232799
      232818
      232882
      232964
      233043
      233130
      233139
      233148
      233180
      233207
      233267
      233317
      233405
      233473
      233531
      233618
      233631
      233652
      233720
      233763
      233828
      233847
      233896
      233914
      233950
      234025
      234085
      234175
      234206
      234251
      234326
      234373
      234433
      234466
      234512
      234551
      234636
      234639
      234645
      234729
      234759
      234842
      234911
      234931
      235000
      235033
      235074
      235088
      235172
      235235
      235288
      235346
      235358
      235422
      235465
      235526
      235542
      235602
      235611
      235652
      235750
      235766
      235857
      235866
      235929
      235990
      236046
      236129
      236226
      236260
      236294
      236338
      236430
      236471
      236510
      236516
      236550
      236638
      236669
      236694
      236717
      236798
      236875
      236884
      236895
      236982
      237028
      237124
      237133
      237151
      237230
      237308
      237364
      237396
      237422
      237447
      237463
      237477
      237552
      237555
      237600
      237630
      237688
      237780
      237798
      237854
      237917
      238002
      238058
      238114
      238157
      238185
      238185
      238193
      238282
      238347
      238428
      238505
      238560
      238640
      238662
      238706
      238720
      238816
      238892
      238914
      238943
      239022
      239030
      239031
      239061
      239114
      239139
      239205
      239279
      239363
      239405
      239430
      239475
      239563
      239619
      239710
      239801
      239839
      239897
      239993
      240080
      240088
      240111
      240181
      240228
      240295
      240339
      240346
      240408
      240454
      240504
      240573
      240574
      240606
      240686
      240734
      240820
      240911
      240992
      241070
      241112
      241165
      241185
      241231
      241263
      241344
      241409
      241480
      241535
      241609
      241610
      241641
      241677
      241729
      241767
      241776
      241821
      241884
      241917
      242006
      242018
      242110
      242164
      242213
      242232
      242306
      242388
      242388
      242476
      242519
      242582
      242633
      242708
      242714
      242720
      242744
      242818
      242822
      242874
      242962
      242982
      242987
      243056
      243116
      243174
      243193
      243251
      243328
      243371
      243468
      243535
      243569
      243643
      243703
      243769
      243821
      243850
      243852
      243916
      243945
      243979
      244042
      244050
      244140
      244153
      244209
      244238
      244274
      244330
      244422
      244464
      244466
      244492
      244513
      244591
      244644
      244723
      244766
      244865
      244905
      244906
      244957
      244965
      245056
      245135
      245136
      245138
      245170
      245177
      245204
      245247
      245273
      245274
      245283
      245373
      245414
      245461
      245477
      245548
      245604
      245614
      245649
      245669
      245721
      245775
      245851
      245908
      245958
      246039
      246109
      246196
      246289
      246324
      246406
      246491
      246564
      246613
      246686
      246735
      246739
      246790
      246808
      246896
      246952
      246955
      247052
      247130
      247134
      247213
      247262
      247269
      247275
      247338
      247386
      247450
      247477
      247509
      247583
      247610
      247692
      247728
      247781
      247839
      247868
      247938
      247949
      247971
      248069
      248162
      248206
      248219
      248280
      248356
      248424
      248446
      248495
      248545
      248554
      248629
      248728
      248805
      248808
      248861
      248878
      248893
      248894
      248912
      248946
      248969
      249068
      249068
      249149
      249184
      249207
      249273
      249318
      249399
      249484
      249562
      249597
      249626
      249708
      249754
      249790
      249831
      249857
      249867
      249869
      249901
      249972
      250060
      250060
      250147
      250223
      250301
      250374
      250469
      250532
      250595
      250656
      250697
      250784
      250814
      250840
      250905
      250917
      250954
      251031
      251113
      251204
      251288
      251316
      251376
      251415
      251430
      251522
      251564
      251633
      251663
      251739
      251743
      251792
      251874
      251910
      251976
      252028
      252123
      252171
      252241
      252339
      252383
      252456
      252538
      252630
      252714
      252729
      252806
      252895
      252931
      252941
      252946
      252967
      252997
      253058
      253094
      253130
      253175
      253205
      253262
      253332
      253431
      253519
      253565
      253655
      253705
      253792
      253839
      253853
      253861
      253960
      253965
      254001
      254092
      254107
      254136
      254149
      254248
      254287
      254373
      254379
      254455
      254518
      254556
      254641
      254719
      254816
      254842
      254926
      255023
      255101
      255196
      255281
      255337
      255377
      255454
      255544
      255643
      255720
      255803
      255812
      255870
      255940
      255977
      256019
      256040
      256118
      256172
      256223
      256278
      256351
      256367
      256397
      256485
      256518
      256603
      256622
      256673
      256728
      256794
      256847
      256850
      256868
      256910
      256919
      257008
      257050
      257110
      257149
      257151
      257213
      257255
      257287
      257375
      257435
      257474
      257547
      257582
      257681
      257682
      257705
      257718
      257812
      257896
      257956
      258022
      258117
      258185
      258251
      258279
      258367
      258413
      258473
      258484
      258499
      258532
      258570
      258633
      258642
      258685
      258741
      258767
      258776
      258797
      258820
      258860
      258861
      258867
      258881
      258901
      258935
      258943
      259032
      259089
      259094
      259101
      259173
      259267
      259282
      259316
      259324
      259338
      259355
      259365
      259367
      259391
      259457
      259461
      259546
      259596
      259676
      259693
      259730
      259795
      259801
      259842
      259900
      259948
      260042
      260081
      260110
      260139
      260233
      260263
      260307
      260363
      260441
      260476
      260535
      260594
      260626
      260713
      260726
      260778
      260807
      260861
      260867
      260944
      261015
      261042
      261070
      261093
      261129
      261200
      261200
      261269
      261327
      261371
      261467
      261487
      261530
      261612
      261677
      261718
      261784
      261845
      261845
      261885
      261896
      261907
      261971
      262033
      262125
      262190
      262286
      262370
      262443
      262519
      262604
      262691
      262743
      262811
      262816
      262870
      262941
      263034
      263131
      263133
      263147
      263210
      263270
      263300
      263387
      263466
      263521
      263548
      263563
      263655
      263749
      263814
      263828
      263910
      263933
      264026
      264087
      264102
      264195
      264223
      264289
      264378
      264469
      264521
      264598
      264676
      264754
      264768
      264833
      264862
      264924
      264993
      265057
      265126
      265162
      265250
      265333
      265335
      265426
      265508
      265533
      265631
      265659
      265742
      265781
      265832
      265859
      265918
      265982
      266076
      266097
      266164
      266201
      266272
      266297
      266391
      266431
      266476
      266513
      266564
      266579
      266634
      266639
      266648
      266663
      266674
      266692
      266711
      266788
      266879
      266899
      266919
      266979
      267064
      267130
      267205
      267271
      267318
      267354
      267435
      267493
      267500
      267598
      267616
      267643
      267737
      267824
      267831
      267863
      267909
      267934
      268025
      268086
      268126
      268217
      268258
      268313
      268342
      268368
      268394
      268492
      268505
      268539
      268611
      268634
      268649
      268711
      268715
      268795
      268887
      268911
      268973
      269067
      269094
      269186
      269227
      269326
      269409
      269462
      269505
      269521
      269555
      269603
      269691
      269734
      269752
      269833
      269851
      269923
      269924
      269995
      270011
      270038
      270078
      270141
      270197
      270198
      270212
      270295
      270363
      270390
      270425
      270516
      270611
      270669
      270710
      270800
      270819
      270859
      270872
      270884
      270983
      270985
      271072
      271149
      271231
      271278
      271317
      271330
      271355
      271437
      271469
      271551
      271592
      271676
      271686
      271710
      271796
      271799
      271884
      271948
      272037
      272134
      272228
      272325
      272363
      272385
      272447
      272513
      272526
      272608
      272682
      272771
      272805
      272824
      272888
      272912
      272916
      272963
      273015
      273050
      273122
      273211
      273292
      273383
      273443
      273524
      273550
      273643
      273666
      273734
      273829
      273927
      274019
      274061
      274098
      274175
      274213
      274232
      274322
      274382
      274408
      274458
      274530
      274559
      274566
      274610
      274657
      274741
      274775
      274784
      274798
      274857
      274933
      274947
      274999
      275096
      275106
      275109
      275176
      275270
      275294
      275381
      275405
      275457
      275473
      275559
      275598
      275663
      275722
      275731
      275751
      275814
      275823
      275855
      275887
      275916
      275969
      275982
      276054
      276151
      276247
      276330
      276418
      276497
      276517
      276613
      276688
      276729
      276752
      276795
      276810
      276827
      276880
      276970
      277040
      277106
      277179
      277205
      277287
      277318
      277372
      277446
      277454
      277537
      277597
      277653
      277678
      277698
      277767
      277830
      277844
      277926
      277968
      278057
      278114
      278126
      278205
      278274
      278359
      278453
      278540
      278628
      278637
      278665
      278666
      278698
      278704
      278752
      278807
      278890
      278904
      278940
      279035
      279068
      279136
      279208
      279278
      279288
      279366
      279431
      279466
      279557
      279602
      279615
      279668
      279742
      279793
      279883
      279968
      280033
      280132
      280213
      280226
      280249
      280319
      280323
      280387
      280391
      280430
      280516
      280529
      280578
      280626
      280683
      280690
      280695
      280791
      280829
      280895
      280983
      281078
      281106
      281160
      281167
      281219
      281228
      281232
      281253
      281259
      281347
      281393
      281433
      281446
      281537
      281570
      281576
      281591
      281647
      281647
      281730
      281798
      281884
      281958
      281976
      282023
      282034
      282076
      282160
      282165
      282252
      282295
      282363
      282431
      282481
      282523
      282541
      282592
      282592
      282625
      282710
      282781
      282797
      282891
      282912
      282978
      283052
      283059
      283069
      283165
      283175
      283197
      283282
      283286
      283329
      283414
      283505
      283594
      283646
      283678
      283755
      283838
      283876
      283914
      283969
      284022
      284045
      284118
      284213
      284277
      284280
      284367
      284416
      284427
      284450
      284496
      284589
      284655
      284675
      284732
      284809
      284852
      284904
      284925
      284945
      285019
      285115
      285204
      285209
      285216
      285264
      285342
      285385
      285396
      285417
      285468
      285503
      285516
      285608
      285673
      285689
      285736
      285790
      285888
      285965
      285984
      286041
      286078
      286111
      286139
      286155
      286251
      286349
      286448
      286460
      286503
      286579
      286585
      286666
      286730
      286809
      286853
      286911
      286991
      287087
      287118
      287214
      287260
      287329
      287345
      287378
      287468
      287561
      287563
      287569
      287647
      287654
      287727
      287782
      287804
      287822
      287915
      287925
      287949
      287999
      288081
      288126
      288216
      288302
      288395
      288479
      288514
      288568
      288659
      288686
      288723
      288734
      288768
      288818
      288880
      288965
      288987
      289067
      289133
      289216
      289229
      289263
      289325
      289404
      289466
      289476
      289537
      289628
      289669
      289703
      289791
      289870
      289967
      290018
      290113
      290208
      290246
      290302
      290323
      290335
      290395
      290468
      290494
      290536
      290586
      290597
      290669
      290706
      290724
      290785
      290816
      290848
      290943
      290990
      291055
      291142
      291241
      291305
      291396
      291449
      291490
      291492
      291493
      291510
      291533
      291614
      291623
      291650
      291743
      291779
      291863
      291960
      292024
      292100
      292150
      292204
      292279
      292326
      292349
      292362
      292434
      292455
      292530
      292531
      292557
      292599
      292607
      292615
      292660
      292733
      292744
      292811
      292845
      292888
      292973
      292998
      293079
      293095
      293151
      293152
      293251
      293320
      293380
      293383
      293387
      293422
      293478
      293523
      293571
      293623
      293654
      293692
      293701
      293708
      293802
      293846
      293914
      294004
      294058
      294065
      294108
      294115
      294212
      294295
      294354
      294393
      294481
      294486
      294538
      294636
      294638
      294664
      294703
      294756
      294835
      294885
      294899
      294928
      294972
      295028
      295029
      295120
      295188
      295268
      295300
      295301
      295357
      295414
      295499
      295517
      295570
      295602
      295648
      295732
      295774
      295860
      295923
      295946
      296037
      296077
      296107
      296188
      296240
      296282
      296285
      296336
      296405
      296474
      296487
      296540
      296631
      296718
      296812
      296874
      296958
      297012
      297072
      297142
      297179
      297264
      297348
      297425
      297430
      297501
      297583
      297626
      297714
      297721
      297809
      297814
      297822
      297854
      297947
      298026
      298086
      298148
      298205
      298296
      298321
      298373
      298459
      298548
      298567
      298567
      298578
      298654
      298671
      298715
      298814
      298821
      298846
      298894
      298925
      298990
      299077
      299087
      299122
      299198
      299282
      299292
      299322
      299397
      299453
      299507
      299580
      299597
      299674
      299699
      299709
      299794
      299853
      299876
      299933
      299976
      300055
      300143
      300195
      300269
      300325
      300379
      300438
      300489
      300541
      300572
      300653
      300693
      300766
      300832
      300832
      300928
      300964
      300979
      301013
      301063
      301100
      301132
      301137
      301166
      301247
      301344
      301393
      301437
      301505
      301565
      301568
      301569
      301585
      301621
      301682
      301696
      301734
      301774
      301781
      301874
      301911
      301935
      302026
      302116
      302179
      302275
      302316
      302321
      302355
      302429
      302492
      302573
      302671
      302713
      302713
      302805
      302893
      302921
      302969
      303068
      303109
      303186
      303240
      303324
      303416
      303469
      303539
      303552
      303554
      303650
      303709
      303784
      303882
      303922
      303927
      303976
      304037
      304097
      304153
      304244
      304295
      304375
      304431
      304529
      304555
      304578
      304626
      304686
      304726
      304786
      304820
      304907
      304951
      305009
      305103
      305165
      305211
      305227
      305294
      305296
      305299
      305324
      305367
      305453
      305552
      305558
      305648
      305693
      305726
      305819
      305838
      305931
      305969
      305995
      306015
      306033
      306046
      306080
      306141
      306234
      306265
      306294
      306294
      306352
      306451
      306489
      306537
      306553
      306610
      306626
      306677
      306770
      306866
      306878
      306948
      307008
      307090
      307141
      307182
      307201
      307204
      307222
      307251
      307314
      307355
      307429
      307472
      307472
      307495
      307542
      307600
      307633
      307683
      307715
      307746
      307809
      307848
      307895
      307968
      307993
      308015
      308077
      308113
      308167
      308186
      308210
      308304
      308368
      308409
      308491
      308547
      308596
      308694
      308706
      308802
      308822
      308871
      308920
      308951
      309010
      309074
      309099
      309113
      309184
      309271
      309370
      309417
      309460
      309491
      309498
      309520
      309595
      309666
      309726
      309736
      309757
      309832
      309908
      309996
      310022
      310060
      310123
      310151
      310166
      310253
      310333
      310360
      310371
      310382
      310408
      310465
      310538
      310607
      310680
      310765
      310829
      310866
      310954
      310985
      310992
      311024
      311098
      311171
      311221
      311271
      311346
      311439
      311498
      311590
      311642
      311723
      311779
      311859
      311884
      311981
      312055
      312064
      312104
      312188
      312230
      312249
      312347
      312385
      312427
      312432
      312531
      312605
      312644
      312700
      312775
      312805
      312873
      312892
      312986
      313023
      313045
      313140
      313208
      313300
      313380
      313475
      313529
      313538
      313577
      313584
      313648
      313694
      313707
      313712
      313762
      313771
      313868
      313938
      314002
      314047
      314143
      314232
      314315
      314322
      314391
      314471
      314557
      314577
      314595
      314644
      314671
      314720
      314758
      314855
      314877
      314902
      314918
      314999
      315018
      315094
      315144
      315215
      315293
      315381
      315433
      315532
      315580
      315614
      315625
      315691
      315718
      315763
      315792
      315861
      315861
      315954
      315999
      316068
      316157
      316176
      316264
      316356
      316439
      316475
      316563
      316569
      316575
      316608
      316644
      316645
      316716
      316795
      316891
      316962
      316970
      317032
      317116
      317137
      317140
      317221
      317314
      317373
      317472
      317550
      317601
      317603
      317608
      317655
      317753
      317845
      317921
      318004
      318037
      318131
      318133
      318170
      318236
      318287
      318365
      318374
      318432
      318497
      318548
      318608
      318620
      318711
      318756
      318851
      318903
      318915
      318944
      318964
      318973
      318975
      318988
      318989
      319055
      319134
      319166
      319239
      319268
      319317
      319368
      319437
      319525
      319603
      319643
      319736
      319738
      319770
      319864
      319946
      319974
      320005
      320021
      320068
      320163
      320200
      320233
      320269
      320355
      320418
      320438
      320529
      320547
      320586
      320646
      320737
      320754
      320769
      320772
      320833
      320912
      320951
      320951
      320989
      321062
      321139
      321181
      321262
      321268
      321355
      321387
      321394
      321413
      321440
      321501
      321587
      321666
      321706
      321759
      321831
      321860
      321959
      322039
      322074
      322132
      322199
      322279
      322321
      322343
      322408
      322441
      322446
      322496
      322549
      322576
      322587
      322646
      322689
      322723
      322781
      322872
      322893
      322912
      323008
      323043
      323115
      323135
      323173
      323177
      323219
      323266
      323346
      323370
      323408
      323440
      323449
      323469
      323519
      323614
      323692
      323710
      323802
      323816
      323826
      323872
      323959
      323987
      324060
      324110
      324164
      324241
      324327
      324342
      324405
      324449
      324471
      324515
      324572
      324594
      324601
      324687
      324777
      324825
      324922
      324971
      325046
      325144
      325148
      325162
      325170
      325261
      325275
      325346
      325425
      325443
      325478
      325480
      325550
      325553
      325594
      325632
      325696
      325706
      325752
      325780
      325839
      325936
      325962
      325965
      326005
      326079
      326178
      326269
      326348
      326375
      326383
      326475
      326475
      326477
      326574
      326596
      326620
      326698
      326767
      326847
      326907
      327004
      327068
      327115
      327188
      327268
      327342
      327343
      327369
      327400
      327490
      327505
      327558
      327635
      327715
      327758
      327809
      327892
      327952
      328039
      328134
      328221
      328236
      328297
      328340
      328396
      328422
      328434
      328449
      328505
      328542
      328599
      328643
      328664
      328749
      328802
      328818
      328873
      328900
      328949
      328979
      329061
      329066
      329094
      329112
      329173
      329218
      329292
      329330
      329410
      329461
      329473
      329550
      329568
      329645
      329726
      329778
      329860
      329910
      329931
      329944
      329971
      330070
      330095
      330188
      330274
      330299
      330385
      330433
      330477
      330519
      330544
      330544
      330611
      330640
      330704
      330735
      330781
      330848
      330887
      330956
      330998
      331004
      331055
      331135
      331175
      331196
      331275
      331293
      331325
      331340
      331401
      331422
      331460
      331515
      331549
      331622
      331637
      331680
      331713
      331758
      331825
      331863
      331892
      331932
      332006
      332052
      332087
      332143
      332153
      332228
      332241
      332330
      332394
      332404
      332451
      332458
      332502
      332588
      332638
      332735
      332779
      332874
      332920
      332962
      333059
      333155
      333213
      333290
      333356
      333415
      333452
      333517
      333569
      333593
      333651
      333706
      333783
      333822
      333916
      334015
      334062
      334141
      334180
      334224
      334295
      334317
      334353
      334408
      334440
      334511
      334544
      334570
      334636
      334716
      334808
      334836
      334842
      334888
      334942
      334956
      334958
      334983
      335069
      335150
      335167
      335173
      335263
      335334
      335363
      335401
      335458
      335506
      335521
      335597
      335632
      335662
      335678
      335756
      335763
      335808
      335841
      335911
      335994
      336005
      336061
      336139
      336217
      336268
      336273
      336337
      336376
      336474
      336551
      336611
      336613
      336667
      336697
      336784
      336808
      336841
      336890
      336902
      336988
      337055
      337138
      337158
      337254
      337309
      337401
      337488
      337504
      337565
      337653
      337689
      337769
      337800
      337817
      337821
      337875
      337938
      338033
      338090
      338186
      338284
      338364
      338455
      338539
      338567
      338608
      338619
      338654
      338671
      338758
      338828
      338865
      338923
      338998
      339030
      339102
      339107
      339182
      339263
      339287
      339337
      339353
      339401
      339422
      339466
      339506
      339591
      339668
      339717
      339795
      339803
      339830
      339896
      339972
      339980
      340063
      340141
      340162
      340192
      340220
      340283
      340308
      340374
      340398
      340476
      340546
      340610
      340682
      340758
      340771
      340793
      340814
      340861
      340883
      340896
      340918
      340918
      340983
      341015
      341087
      341124
      341189
      341267
      341329
      341340
      341420
      341514
      341560
      341560
      341625
      341691
      341705
      341713
      341716
      341737
      341793
      341856
      341873
      341918
      342009
      342027
      342070
      342147
      342216
      342261
      342354
      342382
      342419
      342494
      342591
      342602
      342628
      342628
      342681
      342700
      342743
      342808
      342818
      342823
      342890
      342919
      342961
      343010
      343065
      343151
      343199
      343288
      343313
      343375
      343452
      343483
      343561
      343651
      343732
      343819
      343845
      343928
      343943
      344034
      344093
      344151
      344243
      344292
      344302
      344355
      344433
      344485
      344516
      344615
      344691
      344781
      344844
      344917
      344981
      345080
      345100
      345104
      345158
      345188
      345267
      345352
      345433
      345441
      345464
      345485
      345538
      345563
      345606
      345607
      345662
      345664
      345759
      345773
      345848
      345914
      345953
      345969
      346058
      346070
      346108
      346127
      346133
      346175
      346273
      346313
      346407
      346456
      346545
      346547
      346639
      346725
      346796
      346852
      346888
      346898
      346906
      346970
      347013
      347060
      347133
      347168
      347196
      347275
      347294
      347358
      347405
      347464
      347549
      347586
      347664
      347714
      347716
      347781
      347812
      347900
      347915
      348007
      348026
      348110
      348131
      348157
      348213
      348232
      348269
      348364
      348382
      348395
      348424
      348464
      348508
      348585
      348601
      348667
      348681
      348772
      348793
      348872
      348950
      349000
      349042
      349080
      349082
      349102
      349152
      349205
      349299
      349360
      349364
      349406
      349434
      349465
      349539
      349601
      349623
      349692
      349735
      349790
      349874
      349941
      349972
      350018
      350032
      350033
      350121
      350188
      350275
      350284
      350353
      350400
      350452
      350550
      350570
      350589
      350611
      350682
      350689
      350767
      350787
      350791
      350795
      350828
      350849
      350865
      350874
      350916
      350937
      351035
      351038
      351097
      351097
      351152
      351158
      351169
      351180
      351220
      351285
      351290
      351333
      351424
      351477
      351499
      351570
      351654
      351745
      351795
      351811
      351908
      351990
      352006
      352066
      352149
      352196
      352225
      352262
      352296
      352386
      352422
      352423
      352443
      352508
      352571
      352608
      352613
      352617
      352638
      352703
      352723
      352785
      352803
      352845
      352943
      353021
      353102
      353113
      353174
      353198
      353244
      353335
      353426
      353492
      353500
      353576
      353625
      353724
      353804
      353881
