          93
         137
         155
         184
         212
         290
         376
         399
         484
         516
         606
         687
         707
         716
         798
         866
         880
         948
        1007
        1077
        1143
        1156
        1244
        1311
        1313
        1377
        1401
        1452
        1500
        1536
        1554
        1622
        1671
        1769
        1832
        1862
        1928
        1930
        1964
        1998
        1998
        2008
        2012
        2066
        2162
        2202
        2230
        2283
        2297
        2305
        2321
        2412
        2475
        2482
        2488
        2580
        2637
        2679
        2773
        2867
        2965
        3001
        3070
        3151
        3194
        3282
        3314
        3401
        3445
        3489
        3510
        3571
        3605
        3627
        3712
        3727
        3743
        3814
        3862
        3922
        3952
        4000
        4001
        4009
        4033
        4071
        4142
        4144
        4203
        4210
        4267
        4333
        4391
        4426
        4516
        4548
        4599
        4650
        4700
        4738
        4780
        4843
        4891
        4974
        5056
        5097
        5146
        5169
        5236
        5269
        5363
        5373
        5390
        5400
        5448
        5538
        5566
        5663
        5676
        5699
        5717
        5773
        5829
        5899
        5930
        6000
        6061
        6074
        6138
        6184
        6260
        6273
        6349
        6359
        6438
        6454
        6540
        6608
        6701
        6796
        6829
        6854
        6866
        6886
        6951
        7033
        7053
        7118
        7121
        7201
        7209
        7265
        7320
        7341
        7383
        7471
        7495
        7553
        7642
        7656
        7749
        7834
        7881
        7954
        7955
        8052
        8052
        8102
        8150
        8165
        8255
        8313
        8370
        8419
        8424
        8509
        8582
        8599
        8636
        8709
        8781
        8837
        8851
        8893
        8934
        9010
        9108
        9108
        9165
        9262
        9311
        9380
        9404
        9460
        9469
        9536
        9585
        9659
        9665
        9743
        9810
        9831
        9887
        9954
        9973
       10015
       10064
       10163
       10242
       10262
       10278
       10320
       10360
       10434
       10480
       10569
       10643
       10664
       10739
       10806
       10891
       10956
       10983
       11040
       11089
       11188
       11190
       11237
       11264
       11272
       11368
       11455
       11461
       11555
       11648
       11726
       11763
       11829
       11859
       11868
       11887
       11889
       11977
       12011
       12063
       12143
       12187
       12221
       12303
       12354
       12448
       12465
       12539
       12560
       12643
       12673
       12727
       12766
       12833
       12864
       12892
       12931
       12976
       13033
       13115
       13175
       13207
       13223
       13255
       13347
       13414
       13447
       13500
       13557
       13592
       13638
       13724
       13796
       13808
       13899
       13982
       14041
       14128
       14190
       14261
       14351
       14434
       14503
       14568
       14600
       14648
       14731
       14738
       14763
       14813
       14833
       14836
       14873
       14884
       14958
       15057
       15122
       15202
       15296
       15323
       15396
       15427
       15436
       15523
       15571
       15647
       15732
       15791
       15855
       15883
       15966
       16037
       16052
       16073
       16131
       16219
       16307
       16327
       16327
       16346
       16402
       16422
       16500
       16532
       16618
       16682
       16704
       16738
       16816
       16915
       17010
       17045
       17077
       17078
       17128
       17227
       17299
       17324
       17398
       17419
       17447
       17457
       17483
       17581
       17650
       17733
       17808
       17819
       17852
       17886
       17970
       18011
       18041
       18071
       18158
       18162
       18171
       18262
       18360
       18367
       18421
       18519
       18536
       18572
       18601
       18651
       18658
       18737
       18820
       18890
       18966
       18986
       19011
       19078
       19163
       19227
       19257
       19354
       19381
       19475
       19509
       19559
       19623
       19635
       19652
       19652
       19746
       19768
       19800
       19810
       19822
       19856
       19907
       19948
       19959
       20001
       20061
       20137
       20181
       20242
       20273
       20314
       20366
       20447
       20456
       20531
       20595
       20614
       20713
       20732
       20779
       20801
       20831
       20922
       20989
       21037
       21061
       21103
       21194
       21288
       21384
       21457
       21527
       21551
       21612
       21688
       21725
       21806
       21862
       21930
       21959
       22006
       22048
       22136
       22182
       22273
       22331
       22402
       22492
       22580
       22619
       22666
       22720
       22755
       22800
       22850
       22882
       22906
       22997
       23033
       23101
       23145
       23151
       23216
       23286
       23359
       23426
       23477
       23547
       23584
       23642
       23692
       23763
       23828
       23887
       23893
       23946
       24044
       24120
       24155
       24231
       24292
       24297
       24306
       24341
       24424
       24496
       24509
       24513
       24532
       24548
       24564
       24604
       24605
       24631
       24666
       24685
       24700
       24762
       24792
       24884
       24916
       24967
       24978
       25056
       25122
       25145
       25165
       25249
       25287
       25373
       25443
       25457
       25554
       25571
       25590
       25610
       25635
       25712
       25733
       25738
       25769
       25858
       25892
       25987
       25992
       26081
       26142
       26203
       26231
       26241
       26334
       26383
       26402
       26450
       26527
       26593
       26648
       26655
       26745
       26795
       26798
       26894
       26913
       26939
       27007
       27022
       27112
       27146
       27175
       27264
       27307
       27376
       27459
       27464
       27536
       27591
       27607
       27650
       27725
       27787
       27876
       27880
       27955
       27995
       28001
       28092
       28145
       28182
       28237
       28250
       28258
       28355
       28417
       28481
       28508
       28593
       28643
       28650
       28655
       28735
       28812
       28853
       28937
       28976
       28991
       29024
       29076
       29129
       29206
       29287
       29368
       29369
       29387
       29481
       29506
       29576
       29659
       29668
       29738
       29747
       29790
       29794
       29880
       29900
       29935
       30024
       30037
       30090
       30175
       30232
       30240
       30242
       30267
       30278
       30337
       30337
       30436
       30492
       30505
       30513
       30588
       30653
       30685
       30698
       30712
       30777
       30853
       30922
       30971
       30990
       31035
       31112
       31184
       31252
       31253
       31286
       31344
       31413
       31445
       31526
       31540
       31562
       31633
       31668
       31763
       31780
       31801
       31894
       31917
       32011
       32100
       32134
       32202
       32207
       32231
       32269
       32287
       32348
       32433
       32470
       32515
       32559
       32588
       32664
       32710
       32794
       32821
       32865
       32928
       32936
       32997
       33053
       33116
       33205
       33237
       33317
       33401
       33449
       33517
       33582
       33636
       33675
       33678
       33757
       33810
       33831
       33930
       34012
       34109
       34185
       34257
       34276
       34337
       34369
       34394
       34483
       34512
       34582
       34681
       34749
       34845
       34915
       34942
       35007
       35038
       35056
       35126
       35160
       35256
       35348
       35417
       35438
       35494
       35524
       35594
       35621
       35631
       35657
       35705
       35781
       35865
       35940
       35998
       36029
       36100
       36168
       36186
       36249
       36336
       36421
       36507
       36539
       36589
       36676
       36726
       36802
       36887
       36983
       37006
       37013
       37038
       37070
       37106
       37189
       37261
       37299
       37352
       37368
       37376
       37451
       37532
       37566
       37620
       37675
       37691
       37786
       37857
       37950
       38042
       38119
       38141
       38229
       38306
       38361
       38384
       38397
       38425
       38444
       38444
       38455
       38516
       38528
       38528
       38533
       38614
       38633
       38641
       38720
       38726
       38756
       38820
       38890
       38904
       38973
       39016
       39105
       39120
       39188
       39262
       39274
       39349
       39415
       39444
       39532
       39586
       39605
       39645
       39657
       39756
       39771
       39803
       39868
       39889
       39912
       39979
       40037
       40086
       40132
       40215
       40277
       40334
       40384
       40482
       40551
       40633
       40720
       40780
       40871
       40914
       40981
       41010
       41028
       41079
       41138
       41212
       41268
       41339
       41360
       41381
       41428
       41501
       41596
       41639
       41663
       41663
       41738
       41752
       41835
       41857
       41880
       41931
       41996
       42053
       42098
       42168
       42184
       42206
       42292
       42305
       42383
       42438
       42496
       42535
       42593
       42650
       42673
       42687
       42763
       42776
       42839
       42914
       42961
       42977
       43066
       43097
       43141
       43214
       43269
       43308
       43312
       43353
       43451
       43478
       43488
       43548
       43618
       43643
       43674
       43723
       43797
       43812
       43840
       43926
       43999
       44048
       44129
       44143
       44166
       44205
       44271
       44295
       44340
       44429
       44502
       44568
       44607
       44664
       44688
       44763
       44772
       44843
       44939
       45019
       45032
       45085
       45143
       45183
       45266
       45306
       45356
       45422
       45492
       45571
       45581
       45616
       45713
       45743
       45841
       45919
       45966
       46023
       46109
       46171
       46183
       46252
       46337
       46380
       46476
       46532
       46543
       46584
       46601
       46681
       46743
       46791
       46843
       46881
       46907
       46935
       46943
       46953
       46968
       47012
       47016
       47091
       47171
       47255
       47327
       47358
       47367
       47405
       47488
       47560
       47636
       47689
       47734
       47806
       47834
       47888
       47961
       47961
       48008
       48028
       48060
       48096
       48181
       48255
       48304
       48398
       48457
       48476
       48519
       48606
       48671
       48706
       48802
       48848
       48908
       48987
       49072
       49146
       49223
       49256
       49286
       49329
       49381
       49426
       49448
       49504
       49517
       49603
       49620
       49688
       49759
       49840
       49926
       49984
       50021
       50117
       50122
       50126
       50180
       50202
       50228
       50277
       50312
       50376
       50455
       50501
       50574
       50655
       50721
       50742
       50815
       50874
       50912
       51009
       51052
       51116
       51135
       51198
       51288
       51295
       51379
       51465
       51521
       51540
       51616
       51679
       51762
       51792
       51815
       51901
       51971
       52031
       52095
       52170
       52178
       52226
       52324
       52337
       52338
       52410
       52460
       52477
       52518
       52595
       52629
       52709
       52779
       52818
       52895
       52925
       52935
       52992
       53052
       53091
       53185
       53280
       53330
       53358
       53405
       53482
       53533
       53549
       53590
       53617
       53703
       53725
       53725
       53807
       53848
       53911
       53975
       54060
       54154
       54190
       54233
       54260
       54342
       54370
       54429
       54516
       54562
       54613
       54672
       54740
       54799
       54810
       54886
       54891
       54893
       54896
       54968
       54981
       54988
       55033
       55110
       55156
       55242
       55335
       55365
       55419
       55445
       55455
       55520
       55532
       55564
       55630
       55726
       55766
       55778
       55858
       55902
       55909
       55996
       55999
       56062
       56066
       56107
       56127
       56172
       56262
       56289
       56298
       56333
       56416
       56503
       56536
       56567
       56599
       56678
       56753
       56807
       56870
       56926
       56975
       56994
       57048
       57084
       57137
       57172
       57211
       57271
       57346
       57405
       57422
       57439
       57531
       57565
       57627
       57628
       57663
       57739
       57809
       57845
       57910
       57923
       57948
       58028
       58098
       58191
       58249
       58337
       58384
       58446
       58474
       58535
       58540
       58572
       58657
       58670
       58738
       58803
       58812
       58850
       58932
       58963
       58982
       59073
       59077
       59080
       59174
       59238
       59300
       59353
       59411
       59411
       59419
       59435
       59441
       59518
       59612
       59641
       59685
       59712
       59746
       59767
       59801
       59817
       59895
       59899
       59926
       60003
       60017
       60116
       60142
       60182
       60205
       60234
       60239
       60257
       60308
       60387
       60409
       60420
       60497
       60583
       60600
       60676
       60735
       60799
       60812
       60841
       60932
       61005
       61076
       61105
       61155
       61156
       61175
       61241
       61272
       61278
       61358
       61438
       61443
       61490
       61557
       61595
       61675
       61765
       61822
       61913
       61922
       61924
       61990
       62036
       62118
       62163
       62183
       62190
       62258
       62300
       62373
       62472
       62501
       62578
       62659
       62717
       62740
       62808
       62875
       62906
       62990
       63081
       63156
       63174
       63212
       63221
       63235
       63258
       63348
       63394
       63426
       63426
       63465
       63471
       63483
       63556
       63644
       63701
       63765
       63814
       63904
       63909
       63942
       63973
       64030
       64117
       64142
       64187
       64254
       64272
       64315
       64377
       64420
       64429
       64492
       64591
       64626
       64633
       64723
       64760
       64827
       64886
       64967
       64998
       65025
       65044
       65063
       65125
       65180
       65239
       65295
       65340
       65437
       65449
       65530
       65611
       65646
       65654
       65662
       65760
       65824
       65859
       65893
       65927
       65986
       66027
       66120
       66200
       66242
       66312
       66318
       66370
       66373
       66455
       66470
       66548
       66597
       66634
       66706
       66772
       66836
       66844
       66934
       67021
       67084
       67139
       67155
       67211
       67271
       67291
       67348
       67436
       67452
       67530
       67535
       67548
       67554
       67632
       67724
       67801
       67873
       67968
       68035
       68071
       68147
       68171
       68176
       68186
       68187
       68277
       68365
       68380
       68470
       68556
       68600
       68662
       68690
       68699
       68715
       68788
       68817
       68835
       68918
       68920
       68991
       69062
       69128
       69139
       69222
       69248
       69252
       69349
       69401
       69469
       69553
       69587
       69620
       69633
       69722
       69742
       69834
       69873
       69889
       69939
       69979
       70025
       70111
       70157
       70200
       70282
       70366
       70425
       70490
       70492
       70515
       70569
       70586
       70627
       70705
       70801
       70856
       70937
       70962
       71010
       71071
       71137
       71184
       71257
       71314
       71333
       71350
       71439
       71482
       71509
       71545
       71636
       71733
       71755
       71820
       71872
       71906
       71997
       72035
       72075
       72084
       72175
       72193
       72249
       72252
       72270
       72289
       72296
       72367
       72374
       72469
       72476
       72479
       72571
       72593
       72597
       72608
       72629
       72710
       72765
       72820
       72874
       72937
       72947
       72982
       73059
       73138
       73206
       73245
       73294
       73393
       73417
       73452
       73539
       73604
       73700
       73759
       73805
       73811
       73890
       73915
       73918
       73958
       73959
       74023
       74107
       74124
       74200
       74212
       74280
       74316
       74402
       74447
       74492
       74512
       74603
       74630
       74688
       74714
       74763
       74828
       74884
       74969
       75022
       75090
       75180
       75258
       75329
       75361
       75419
       75470
       75520
       75596
       75636
       75708
       75783
       75831
       75865
       75933
       76020
       76026
       76065
       76100
       76188
       76252
       76261
       76288
       76298
       76302
       76357
       76417
       76442
       76463
       76533
       76588
       76617
       76706
       76723
       76724
       76817
       76884
       76972
       77057
       77115
       77122
       77211
       77241
       77273
       77348
       77362
       77414
       77496
       77523
       77583
       77664
       77730
       77818
       77848
       77863
       77882
       77956
       78003
       78053
       78131
       78224
       78314
       78348
       78356
       78360
       78382
       78449
       78548
       78625
       78655
       78724
       78730
       78765
       78772
       78803
       78830
       78908
       78952
       79024
       79029
       79047
       79125
       79164
       79256
       79319
       79375
       79430
       79468
       79536
       79543
       79617
       79665
       79723
       79736
       79812
       79884
       79966
       79972
       80057
       80066
       80146
       80164
       80210
       80300
       80379
       80477
       80518
       80552
       80629
       80646
       80732
       80821
       80852
       80870
       80932
       80948
       80974
       81064
       81100
       81149
       81192
       81232
       81318
       81360
       81428
       81515
       81591
       81618
       81618
       81642
       81692
       81724
       81778
       81801
       81849
       81943
       81989
       82013
       82068
       82103
       82174
       82258
       82276
       82325
       82417
       82510
       82559
       82585
       82645
       82696
       82717
       82792
       82799
       82829
       82859
       82931
       82963
       83045
       83138
       83151
       83248
       83275
       83341
       83397
       83426
       83434
       83533
       83535
       83590
       83600
       83626
       83656
       83722
       83754
       83815
       83852
       83950
       83994
       84070
       84070
       84110
       84173
       84173
       84213
       84277
       84295
       84369
       84408
       84502
       84517
       84602
       84617
       84649
       84670
       84741
       84773
       84778
       84793
       84870
       84925
       84955
       84978
       84996
       85081
       85139
       85202
       85273
       85274
       85351
       85395
       85473
       85489
       85510
       85566
       85663
       85685
       85732
       85797
       85856
       85913
       85997
       86005
       86073
       86078
       86172
       86252
       86276
       86301
       86397
       86422
       86432
       86500
       86512
       86557
       86558
       86565
       86586
       86668
       86741
       86787
       86803
       86811
       86858
       86895
       86934
       86992
       87068
       87097
       87160
       87227
       87310
       87396
       87493
       87514
       87589
       87656
       87708
       87786
       87810
       87889
       87985
       88051
       88073
       88096
       88144
       88203
       88297
       88380
       88443
       88495
       88507
       88561
       88602
       88663
       88737
       88782
       88853
       88870
       88875
       88926
       89015
       89108
       89143
       89181
       89238
       89307
       89384
       89411
       89476
       89538
       89541
       89573
       89655
       89740
       89821
       89905
       89968
       89992
       90011
       90072
       90075
       90149
       90248
       90320
       90406
       90469
       90516
       90570
       90641
       90680
       90744
       90839
       90921
       90998
       90999
       91039
       91055
       91076
       91092
       91184
       91222
       91225
       91291
       91351
       91416
       91468
       91479
       91556
       91628
       91725
       91763
       91763
       91793
       91886
       91886
       91944
       91946
       92033
       92119
       92198
       92218
       92238
       92315
       92330
       92366
       92407
       92461
       92512
       92581
       92666
       92730
       92768
       92821
       92883
       92980
       93060
       93093
       93120
       93179
       93201
       93261
       93299
       93335
       93424
       93479
       93536
       93607
       93608
       93659
       93714
       93734
       93740
       93819
       93840
       93882
       93966
       94002
       94028
       94029
       94119
       94168
       94195
       94229
       94295
       94335
       94419
       94446
       94536
       94617
       94641
       94687
       94718
       94774
       94867
       94911
       94994
       95085
       95170
       95187
       95255
       95298
       95347
       95375
       95453
       95498
       95560
       95638
       95717
       95816
       95835
       95895
       95986
       95987
       96017
       96103
       96155
       96175
       96246
       96289
       96308
       96338
       96406
       96489
       96546
       96592
       96629
       96661
       96713
       96720
       96807
       96901
       96919
       96996
       97076
       97091
       97151
       97216
       97240
       97283
       97285
       97303
       97396
       97408
       97441
       97537
       97614
       97641
       97677
       97681
       97738
       97745
       97803
       97831
       97861
       97949
       97952
       97959
       97987
       98073
       98114
       98173
       98218
       98255
       98351
       98371
       98450
       98471
       98481
       98519
       98555
       98582
       98615
       98659
       98715
       98810
       98826
       98868
       98908
       98991
       98993
       99076
       99108
       99161
       99163
       99190
       99273
       99300
       99354
       99409
       99498
       99526
       99571
       99622
       99664
       99719
       99803
       99877
       99902
       99965
      100018
      100043
      100060
      100117
      100121
      100138
      100162
      100201
      100235
      100243
      100248
      100338
      100357
      100406
      100458
      100556
      100647
      100699
      100736
      100798
      100876
      100897
      100922
      100944
      100946
      100982
      101023
      101041
      101047
      101061
      101082
      101175
      101215
      101254
      101259
      101314
      101397
      101445
      101472
      101485
      101486
      101519
      101599
      101633
      101729
      101763
      101781
      101785
      101819
      101877
      101897
      101955
      101990
      102055
      102125
      102192
      102200
      102227
      102238
      102308
      102318
      102368
      102402
      102463
      102500
      102558
      102566
      102574
      102641
      102678
      102719
      102766
      102855
      102877
      102955
      102985
      103047
      103115
      103117
      103182
      103182
      103192
      103209
      103237
      103242
      103280
      103362
      103443
      103485
      103485
      103518
      103587
      103606
      103618
      103673
      103739
      103806
      103882
      103933
      103996
      104059
      104158
      104238
      104254
      104327
      104383
      104396
      104427
      104480
      104562
      104639
      104692
      104789
      104790
      104850
      104937
      104991
      105075
      105130
      105227
      105281
      105374
      105447
      105505
      105571
      105653
      105718
      105734
      105760
      105785
      105797
      105832
      105896
      105913
      106005
      106015
      106058
      106064
      106099
      106149
      106166
      106209
      106292
      106361
      106379
      106470
      106474
      106539
      106626
      106649
      106707
      106730
      106794
      106879
      106881
      106943
      106977
      107066
      107137
      107192
      107286
      107310
      107315
      107384
      107483
      107566
      107599
      107691
      107718
      107759
      107799
      107863
      107958
      107993
      108038
      108078
      108097
      108132
      108217
      108297
      108389
      108445
      108499
      108567
      108638
      108647
      108670
      108690
      108776
      108826
      108854
      108943
      108959
      109055
      109091
      109180
      109251
      109287
      109338
      109352
      109409
      109484
      109484
      109517
      109575
      109590
      109660
      109751
      109768
      109781
      109860
      109862
      109938
      109961
      109992
      110069
      110125
      110196
      110287
      110294
      110361
      110434
      110468
      110512
      110591
      110654
      110725
      110757
      110787
      110869
      110945
      110971
      111057
      111114
      111201
      111235
      111327
      111409
      111481
      111555
      111648
      111676
      111773
      111844
      111917
      112003
      112086
      112101
      112177
      112242
      112306
      112357
      112456
      112467
      112549
      112584
      112632
      112692
      112787
      112877
      112944
      112976
      113051
      113090
      113094
      113133
      113173
      113184
      113188
      113223
      113265
      113300
      113382
      113393
      113491
      113542
      113596
      113614
      113691
      113737
      113749
      113777
      113794
      113861
      113883
      113886
      113974
      114025
      114060
      114067
      114114
      114178
      114255
      114306
      114358
      114432
      114480
      114533
      114539
      114568
      114605
      114613
      114629
      114650
      114699
      114744
      114827
      114905
      114938
      114965
      114975
      115063
      115091
      115126
      115191
      115271
      115307
      115319
      115393
      115429
      115522
      115553
      115640
      115713
      115812
      115910
      115923
      116007
      116053
      116102
      116152
      116174
      116262
      116270
      116317
      116330
      116418
      116494
      116541
      116555
      116571
      116651
      116669
      116740
      116758
      116834
      116920
      116922
      116944
      116975
      117069
      117123
      117180
      117214
      117214
      117290
      117341
      117389
      117452
      117511
      117551
      117563
      117651
      117704
      117707
      117742
      117783
      117806
      117862
      117869
      117917
      118007
      118074
      118144
      118235
      118268
      118280
      118330
      118368
      118441
      118530
      118588
      118626
      118630
      118644
      118703
      118757
      118842
      118879
      118949
      118976
      119066
      119108
      119146
      119192
      119209
      119292
      119374
      119432
      119520
      119542
      119584
      119625
      119632
      119693
      119748
      119767
      119789
      119805
      119857
      119917
      119934
      119980
      120048
      120117
      120186
      120227
      120308
      120384
      120387
      120465
      120506
      120584
      120604
      120692
      120694
      120720
      120724
      120772
      120817
      120881
      120919
      120955
      120991
      121032
      121051
      121073
      121099
      121180
      121209
      121214
      121279
      121327
      121331
      121353
      121436
      121518
      121587
      121619
      121632
      121650
      121689
      121691
      121736
      121817
      121823
      121866
      121926
      122021
      122075
      122171
      122250
      122277
      122323
      122405
      122416
      122473
      122540
      122540
      122541
      122603
      122647
      122666
      122739
      122809
      122830
      122837
      122886
      122939
      123022
      123040
      123056
      123109
      123169
      123206
      123231
      123287
      123355
      123396
      123463
      123515
      123544
      123594
      123680
      123719
      123768
      123849
      123879
      123971
      123989
      124076
      124143
      124235
      124250
      124259
      124345
      124352
      124439
      124534
      124606
      124697
      124768
      124785
      124845
      124925
      125022
      125024
      125058
      125133
      125190
      125196
      125263
      125324
      125329
      125387
      125404
      125473
      125536
      125582
      125644
      125682
      125721
      125747
      125761
      125822
      125897
      125980
      126066
      126149
      126222
      126225
      126270
      126361
      126432
      126497
      126555
      126636
      126694
      126735
      126832
      126833
      126917
      126973
      127035
      127100
      127191
      127249
      127259
      127346
      127358
      127454
      127511
      127580
      127642
      127671
      127690
      127722
      127761
      127795
      127841
      127930
      127980
      128038
      128093
      128177
      128250
      128282
      128341
      128410
      128421
      128454
      128549
      128638
      128699
      128749
      128796
      128796
      128871
      128940
      129013
      129054
      129081
      129105
      129107
      129129
      129179
      129196
      129201
      129267
      129341
      129436
      129465
      129495
      129505
      129505
      129599
      129658
      129667
      129736
      129742
      129781
      129873
      129918
      129948
      129978
      130056
      130114
      130136
      130172
      130240
      130251
      130273
      130325
      130382
      130481
      130497
      130594
      130621
      130686
      130746
      130813
      130884
      130887
      130907
      130917
      130919
      130920
      131010
      131089
      131123
      131141
      131234
      131301
      131363
      131422
      131472
      131537
      131565
      131623
      131717
      131729
      131768
      131805
      131903
      131998
      132043
      132057
      132105
      132105
      132131
      132143
      132195
      132258
      132316
      132365
      132460
      132516
      132589
      132650
      132689
      132690
      132721
      132786
      132882
      132921
      133014
      133084
      133102
      133169
      133207
      133222
      133266
      133330
      133359
      133414
      133462
      133528
      133576
      133673
      133727
      133758
      133837
      133895
      133935
      133957
      134034
      134058
      134119
      134171
      134188
      134236
      134323
      134390
      134397
      134492
      134590
      134645
      134700
      134712
      134794
      134862
      134952
      134992
      135012
      135032
      135044
      135089
      135110
      135130
      135143
      135201
      135204
      135278
      135285
      135317
      135408
      135430
      135515
      135538
      135606
      135657
      135675
      135762
      135812
      135895
      135971
      136034
      136058
      136086
      136115
      136180
      136272
      136294
      136307
      136338
      136348
      136406
      136440
      136511
      136592
      136682
      136729
      136827
      136891
      136960
      136986
      137084
      137123
      137142
      137194
      137267
      137281
      137295
      137298
      137336
      137435
      137441
      137513
      137554
      137585
      137604
      137658
      137729
      137786
      137835
      137877
      137882
      137910
      137929
      137958
      138027
      138043
      138089
      138117
      138204
      138255
      138301
      138370
      138464
      138559
      138615
      138667
      138670
      138692
      138716
      138802
      138821
      138878
      138910
      138976
      139073
      139166
      139180
      139214
      139302
      139348
      139422
      139499
      139563
      139659
      139702
      139747
      139795
      139893
      139966
      140043
      140140
      140144
      140168
      140236
      140303
      140309
      140378
      140463
      140547
      140613
      140637
      140661
      140689
      140761
      140823
      140845
      140856
      140868
      140953
      140990
      141078
      141156
      141211
      141249
      141346
      141396
      141430
      141491
      141525
      141606
      141671
      141686
      141780
      141841
      141932
      141976
      142048
      142084
      142178
      142224
      142234
      142249
      142302
      142372
      142416
      142431
      142513
      142576
      142598
      142694
      142757
      142835
      142851
      142854
      142895
      142905
      142927
      142998
      143000
      143061
      143063
      143140
      143157
      143158
      143220
      143251
      143325
      143423
      143441
      143448
      143476
      143546
      143623
      143691
      143763
      143781
      143855
      143953
      144006
      144105
      144189
      144271
      144318
      144396
      144465
      144483
      144539
      144541
      144596
      144692
      144784
      144825
      144908
      144963
      145056
      145098
      145110
      145136
      145139
      145202
      145214
      145265
      145330
      145372
      145444
      145449
      145486
      145562
      145643
      145674
      145721
      145776
      145806
      145828
      145926
      145935
      146029
      146056
      146103
      146194
      146282
      146334
      146375
      146430
      146497
      146507
      146581
      146624
      146657
      146686
      146733
      146769
      146865
      146901
      147000
      147010
      147055
      147124
      147195
      147201
      147241
      147276
      147293
      147306
      147352
      147375
      147414
      147468
      147482
      147562
      147652
      147656
      147715
      147732
      147736
      147788
      147788
      147880
      147909
      147974
      148055
      148147
      148195
      148252
      148320
      148332
      148430
      148520
      148614
      148636
      148649
      148705
      148803
      148884
      148955
      148990
      149086
      149174
      149194
      149292
      149303
      149328
      149330
      149414
      149446
      149541
      149573
      149587
      149641
      149705
      149732
      149789
      149792
      149862
      149930
      149937
      149966
      150022
      150095
      150156
      150183
      150249
      150279
      150313
      150390
      150480
      150543
      150583
      150624
      150666
      150727
      150745
      150836
      150914
      150923
      151015
      151070
      151158
      151211
      151308
      151390
      151406
      151421
      151433
      151505
      151573
      151593
      151665
      151756
      151832
      151900
      151962
      152039
      152119
      152141
      152235
      152283
      152345
      152372
      152416
      152466
      152532
      152583
      152677
      152730
      152745
      152779
      152822
      152827
      152879
      152939
      152987
      153033
      153051
      153091
      153174
      153184
      153242
      153324
      153400
      153428
      153471
      153522
      153557
      153633
      153667
      153703
      153705
      153800
      153841
      153893
      153936
      154021
      154032
      154034
      154038
      154077
      154136
      154220
      154242
      154285
      154366
      154449
      154472
      154488
      154545
      154636
      154732
      154824
      154855
      154926
      154948
      154958
      155011
      155070
      155098
      155152
      155175
      155247
      155303
      155400
      155487
      155582
      155616
      155616
      155699
      155717
      155744
      155811
      155862
      155953
      156045
      156092
      156157
      156160
      156238
      156244
      156258
      156308
      156327
      156404
      156453
      156471
      156552
      156625
      156655
      156669
      156678
      156717
      156791
      156863
      156911
      156948
      156963
      156990
      156990
      157030
      157115
      157126
      157127
      157170
      157264
      157268
      157282
      157328
      157405
      157453
      157483
      157535
      157542
      157574
      157596
      157657
      157697
      157742
      157811
      157908
      157996
      158035
      158037
      158127
      158177
      158226
      158317
      158347
      158401
      158455
      158547
      158570
      158590
      158599
      158663
      158748
      158799
      158822
      158845
      158847
      158869
      158941
      158957
      158992
      159026
      159090
      159162
      159254
      159264
      159280
      159365
      159386
      159394
      159479
      159528
      159619
      159708
      159805
      159844
      159894
      159915
      159931
      160006
      160044
      160123
      160212
      160296
      160390
      160421
      160513
      160605
      160618
      160628
      160692
      160700
      160706
      160739
      160794
      160828
      160848
      160946
      161044
      161121
      161160
      161171
      161215
      161291
      161341
      161425
      161459
      161533
      161566
      161588
      161658
      161693
      161758
      161788
      161872
      161895
      161958
      161981
      162048
      162079
      162117
      162118
      162157
      162169
      162192
      162262
      162277
      162319
      162415
      162460
      162525
      162559
      162620
      162633
      162661
      162677
      162745
      162782
      162808
      162882
      162907
      162930
      162962
      163016
      163058
      163121
      163166
      163191
      163238
      163245
      163309
      163402
      163469
      163527
      163569
      163646
      163723
      163737
      163811
      163878
      163893
      163900
      163909
      163959
      163993
      164008
      164079
      164126
      164217
      164226
      164229
      164257
      164296
      164337
      164383
      164462
      164509
      164536
      164600
      164676
      164753
      164809
      164857
      164899
      164934
      165021
      165101
      165191
      165207
      165306
      165374
      165410
      165470
      165564
      165601
      165616
      165632
      165638
      165678
      165732
      165806
      165807
      165843
      165928
      166014
      166014
      166054
      166136
      166144
      166192
      166280
      166327
      166347
      166425
      166513
      166609
      166704
      166752
      166826
      166831
      166915
      166975
      166997
      167019
      167045
      167133
      167169
      167232
      167276
      167373
      167418
      167428
      167493
      167579
      167660
      167686
      167761
      167778
      167807
      167886
      167901
      167974
      168041
      168080
      168158
      168160
      168182
      168230
      168264
      168314
      168402
      168413
      168425
      168431
      168456
      168544
      168559
      168559
      168644
      168686
      168753
      168808
      168846
      168943
      168954
      168977
      169061
      169158
      169231
      169303
      169336
      169384
      169467
      169485
      169510
      169577
      169591
      169676
      169723
      169791
      169824
      169848
      169850
      169932
      170012
      170102
      170135
      170213
      170239
      170284
      170295
      170323
      170348
      170420
      170499
      170502
      170517
      170544
      170629
      170686
      170752
      170837
      170936
      170966
      170983
      171034
      171067
      171080
      171123
      171137
      171143
      171157
      171193
      171233
      171248
      171305
      171400
      171441
      171500
      171555
      171599
      171626
      171713
      171739
      171760
      171843
      171909
      171973
      171986
      172075
      172172
      172242
      172314
      172340
      172363
      172436
      172528
      172587
      172587
      172618
      172690
      172737
      172748
      172786
      172840
      172889
      172977
      173010
      173032
      173095
      173147
      173189
      173197
      173208
      173273
      173364
      173385
      173455
      173498
      173502
      173572
      173667
      173680
      173744
      173799
      173803
      173873
      173921
      173932
      173972
      174022
      174073
      174103
      174129
      174163
      174227
      174273
      174334
      174359
      174393
      174403
      174431
      174481
      174496
      174573
      174618
      174664
      174665
      174697
      174730
      174785
      174869
      174942
      174981
      174982
      175041
      175066
      175097
      175135
      175170
      175217
      175263
      175359
      175395
      175419
      175422
      175515
      175584
      175585
      175643
      175715
      175742
      175814
      175892
      175909
      175942
      176040
      176078
      176078
      176133
      176196
      176275
      176314
      176390
      176433
      176524
      176544
      176637
      176713
      176769
      176782
      176824
      176845
      176859
      176860
      176884
      176904
      176931
      176959
      177034
      177086
      177150
      177199
      177282
      177322
      177363
      177407
      177442
      177488
      177548
      177577
      177664
      177732
      177826
      177887
      177949
      177950
      177970
      177991
      178036
      178079
      178151
      178234
      178258
      178290
      178339
      178408
      178462
      178522
      178597
      178666
      178760
      178764
      178845
      178861
      178907
      178927
      178953
      178977
      179001
      179030
      179054
      179077
      179132
      179227
      179286
      179367
      179453
      179520
      179527
      179559
      179588
      179645
      179675
      179771
      179863
      179916
      179982
      180057
      180067
      180104
      180120
      180182
      180262
      180340
      180413
      180494
      180504
      180552
      180635
      180657
      180659
      180699
      180729
      180789
      180836
      180844
      180868
      180910
      180940
      180965
      181007
      181058
      181068
      181147
      181243
      181290
      181389
      181417
      181439
      181533
      181625
      181688
      181751
      181787
      181884
      181908
      181962
      182041
      182088
      182128
      182183
      182237
      182282
      182352
      182435
      182461
      182544
      182570
      182612
      182650
      182708
      182729
      182749
      182766
      182848
      182875
      182973
      183044
      183100
      183133
      183226
      183311
      183377
      183455
      183544
      183571
      183627
      183659
      183748
      183823
      183883
      183911
      183931
      184017
      184051
      184083
      184136
      184200
      184212
      184230
      184244
      184343
      184345
      184393
      184423
      184451
      184465
      184560
      184603
      184664
      184758
      184761
      184797
      184843
      184908
      184919
      184923
      184968
      184989
      185009
      185049
      185108
      185184
      185244
      185303
      185375
      185389
      185416
      185504
      185601
      185664
      185694
      185718
      185796
      185844
      185868
      185937
      185994
      186085
      186115
      186136
      186235
      186329
      186331
      186346
      186387
      186432
      186440
      186514
      186594
      186654
      186679
      186734
      186751
      186805
      186898
      186919
      187012
      187096
      187128
      187168
      187175
      187224
      187320
      187321
      187326
      187347
      187369
      187430
      187442
      187454
      187456
      187542
      187582
      187653
      187659
      187726
      187739
      187783
      187791
      187876
      187967
      188038
      188060
      188124
      188133
      188210
      188226
      188303
      188363
      188368
      188437
      188501
      188576
      188602
      188645
      188680
      188747
      188776
      188827
      188856
      188864
      188891
      188961
      189056
      189107
      189122
      189201
      189246
      189306
      189363
      189460
      189532
      189580
      189674
      189706
      189752
      189787
      189815
      189865
      189926
      189962
      189978
      190029
      190044
      190093
      190181
      190244
      190259
      190297
      190347
      190396
      190435
      190490
      190495
      190559
      190604
      190617
      190653
      190751
      190839
      190868
      190958
      191000
      191087
      191143
      191199
      191238
      191322
      191398
      191432
      191463
      191540
      191575
      191674
      191738
      191786
      191788
      191799
      191859
      191920
      191930
      191991
      192016
      192084
      192120
      192189
      192253
      192277
      192328
      192366
      192375
      192412
      192475
      192481
      192511
      192516
      192588
      192604
      192678
      192745
      192789
      192815
      192908
      192928
      192980
      192994
      193058
      193069
      193119
      193180
      193206
      193237
      193326
      193328
      193412
      193485
      193553
      193636
      193673
      193751
      193843
      193936
      194004
      194036
      194132
      194212
      194237
      194272
      194348
      194359
      194379
      194439
      194479
      194494
      194532
      194561
      194607
      194610
      194707
      194755
      194788
      194797
      194855
      194887
      194960
      195014
      195047
      195071
      195132
      195147
      195177
      195222
      195232
      195293
      195383
      195401
      195408
      195471
      195555
      195578
      195641
      195702
      195756
      195802
      195815
      195850
      195947
      195974
      196052
      196096
      196193
      196249
      196304
      196304
      196387
      196418
      196512
      196593
      196656
      196683
      196746
      196842
      196858
      196915
      196959
      196983
      197029
      197075
      197097
      197108
      197136
      197158
      197244
      197287
      197303
      197350
      197395
      197432
      197446
      197531
      197571
      197644
      197721
      197736
      197749
      197776
      197801
      197898
      197969
      198065
      198124
      198185
      198248
      198292
      198357
      198429
      198468
      198507
      198604
      198641
      198723
      198799
      198875
      198938
      198974
      199046
      199097
      199170
      199235
      199263
      199324
      199410
      199502
      199535
      199569
      199660
      199692
      199724
      199787
      199824
      199914
      200008
      200083
      200142
      200234
      200329
      200380
      200438
      200444
      200492
      200540
      200604
      200669
      200674
      200740
      200772
      200844
      200924
      200994
      201020
      201055
      201098
      201168
      201241
      201330
      201406
      201423
      201449
      201483
      201518
      201541
      201611
      201635
      201705
      201737
      201761
      201809
      201867
      201951
      202023
      202025
      202119
      202137
      202230
      202265
      202277
      202326
      202404
      202408
      202462
      202484
      202574
      202596
      202681
      202688
      202703
      202787
      202835
      202840
      202871
      202948
      202991
      203019
      203020
      203085
      203177
      203271
      203274
      203339
      203352
      203381
      203465
      203547
      203558
      203567
      203636
      203710
      203746
      203793
      203833
      203882
      203905
      203930
      204025
      204036
      204059
      204105
      204125
      204213
      204280
      204306
      204349
      204392
      204488
      204559
      204649
      204679
      204692
      204753
      204805
      204880
      204921
      204964
      205058
      205107
      205131
      205164
      205190
      205266
      205329
      205394
      205472
      205498
      205527
      205612
      205694
      205697
      205729
      205789
      205875
      205880
      205912
      206006
      206052
      206132
      206160
      206212
      206287
      206297
      206315
      206398
      206429
      206527
      206579
      206590
      206619
      206699
      206791
      206828
      206882
      206940
      207001
      207052
      207132
      207168
      207223
      207248
      207327
      207422
      207450
      207475
      207561
      207621
      207702
      207714
      207733
      207808
      207905
      207919
      207971
      208055
      208127
      208182
      208242
      208327
      208404
      208474
      208523
      208527
      208607
      208663
      208722
      208818
      208833
      208864
      208880
      208902
      208929
      209008
      209030
      209031
      209120
      209218
      209301
      209335
      209417
      209465
      209518
      209538
      209596
      209636
      209735
      209748
      209846
      209875
      209903
      209915
      209956
      209972
      210030
      210038
      210082
      210093
      210099
      210172
      210242
      210338
      210423
      210465
      210505
      210529
      210574
      210659
      210740
      210813
      210830
      210869
      210904
      210978
      211065
      211157
      211159
      211208
      211265
      211358
      211365
      211436
      211442
      211523
      211591
      211651
      211731
      211824
      211892
      211918
      211931
      211986
      212001
      212028
      212045
      212135
      212186
      212215
      212241
      212331
      212382
      212429
      212468
      212510
      212589
      212598
      212666
      212737
      212824
      212835
      212849
      212905
      212962
      212998
      213055
      213108
      213156
      213233
      213270
      213333
      213417
      213493
      213583
      213641
      213677
      213730
      213759
      213849
      213857
      213929
      213986
      214084
      214115
      214182
      214192
      214288
      214340
      214412
      214457
      214476
      214520
      214563
      214650
      214680
      214688
      214705
      214729
      214735
      214826
      214833
      214863
      214880
      214929
      214967
      215035
      215098
      215194
      215267
      215327
      215350
      215424
      215512
      215564
      215622
      215653
      215737
      215818
      215910
      215935
      215984
      216055
      216072
      216115
      216116
      216213
      216262
      216347
      216404
      216446
      216505
      216523
      216605
      216692
      216751
      216811
      216875
      216878
      216932
      216938
      216968
      216997
      217042
      217105
      217138
      217188
      217207
      217256
      217294
      217352
      217391
      217400
      217450
      217529
      217550
      217632
      217702
      217770
      217817
      217856
      217934
      218021
      218076
      218130
      218204
      218273
      218341
      218406
      218488
      218515
      218547
      218644
      218710
      218737
      218834
      218852
      218902
      218906
      218930
      218938
      219004
      219103
      219110
      219165
      219174
      219253
      219271
      219280
      219294
      219388
      219455
      219491
      219522
      219532
      219614
      219659
      219699
      219783
      219790
      219795
      219823
      219840
      219852
      219940
      219988
      220040
      220069
      220116
      220160
      220235
      220333
      220365
      220420
      220496
      220566
      220628
      220636
      220726
      220802
      220854
      220892
      220909
      220911
      220967
      221015
      221095
      221152
      221184
      221197
      221290
      221340
      221439
      221530
      221555
      221639
      221646
      221732
      221775
      221845
      221848
      221853
      221899
      221926
      221974
      222070
      222121
      222168
      222239
      222302
      222318
      222346
      222439
      222482
      222575
      222647
      222730
      222813
      222827
      222861
      222943
      222970
      222977
      223070
      223164
      223214
      223246
      223287
      223314
      223387
      223401
      223451
      223476
      223507
      223604
      223699
      223768
      223834
      223897
      223941
      223994
      223996
      224025
      224106
      224136
      224176
      224193
      224201
      224219
      224291
      224388
      224442
      224516
      224522
      224588
      224609
      224681
      224732
      224812
      224846
      224850
      224896
      224991
      225009
      225056
      225074
      225136
      225146
      225165
      225169
      225250
      225321
      225333
      225359
      225406
      225431
      225524
      225582
      225602
      225608
      225687
      225749
      225841
      225922
      225954
      226022
      226082
      226098
      226183
      226250
      226302
      226392
      226405
      226476
      226565
      226639
      226649
      226665
      226689
      226713
      226768
      226847
      226915
      226916
      227005
      227047
      227084
      227145
      227198
      227229
      227321
      227345
      227406
      227504
      227603
      227622
      227693
      227751
      227794
      227847
      227916
      227956
      227963
      228025
      228117
      228202
      228221
      228271
      228343
      228428
      228446
      228475
      228496
      228541
      228608
      228691
      228730
      228811
      228847
      228910
      228951
      228998
      229062
      229143
      229167
      229176
      229204
      229234
      229247
      229258
      229342
      229439
      229473
      229490
      229561
      229566
      229571
      229606
      229612
      229624
      229668
      229733
      229804
      229816
      229886
      229937
      230015
      230066
      230084
      230116
      230121
      230153
      230197
      230219
      230306
      230325
      230420
      230515
      230612
      230686
      230713
      230799
      230885
      230982
      231051
      231125
      231187
      231212
      231260
      231352
      231413
      231475
      231555
      231626
      231675
      231770
      231852
      231885
      231914
      231944
      231971
      232021
      232074
      232155
      232232
      232294
      232297
      232380
      232414
      232463
      232482
      232520
      232538
      232595
      232602
      232607
      232655
      232709
      232751
      232782
      232872
      232881
      232919
      232978
      233017
      233075
      233105
      233136
      233138
      233197
      233288
      233331
      233415
      233481
      233522
      233552
      233563
      233576
      233576
      233614
      233661
      233714
      233729
      233746
      233831
      233910
      233960
      234036
      234103
      234130
      234170
      234212
      234294
      234316
      234406
      234412
      234508
      234536
      234553
      234633
      234647
      234677
      234774
      234783
      234864
      234914
      234944
      234957
      234975
      235028
      235123
      235200
      235274
      235298
      235354
      235371
      235401
      235418
      235443
      235494
      235502
      235525
      235565
      235591
      235617
      235632
      235698
      235787
      235825
      235872
      235903
      235969
      236066
      236073
      236145
      236225
      236317
      236377
      236394
      236444
      236463
      236519
      236527
      236598
      236606
      236680
      236691
      236693
      236707
      236707
      236741
      236767
      236789
      236853
      236895
      236938
      236967
      237046
      237077
      237133
      237186
      237238
      237250
      237251
      237300
      237303
      237346
      237402
      237471
      237518
      237536
      237594
      237622
      237721
      237772
      237838
      237900
      237958
      238045
      238110
      238187
      238278
      238309
      238358
      238394
      238410
      238449
      238512
      238604
      238693
      238766
      238779
      238822
      238839
      238923
      238961
      239032
      239104
      239127
      239155
      239199
      239277
      239325
      239342
      239355
      239356
      239386
      239389
      239484
      239495
      239514
      239554
      239576
      239651
      239719
      239767
      239829
      239854
      239938
      239941
      240018
      240083
      240177
      240193
      240223
      240292
      240359
      240448
      240529
      240578
      240579
      240602
      240627
      240693
      240754
      240771
      240802
      240865
      240900
      240985
      240999
      241091
      241164
      241196
      241243
      241329
      241424
      241503
      241533
      241545
      241618
      241688
      241772
      241836
      241888
      241963
      242000
      242023
      242052
      242126
      242168
      242245
      242296
      242306
      242356
      242380
      242401
      242413
      242482
      242558
      242560
      242628
      242661
      242678
      242760
      242807
      242808
      242850
      242863
      242937
      242952
      243009
      243052
      243124
      243177
      243210
      243258
      243354
      243386
      243427
      243460
      243514
      243514
      243569
      243613
      243624
      243626
      243707
      243752
      243851
      243891
      243903
      243945
      243946
      243976
      243995
      244046
      244094
      244125
      244154
      244232
      244327
      244334
      244430
      244438
      244505
      244550
      244587
      244660
      244678
      244774
      244825
      244863
      244916
      244926
      244933
      244943
      244962
      245015
      245108
      245140
      245144
      245179
      245278
      245322
      245366
      245394
      245412
      245440
      245443
      245474
      245524
      245595
      245655
      245690
      245773
      245789
      245848
      245898
      245949
      246041
      246074
      246084
      246112
      246148
      246171
      246199
      246231
      246245
      246323
      246385
      246424
      246450
      246506
      246558
      246641
      246723
      246820
      246916
      247010
      247109
      247142
      247196
      247289
      247359
      247411
      247478
      247571
      247595
      247675
      247733
      247750
      247831
      247902
      247903
      247904
      247933
      247996
      248094
      248136
      248147
      248232
      248236
      248299
      248387
      248482
      248483
      248545
      248593
      248652
      248652
      248719
      248749
      248810
      248816
      248912
      248985
      249018
      249020
      249088
      249173
      249258
      249281
      249319
      249379
      249432
      249457
      249539
      249628
      249679
      249701
      249777
      249801
      249855
      249916
      249986
      249994
      250032
      250036
      250074
      250135
      250155
      250173
      250253
      250339
      250373
      250441
      250468
      250523
      250572
      250622
      250651
      250698
      250703
      250767
      250809
      250872
      250918
      250937
      250984
      251047
      251117
      251123
      251142
      251204
      251259
      251344
      251367
      251409
      251491
      251546
      251581
      251637
      251641
      251670
      251759
      251774
      251779
      251793
      251820
      251881
      251893
      251930
      252002
      252061
      252160
      252259
      252327
      252340
      252389
      252434
      252435
      252534
      252595
      252658
      252662
      252679
      252694
      252789
      252873
      252909
      252967
      252988
      253003
      253080
      253094
      253118
      253195
      253224
      253232
      253275
      253302
      253303
      253366
      253394
      253472
      253487
      253534
      253543
      253571
      253605
      253605
      253668
      253718
      253779
      253803
      253803
      253830
      253852
      253906
      253920
      253998
      254027
      254070
      254148
      254244
      254289
      254327
      254416
      254457
      254471
      254542
      254625
      254675
      254744
      254808
      254868
      254954
      255034
      255043
      255116
      255197
      255230
      255297
      255330
      255366
      255392
      255491
      255498
      255578
      255620
      255691
      255782
      255798
      255810
      255855
      255889
      255894
      255926
      255992
      255997
      256050
      256110
      256163
      256212
      256264
      256302
      256373
      256417
      256496
      256521
      256553
      256642
      256706
      256714
      256754
      256774
      256790
      256813
      256818
      256868
      256910
      256992
      257001
      257078
      257089
      257121
      257217
      257300
      257371
      257423
      257446
      257509
      257531
      257556
      257610
      257610
      257689
      257718
      257760
      257831
      257846
      257907
      257936
      258022
      258083
      258116
      258129
      258220
      258313
      258331
      258408
      258458
      258515
      258522
      258568
      258613
      258710
      258722
      258779
      258818
      258915
      258922
      258943
      258995
      259033
      259132
      259182
      259255
      259341
      259386
      259400
      259424
      259470
      259510
      259522
      259539
      259626
      259647
      259683
      259701
      259714
      259763
      259798
      259823
      259900
      259914
      259927
      259968
      260062
      260083
      260102
      260178
      260220
      260308
      260391
      260391
      260438
      260484
      260534
      260608
      260703
      260772
      260772
      260823
      260857
      260887
      260921
      260941
      261017
      261087
      261139
      261143
      261172
      261199
      261242
      261290
      261376
      261393
      261427
      261515
      261515
      261565
      261581
      261665
      261682
      261686
      261733
      261736
      261817
      261901
      261993
      262055
      262090
      262113
      262164
      262189
      262233
      262302
      262353
      262385
      262456
      262501
      262579
      262650
      262704
      262785
      262853
      262923
      262965
      263042
      263062
      263077
      263125
      263149
      263247
      263265
      263304
      263391
      263422
      263496
      263580
      263663
      263710
      263725
      263753
      263756
      263841
      263881
      263948
      263991
      264088
      264093
      264120
      264184
      264238
      264252
      264351
      264351
      264375
      264441
      264475
      264569
      264649
      264670
      264742
      264814
      264835
      264848
      264874
      264888
      264893
      264935
      264968
      265007
      265079
      265120
      265216
      265294
      265305
      265404
      265484
      265564
      265606
      265657
      265706
      265714
      265737
      265827
      265924
      265996
      266022
      266026
      266030
      266099
      266164
      266222
      266306
      266349
      266390
      266411
      266442
      266447
      266541
      266601
      266633
      266656
      266735
      266823
      266888
      266949
      266992
      267037
      267083
      267142
      267223
      267322
      267418
      267429
      267486
      267494
      267503
      267594
      267630
      267714
      267764
      267839
      267900
      267948
      267956
      267993
      268053
      268129
      268144
      268242
      268321
      268402
      268416
      268501
      268579
      268579
      268594
      268631
      268717
      268782
      268824
      268894
      268979
      269032
      269045
      269100
      269195
      269195
      269207
      269268
      269333
      269372
      269384
      269467
      269486
      269493
      269504
      269558
      269625
      269640
      269702
      269786
      269839
      269842
      269851
      269931
      270005
      270009
      270100
      270137
      270230
      270305
      270340
      270422
      270496
      270500
      270598
      270694
      270696
      270774
      270792
      270852
      270854
      270911
      270957
      270976
      271018
      271111
      271113
      271170
      271231
      271269
      271279
      271292
      271330
      271388
      271413
      271474
      271475
      271530
      271581
      271675
      271691
      271754
      271815
      271852
      271933
      271935
      271941
      271992
      272056
      272146
      272166
      272254
      272269
      272302
      272350
      272399
      272428
      272445
      272528
      272626
      272689
      272694
      272735
      272767
      272788
      272829
      272911
      272957
      273012
      273026
      273066
      273068
      273160
      273215
      273281
      273370
      273416
      273474
      273547
      273568
      273592
      273650
      273689
      273776
      273850
      273877
      273930
      274028
      274113
      274143
      274152
      274165
      274196
      274275
      274300
      274304
      274392
      274469
      274526
      274539
      274570
      274667
      274677
      274714
      274813
      274884
      274926
      275007
      275011
      275082
      275126
      275219
      275303
      275314
      275323
      275334
      275410
      275493
      275502
      275574
      275586
      275669
      275687
      275703
      275797
      275848
      275902
      275954
      276045
      276121
      276169
      276248
      276290
      276362
      276372
      276406
      276467
      276553
      276628
      276680
      276738
      276781
      276811
      276880
      276969
      277022
      277072
      277160
      277166
      277244
      277324
      277383
      277426
      277453
      277465
      277522
      277605
      277655
      277670
      277676
      277729
      277783
      277848
      277850
      277920
      277993
      278091
      278111
      278164
      278202
      278301
      278352
      278362
      278434
      278469
      278529
      278570
      278660
      278729
      278751
      278845
      278878
      278951
      279015
      279025
      279096
      279099
      279160
      279180
      279259
      279292
      279308
      279334
      279421
      279450
      279528
      279601
      279647
      279698
      279771
      279829
      279920
      279948
      279971
      280054
      280068
      280135
      280216
      280223
      280276
      280296
      280389
      280472
      280475
      280515
      280556
      280578
      280650
      280657
      280696
      280793
      280794
      280879
      280948
      280969
      280977
      281000
      281004
      281027
      281101
      281167
      281215
      281250
      281277
      281363
      281363
      281419
      281462
      281470
      281529
      281596
      281651
      281703
      281770
      281846
      281893
      281895
      281921
      281922
      281930
      281943
      282041
      282044
      282112
      282116
      282166
      282181
      282197
      282272
      282310
      282375
      282463
      282556
      282650
      282702
      282800
      282883
      282931
      282935
      282950
      282960
      282995
      283059
      283075
      283149
      283247
      283300
      283334
      283356
      283361
      283369
      283445
      283493
      283499
      283571
      283586
      283668
      283670
      283755
      283811
      283832
      283897
      283913
      283918
      283981
      284072
      284167
