          62
         125
         202
         258
         343
         418
         446
         475
         494
         502
         594
         618
         640
         706
         751
         831
         835
         891
         925
         984
        1007
        1057
        1114
        1213
        1280
        1377
        1469
        1544
        1605
        1668
        1763
        1770
        1850
        1895
        1931
        1981
        1990
        2023
        2046
        2095
        2128
        2185
        2262
        2289
        2365
        2382
        2470
        2529
        2530
        2602
        2612
        2708
        2805
        2903
        2965
        3050
        3128
        3225
        3300
        3345
        3433
        3462
        3503
        3579
        3638
        3701
        3779
        3864
        3939
        3976
        4070
        4131
        4161
        4210
        4295
        4357
        4431
        4517
        4561
        4614
        4650
        4744
        4812
        4911
        4967
        4977
        5041
        5136
        5172
        5183
        5252
        5280
        5379
        5440
        5496
        5531
        5616
        5619
        5660
        5726
        5818
        5873
        5898
        5970
        6047
        6108
        6144
        6147
        6191
        6282
        6296
        6388
        6391
        6440
        6505
        6563
        6655
        6684
        6746
        6796
        6829
        6860
        6886
        6962
        6963
        6963
        7040
        7104
        7175
        7271
        7341
        7362
        7440
        7506
        7573
        7656
        7745
        7749
        7789
        7792
        7840
        7880
        7938
        8028
        8118
        8181
        8192
        8274
        8309
        8326
        8383
        8451
        8464
        8550
        8622
        8704
        8727
        8785
        8868
        8959
        8992
        9051
        9113
        9177
        9223
        9274
        9363
        9444
        9482
        9494
        9573
        9614
        9701
        9714
        9728
        9733
        9794
        9863
        9872
        9948
       10031
       10065
       10077
       10148
       10213
       10266
       10311
       10385
       10484
       10484
       10529
       10563
       10615
       10659
       10660
       10662
       10759
       10770
       10846
       10892
       10893
       10896
       10940
       11003
       11053
       11129
       11198
       11207
       11240
       11303
       11353
       11374
       11424
       11511
       11549
       11582
       11613
       11679
       11680
       11735
       11813
       11816
       11849
       11909
       11959
       11968
       12029
       12081
       12103
       12124
       12129
       12212
       12225
       12313
       12399
       12432
       12458
       12498
       12566
       12659
       12742
       12761
       12854
       12926
       13020
       13090
       13092
       13103
       13134
       13159
       13187
       13284
       13330
       13358
       13422
       13435
       13483
       13534
       13560
       13598
       13615
       13686
       13746
       13770
       13823
       13905
       13998
       14042
       14080
       14089
       14121
       14159
       14188
       14270
       14270
       14329
       14417
       14511
       14559
       14642
       14649
       14671
       14688
       14730
       14733
       14769
       14848
       14913
       14939
       15028
       15104
       15156
       15196
       15271
       15314
       15404
       15446
       15527
       15573
       15661
       15708
       15732
       15752
       15848
       15879
       15899
       15903
       15927
       15958
       16004
       16075
       16156
       16182
       16258
       16299
       16341
       16412
       16511
       16587
       16608
       16651
       16660
       16696
       16728
       16779
       16800
       16837
       16899
       16945
       17008
       17020
       17035
       17041
       17064
       17125
       17172
       17186
       17207
       17294
       17313
       17362
       17369
       17410
       17411
       17448
       17488
       17524
       17613
       17628
       17659
       17719
       17800
       17847
       17929
       18013
       18109
       18129
       18208
       18227
       18256
       18272
       18359
       18457
       18542
       18631
       18664
       18713
       18795
       18831
       18884
       18946
       18958
       18969
       19047
       19132
       19186
       19275
       19299
       19390
       19469
       19527
       19538
       19596
       19668
       19714
       19792
       19824
       19827
       19921
       19932
       19960
       19960
       20036
       20102
       20121
       20208
       20245
       20286
       20302
       20314
       20406
       20483
       20533
       20543
       20585
       20621
       20700
       20780
       20855
       20929
       20982
       21047
       21122
       21147
       21163
       21179
       21267
       21267
       21295
       21386
       21456
       21534
       21540
       21627
       21667
       21715
       21794
       21893
       21916
       21996
       22071
       22146
       22187
       22209
       22306
       22344
       22438
       22522
       22535
       22605
       22694
       22739
       22805
       22876
       22969
       23010
       23059
       23070
       23162
       23251
       23267
       23323
       23369
       23391
       23459
       23489
       23499
       23597
       23635
       23695
       23784
       23795
       23879
       23892
       23943
       24005
       24058
       24065
       24127
       24199
       24233
       24252
       24351
       24402
       24405
       24453
       24477
       24522
       24598
       24666
       24732
       24783
       24878
       24918
       25005
       25068
       25157
       25166
       25213
       25231
       25268
       25327
       25372
       25404
       25493
       25529
       25622
       25648
       25720
       25743
       25840
       25845
       25845
       25865
       25956
       26019
       26049
       26097
       26161
       26251
       26338
       26423
       26491
       26501
       26521
       26533
       26534
       26556
       26572
       26663
       26753
       26841
       26917
       26984
       27015
       27062
       27100
       27133
       27178
       27222
       27288
       27297
       27380
       27385
       27427
       27503
       27553
       27606
       27613
       27676
       27703
       27782
       27817
       27851
       27865
       27940
       27979
       28059
       28109
       28151
       28204
       28233
       28271
       28280
       28347
       28400
       28479
       28491
       28509
       28603
       28647
       28709
       28795
       28885
       28937
       29016
       29075
       29101
       29167
       29211
       29256
       29307
       29364
       29405
       29489
       29544
       29608
       29635
       29677
       29753
       29824
       29900
       29998
       30038
       30043
       30083
       30141
       30218
       30242
       30325
       30362
       30461
       30516
       30538
       30549
       30554
       30651
       30667
       30668
       30713
       30775
       30863
       30899
       30940
       31034
       31085
       31097
       31118
       31201
       31275
       31322
       31386
       31452
       31525
       31568
       31605
       31610
       31642
       31686
       31691
       31711
       31764
       31824
       31866
       31911
       31937
       31981
       32024
       32118
       32212
       32271
       32338
       32365
       32414
       32495
       32586
       32599
       32696
       32713
       32799
       32893
       32973
       33012
       33013
       33035
       33065
       33115
       33198
       33226
       33235
       33312
       33410
       33470
       33506
       33520
       33585
       33678
       33739
       33780
       33784
       33850
       33851
       33861
       33861
       33888
       33918
       33933
       34016
       34098
       34168
       34264
       34275
       34363
       34371
       34380
       34464
       34486
       34496
       34561
       34597
       34657
       34742
       34822
       34876
       34952
       34999
       35088
       35141
       35150
       35217
       35298
       35355
       35395
       35406
       35485
       35515
       35522
       35592
       35672
       35748
       35800
       35852
       35950
       35970
       36044
       36111
       36183
       36187
       36255
       36335
       36388
       36394
       36415
       36495
       36553
       36650
       36713
       36714
       36762
       36775
       36834
       36895
       36909
       36984
       37026
       37055
       37114
       37197
       37241
       37330
       37389
       37437
       37520
       37610
       37620
       37623
       37678
       37705
       37727
       37779
       37805
       37857
       37887
       37973
       38018
       38110
       38127
       38225
       38312
       38399
       38450
       38518
       38598
       38694
       38757
       38841
       38937
       38939
       39012
       39015
       39111
       39155
       39195
       39217
       39218
       39259
       39295
       39337
       39395
       39458
       39533
       39619
       39656
       39753
       39758
       39845
       39867
       39902
       39925
       39995
       40040
       40094
       40133
       40179
       40260
       40345
       40410
       40483
       40518
       40518
       40584
       40642
       40726
       40737
       40824
       40886
       40965
       40995
       41083
       41118
       41152
       41178
       41231
       41285
       41374
       41424
       41467
       41500
       41556
       41571
       41576
       41617
       41654
       41692
       41692
       41766
       41849
       41853
       41881
       41916
       41956
       42043
       42125
       42168
       42264
       42267
       42287
       42369
       42434
       42498
       42501
       42589
       42650
       42732
       42781
       42791
       42826
       42880
       42917
       42992
       43087
       43099
       43159
       43201
       43201
       43230
       43324
       43402
       43418
       43461
       43547
       43636
       43687
       43698
       43736
       43835
       43842
       43937
       44018
       44052
       44060
       44107
       44121
       44137
       44232
       44244
       44260
       44263
       44297
       44341
       44408
       44421
       44428
       44481
       44521
       44561
       44652
       44715
       44782
       44858
       44950
       44983
       44991
       45007
       45013
       45095
       45192
       45226
       45321
       45397
       45404
       45413
       45499
       45520
       45587
       45684
       45740
       45804
       45852
       45880
       45957
       45984
       46076
       46114
       46129
       46179
       46203
       46221
       46316
       46412
       46482
       46576
       46673
       46738
       46790
       46861
       46913
       46975
       47032
       47111
       47209
       47252
       47343
       47402
       47432
       47480
       47547
       47588
       47686
       47739
       47760
       47814
       47881
       47898
       47992
       48064
       48155
       48253
       48346
       48362
       48428
       48476
       48480
       48555
       48625
       48711
       48754
       48799
       48835
       48913
       48959
       49007
       49022
       49102
       49139
       49221
       49283
       49299
       49303
       49394
       49489
       49502
       49519
       49556
       49592
       49627
       49726
       49768
       49782
       49782
       49873
       49910
       49989
       50088
       50094
       50103
       50138
       50211
       50280
       50367
       50431
       50464
       50561
       50572
       50623
       50661
       50717
       50763
       50784
       50841
       50861
       50929
       50963
       51013
       51085
       51090
       51092
       51122
       51176
       51212
       51230
       51265
       51295
       51325
       51358
       51410
       51475
       51491
       51566
       51567
       51612
       51701
       51800
       51840
       51898
       51921
       52010
       52075
       52088
       52164
       52260
       52273
       52291
       52389
       52415
       52467
       52499
       52556
       52640
       52664
       52751
       52773
       52810
       52863
       52866
       52924
       52967
       53016
       53113
       53201
       53260
       53342
       53388
       53456
       53534
       53543
       53625
       53627
       53721
       53801
       53858
       53917
       53982
       54043
       54044
       54069
       54077
       54115
       54205
       54288
       54299
       54397
       54426
       54520
       54604
       54678
       54758
       54796
       54870
       54881
       54906
       54927
       54964
       54972
       55057
       55089
       55132
       55154
       55155
       55238
       55288
       55312
       55384
       55457
       55466
       55547
       55573
       55662
       55689
       55700
       55783
       55859
       55873
       55903
       55962
       56047
       56069
       56095
       56148
       56157
       56173
       56179
       56204
       56217
       56245
       56283
       56345
       56353
       56417
       56498
       56510
       56587
       56620
       56645
       56667
       56757
       56762
       56792
       56794
       56884
       56983
       57023
       57068
       57127
       57140
       57187
       57257
       57258
       57269
       57315
       57361
       57438
       57524
       57592
       57676
       57767
       57819
       57875
       57899
       57911
       57916
       57994
       58057
       58124
       58154
       58228
       58265
       58361
