           5
           9
          35
         130
         221
         240
         297
         343
         419
         456
         508
         606
         617
         659
         677
         725
         753
         843
         933
        1015
        1088
        1141
        1168
        1258
        1347
        1429
        1506
        1514
        1573
        1637
        1649
        1716
        1738
        1777
        1829
        1831
        1856
        1911
        1940
        1940
        2020
        2103
        2190
        2203
        2253
        2289
        2349
        2379
        2423
        2433
        2447
        2451
        2469
        2488
        2525
        2579
        2672
        2770
        2852
        2936
        3006
        3073
        3135
        3162
        3247
        3299
        3342
        3417
        3434
        3442
        3517
        3569
        3614
        3623
        3711
        3751
        3793
        3828
        3831
        3926
        3927
        3994
        4012
        4028
        4079
        4148
        4204
        4228
        4303
        4323
        4357
        4417
        4478
        4499
        4544
        4625
        4704
        4771
        4840
        4842
        4930
        4980
        5011
        5023
        5041
        5120
        5210
        5265
        5335
        5395
        5397
        5404
        5469
        5522
        5573
        5666
        5722
        5781
        5831
        5843
        5872
        5878
        5977
        6036
        6100
        6133
        6135
        6210
        6267
        6272
        6346
        6382
        6408
        6464
        6501
        6532
        6629
        6695
        6753
        6799
        6831
        6838
        6878
        6900
        6959
        7041
        7062
        7094
        7107
        7190
        7253
        7293
        7332
        7404
        7468
        7520
        7597
        7629
        7681
        7696
        7709
        7731
        7763
        7849
        7899
        7974
        8024
        8077
        8119
        8139
        8226
        8301
        8301
        8347
        8412
        8462
        8498
        8508
        8535
        8540
        8582
        8631
        8638
        8687
        8722
        8767
        8795
        8826
        8874
        8893
        8983
        9056
        9114
        9170
        9204
        9264
        9354
        9393
        9476
        9513
        9559
        9638
        9690
        9787
        9821
        9910
        9954
        9981
       10068
       10105
       10110
       10196
       10267
       10325
       10329
       10357
       10429
       10434
       10446
       10476
       10550
       10635
       10734
       10761
       10822
       10831
       10897
       10948
       11001
       11081
       11162
       11166
       11237
       11262
       11338
       11400
       11410
       11465
       11495
       11575
       11647
       11743
       11746
       11754
       11782
       11845
       11941
       11956
       11967
       12051
       12097
       12121
       12203
       12299
       12301
       12327
       12372
       12454
       12538
       12573
       12663
       12741
       12758
       12800
       12822
       12899
       12910
       13006
       13098
       13170
       13261
       13304
       13361
       13409
       13471
       13553
       13554
       13625
       13702
       13767
       13841
       13914
       13961
       13966
       14004
       14011
       14065
       14067
       14161
       14202
       14299
       14357
       14441
       14531
       14623
       14655
       14656
       14752
       14772
       14790
       14851
       14910
       15003
       15062
       15116
       15206
       15292
       15349
       15407
       15502
       15515
       15589
       15612
       15666
       15762
       15833
       15915
       15931
       15935
       16000
       16055
       16061
       16127
       16169
       16212
       16286
       16290
       16353
       16438
       16494
       16578
       16662
       16667
       16729
       16763
       16781
       16827
       16859
       16904
       16940
       16994
       17026
       17072
       17106
       17154
       17172
       17253
       17302
       17332
       17421
       17457
       17463
       17469
       17506
       17544
       17572
       17640
       17726
       17787
       17849
       17865
       17868
       17923
       17980
       18032
       18035
       18110
       18208
       18292
       18384
       18408
       18417
       18484
       18501
       18593
       18656
       18723
       18742
       18821
       18822
       18881
       18954
       19052
       19136
       19221
       19248
       19302
       19377
       19439
       19493
       19505
       19572
       19652
       19701
       19715
       19750
       19757
       19847
       19908
       19971
       20060
       20087
       20181
       20278
       20365
       20427
       20486
       20549
       20566
       20599
       20695
       20707
       20765
       20842
       20888
       20925
       20994
       21058
       21063
       21135
       21168
       21198
       21220
       21293
       21332
       21430
       21490
       21536
       21609
       21691
       21744
       21802
       21820
       21865
       21897
       21922
       21982
       22075
       22121
       22157
       22249
       22280
       22359
       22437
       22471
       22477
       22544
       22643
       22646
       22728
       22821
       22899
       22959
       23005
       23023
       23050
       23127
       23139
       23146
       23212
       23289
       23362
       23399
       23437
       23496
       23595
       23667
       23688
       23746
       23799
       23865
       23934
       23994
       24035
       24126
       24150
       24182
       24268
       24313
       24329
       24385
       24478
       24528
       24561
       24573
       24642
       24664
       24739
       24805
       24813
       24854
       24894
       24900
       24978
       24987
       25015
       25037
       25071
       25125
       25175
       25269
       25274
       25335
       25343
       25397
       25410
       25502
       25559
       25573
       25587
       25644
       25728
       25824
       25894
       25916
       25934
       25943
       25977
       25979
       25996
       26039
       26039
       26125
       26141
       26229
       26275
       26307
       26340
       26411
       26430
       26494
       26563
       26658
       26701
       26729
       26767
       26809
       26827
       26827
       26898
       26957
       27027
       27080
       27127
       27143
       27164
       27175
       27220
       27252
       27259
       27295
       27297
       27309
       27407
       27451
       27463
       27504
       27591
       27631
       27660
       27679
       27775
       27817
       27876
       27876
       27975
       28064
       28065
       28102
       28145
       28207
       28246
       28345
       28382
       28469
       28537
       28585
       28615
       28657
       28694
       28698
       28711
       28737
       28756
       28786
       28852
       28870
       28943
       29040
       29083
       29133
       29165
       29199
       29258
       29289
       29347
       29358
       29433
       29456
       29498
       29585
       29630
       29635
       29682
       29691
       29714
       29765
       29853
       29853
       29899
       29990
       30089
       30154
       30200
       30205
       30279
       30279
       30367
       30422
       30477
       30531
       30623
       30722
       30780
       30870
       30886
       30980
       31035
       31095
       31179
       31218
       31280
       31348
       31439
       31448
       31520
       31602
       31657
       31748
       31809
       31813
       31906
       31939
       32020
       32033
       32035
       32051
       32086
       32119
       32143
       32165
       32257
       32310
       32390
       32489
       32565
       32614
       32686
       32707
       32770
       32789
       32790
       32840
       32914
       32916
       32979
       33046
       33094
       33124
       33220
       33251
       33312
       33360
       33391
       33484
       33582
       33637
       33708
       33734
       33807
       33838
       33937
       34022
       34042
       34125
       34128
       34180
       34193
       34263
       34335
       34391
       34404
       34445
       34530
       34583
       34604
       34669
       34709
       34725
       34760
       34841
       34917
       34934
       34993
       35071
       35167
       35262
       35301
       35359
       35435
       35522
       35607
       35676
       35687
       35710
       35783
       35814
       35913
       35996
       36040
       36137
       36143
       36177
       36262
       36268
       36311
       36402
       36406
       36446
       36519
       36547
       36639
       36680
       36770
       36854
       36946
       36999
       37072
       37121
       37140
       37171
       37236
       37288
       37310
       37363
       37379
       37426
       37517
       37574
       37655
       37702
       37735
       37806
       37876
       37950
       38009
       38036
       38070
       38143
       38143
       38218
       38274
       38283
       38380
       38426
       38438
       38470
       38509
       38578
       38666
       38681
       38725
       38731
       38829
       38855
       38899
       38909
       38918
       39015
       39063
       39104
       39147
       39175
       39181
       39230
       39295
       39319
       39367
       39384
       39471
       39507
       39540
       39578
       39580
       39594
       39626
       39723
       39779
       39846
       39881
       39907
       39936
       40020
       40088
       40147
       40178
       40272
       40354
       40438
       40518
       40589
       40681
       40770
       40858
       40943
       41010
       41108
       41189
       41217
       41223
       41321
       41390
       41406
       41504
       41534
       41586
       41629
       41703
       41740
       41784
       41851
       41877
       41887
       41887
       41911
       41998
       42030
       42045
       42126
       42200
       42225
       42276
       42327
       42420
       42428
       42460
       42517
       42519
       42580
       42600
       42645
       42716
       42725
       42780
       42785
       42835
       42855
       42865
       42891
       42967
       42970
       42982
       42993
       43046
       43131
       43178
       43248
       43263
       43296
       43359
       43396
       43463
       43557
       43649
       43692
       43737
       43759
       43787
       43860
       43910
       43911
       43921
       43965
       44059
       44150
       44240
       44283
       44351
       44392
       44395
       44485
       44526
       44558
       44615
       44698
       44698
       44714
       44750
       44802
       44805
       44892
       44896
       44973
       45000
       45000
       45075
       45097
       45115
       45194
       45281
       45329
       45420
       45436
       45471
       45547
       45547
       45629
       45719
       45722
       45820
       45863
       45911
       45931
       45933
       46013
       46034
       46089
       46127
       46166
       46254
       46260
       46324
       46329
       46394
       46412
       46434
       46437
       46464
       46544
       46591
       46669
       46676
       46700
       46739
       46756
       46825
       46902
       46925
       47020
       47037
       47065
       47140
       47207
       47275
       47302
       47384
       47432
       47480
       47537
       47605
       47657
       47673
       47760
       47767
       47784
       47852
       47910
       47947
       48034
       48084
       48084
       48147
       48187
       48220
       48255
       48348
       48423
       48437
       48501
       48591
       48657
       48686
       48773
       48847
       48907
       48957
       49040
       49118
       49160
       49224
       49226
       49298
       49318
       49349
       49376
       49420
       49501
       49515
       49578
       49615
       49686
       49711
       49761
       49764
       49805
       49861
       49930
       49943
       50030
       50044
       50047
       50142
       50172
       50252
       50289
       50361
       50458
       50496
       50556
       50651
       50686
       50734
       50801
       50870
       50965
       50967
       50995
       51074
       51167
       51204
       51277
       51312
       51352
       51399
       51453
       51496
       51562
       51619
       51718
       51752
       51806
       51891
       51921
       51998
       52050
       52118
       52202
       52291
       52334
       52407
       52450
       52544
       52587
       52663
       52671
       52700
       52784
       52854
       52900
       52935
       53022
       53059
       53144
       53207
       53221
       53244
       53253
       53259
       53284
       53358
       53425
       53472
       53553
       53611
       53663
       53690
       53777
       53872
       53903
       53923
       53927
       53984
       54010
       54040
       54053
       54106
       54205
       54229
       54304
       54393
       54458
       54530
       54543
       54596
       54654
       54673
       54744
       54755
       54756
       54774
       54840
       54939
       55003
       55067
       55077
       55165
       55257
       55312
       55391
       55463
       55538
       55584
       55662
       55690
       55782
       55830
       55837
       55843
       55926
       55959
       56031
       56123
       56179
       56267
       56269
       56321
       56340
       56359
       56428
       56495
       56566
       56571
       56637
       56690
       56714
       56770
       56869
       56872
       56886
       56891
       56947
       57003
       57055
       57126
       57180
       57205
       57247
       57344
       57390
       57473
       57548
       57647
       57674
       57681
       57755
       57796
       57852
       57926
       57951
       58005
       58047
       58072
       58102
       58172
       58252
       58257
       58350
       58440
       58536
       58549
       58582
       58655
       58688
       58774
       58872
       58905
       58976
       59073
       59097
       59148
       59212
       59293
       59326
       59336
       59359
       59429
       59479
       59559
       59620
       59697
       59732
       59756
       59847
       59945
       60005
       60050
       60126
       60185
       60243
       60338
       60391
       60397
       60399
       60403
       60410
       60413
       60464
       60472
       60549
       60560
       60652
       60675
       60764
       60813
       60822
       60908
       60995
       61094
       61118
       61203
       61261
       61325
       61371
       61423
       61501
       61513
       61553
       61643
       61688
       61762
       61787
       61815
       61882
       61899
       61914
       61988
       61995
       62003
       62076
       62156
       62213
       62255
       62278
       62372
       62438
       62459
       62470
       62507
       62601
       62606
       62692
       62717
       62723
       62767
       62816
       62910
       62986
       63078
       63085
       63115
       63131
       63147
       63245
       63292
       63384
       63413
       63493
       63511
       63580
       63620
       63697
       63778
       63864
       63890
       63970
       64069
       64076
       64151
       64235
       64301
       64302
       64333
       64366
       64425
       64511
       64586
       64669
       64762
       64841
       64874
       64956
       65021
       65106
       65134
       65188
       65189
       65245
       65298
       65393
       65466
       65484
       65550
       65564
       65564
       65650
       65709
       65781
       65843
       65913
       65921
       65972
       66024
       66063
       66139
       66227
       66280
       66290
       66359
       66382
       66442
       66443
       66512
       66524
       66603
       66664
       66760
       66817
       66854
       66887
       66936
       66975
       67015
       67102
       67173
       67232
       67248
       67277
       67342
       67379
       67458
       67467
       67509
       67544
       67568
       67659
       67742
       67753
       67775
       67820
       67913
       67950
       67952
       67986
       67993
       68057
       68099
       68184
       68279
       68350
       68448
       68516
       68538
       68596
       68601
       68684
       68693
       68731
       68733
       68786
       68789
       68790
       68798
       68829
       68918
       69001
       69088
       69095
       69178
       69248
       69284
       69353
       69388
       69480
       69506
       69575
       69609
       69623
       69692
       69739
       69838
       69937
       70007
       70071
       70093
       70124
       70144
       70159
       70251
       70254
       70319
       70346
       70439
       70452
       70527
       70610
       70631
       70672
       70760
       70813
       70850
       70919
       70966
       71017
       71114
       71159
       71227
       71241
       71306
       71374
       71394
       71417
       71466
       71544
       71551
       71631
       71674
       71718
       71763
       71780
       71812
       71887
       71901
       71989
       72057
       72084
       72156
       72156
       72243
       72299
       72386
       72479
       72480
       72487
       72515
       72526
       72547
       72555
       72582
       72680
       72761
       72815
       72860
       72872
       72969
       73012
       73028
       73055
       73113
       73144
       73168
       73176
       73257
       73280
       73284
       73290
       73374
       73451
       73516
       73600
       73662
       73700
       73704
       73723
       73811
       73878
       73887
       73979
       74003
       74049
       74101
       74126
       74213
       74253
       74279
       74311
       74386
       74424
       74515
       74583
       74598
       74676
       74736
       74810
       74858
       74939
       74971
       75012
       75013
       75086
       75121
       75197
       75280
       75344
       75402
       75445
       75484
       75502
       75512
       75589
       75686
       75748
       75843
       75939
       76029
       76060
       76077
       76141
       76188
       76240
       76278
       76364
       76454
       76527
       76603
       76626
       76675
       76724
       76763
       76772
       76871
       76958
       77028
       77075
       77083
       77114
       77208
       77224
       77231
       77315
       77362
       77375
       77424
       77434
       77441
       77504
       77528
       77576
       77615
       77626
       77721
       77727
       77741
       77815
       77910
       77921
       77988
       78067
       78159
       78204
       78262
       78293
       78361
       78450
       78513
       78566
       78630
       78673
       78692
       78749
       78771
       78798
       78890
       78894
       78982
       79050
       79100
       79134
       79201
       79215
       79266
       79328
       79398
       79435
       79482
       79511
       79581
       79586
       79606
       79677
       79717
       79747
       79791
       79799
       79845
       79899
       79983
       80041
       80132
       80151
       80243
       80273
       80350
       80388
       80415
       80477
       80553
       80559
       80576
       80600
       80659
       80688
       80748
       80768
       80813
       80862
       80904
       80959
       80960
       81033
       81040
       81128
       81226
       81228
       81245
       81300
       81335
       81339
       81432
       81491
       81497
       81499
       81546
       81583
       81622
       81658
       81717
       81746
       81777
       81862
       81906
       81915
       81994
       81999
       82002
       82046
       82132
       82134
       82181
       82238
       82336
       82382
       82433
       82462
       82499
       82524
       82588
       82663
       82734
       82771
       82837
       82909
       82976
       82982
       83003
       83073
       83090
       83148
       83206
       83265
       83304
       83355
       83429
       83483
       83485
       83490
       83586
       83594
       83656
       83700
       83713
       83760
       83834
       83859
       83877
       83940
       84024
       84084
       84092
       84152
       84217
       84271
       84287
       84334
       84422
       84482
       84539
       84628
       84702
       84704
       84709
       84775
       84812
       84886
       84917
       84958
       84959
       85026
       85049
       85124
       85197
       85261
       85305
       85334
       85379
       85422
       85425
       85515
       85567
       85642
       85684
       85772
       85814
       85874
       85963
       85999
       86068
       86162
       86193
       86260
       86358
       86410
       86449
       86543
       86605
       86667
       86668
       86751
       86754
       86804
       86811
       86836
       86867
       86945
       87016
       87081
       87159
       87225
       87302
       87324
       87333
       87400
       87432
       87439
       87518
       87559
       87632
       87641
       87730
       87822
       87831
       87907
       87952
       87952
       88021
       88063
       88112
       88179
       88278
       88293
       88342
       88375
       88378
       88400
       88435
       88524
       88583
       88661
       88683
       88769
       88848
       88863
       88877
       88918
       88958
       89054
       89124
       89173
       89271
       89311
       89319
       89408
       89482
       89548
       89573
       89638
       89719
       89791
       89889
       89943
       89975
       89984
       90033
       90115
       90174
       90269
       90344
       90424
       90464
       90547
       90567
       90645
       90656
       90669
       90682
       90692
       90791
       90870
       90911
       90991
       91019
       91043
       91092
       91121
       91213
       91235
       91244
       91267
       91293
       91378
       91406
       91429
       91496
       91559
       91619
       91670
       91747
       91747
       91845
       91906
       91909
       92007
       92020
       92055
       92094
       92134
       92210
       92220
       92284
       92328
       92361
       92370
       92371
       92384
       92418
       92425
       92480
       92536
       92610
       92696
       92776
       92871
       92889
       92889
       92903
       92962
       92993
       93083
       93167
       93185
       93201
       93234
       93299
       93363
       93386
       93387
       93460
       93537
       93539
       93578
       93579
       93588
       93610
       93656
       93727
       93762
       93832
       93903
       93939
       94013
       94105
       94153
       94191
       94239
       94244
       94250
       94335
       94366
       94424
       94454
       94519
       94565
       94627
       94690
       94696
       94762
       94861
       94935
       95013
       95043
       95108
       95147
       95169
       95257
       95326
       95327
       95380
       95411
       95453
       95524
       95567
       95630
       95641
       95684
       95735
       95815
       95825
       95893
       95921
       95980
       96035
       96100
       96122
       96160
       96196
       96199
       96236
       96286
       96326
       96333
       96418
       96421
       96481
       96513
       96543
       96551
       96628
       96670
       96681
       96751
       96781
       96803
       96895
       96988
       97056
       97102
       97175
       97230
       97306
       97314
       97363
       97422
       97465
       97510
       97539
       97614
       97617
       97661
       97725
       97746
       97788
       97807
       97878
       97903
       97904
       98001
       98094
       98182
       98263
       98308
       98390
       98430
       98482
       98519
       98583
       98662
       98679
       98685
       98750
       98766
       98844
       98844
       98907
       98995
       99070
       99110
       99140
       99155
       99179
       99273
       99343
       99361
       99379
       99458
       99494
       99503
       99600
       99694
       99728
       99741
       99804
       99826
       99898
       99933
       99975
       99995
      100043
      100051
      100093
      100183
      100206
      100269
      100280
      100297
      100378
      100469
      100479
      100506
      100577
      100663
      100756
      100775
      100867
      100964
      101029
      101038
      101077
      101102
      101154
      101225
      101236
      101240
      101337
      101384
      101423
      101510
      101567
      101576
      101602
      101612
      101704
      101761
      101813
      101896
      101927
      102025
      102115
      102123
      102128
      102215
      102299
      102357
      102366
      102418
      102483
      102540
      102594
      102664
      102668
      102676
      102738
      102740
      102757
      102806
      102821
      102851
      102858
      102940
      102983
      103059
      103115
      103185
      103238
      103279
      103362
      103430
      103478
      103539
      103621
      103661
      103679
      103731
      103798
      103827
      103896
      103967
      104048
      104074
      104130
      104181
      104259
      104292
      104355
      104430
      104486
      104585
      104656
      104692
      104767
      104801
      104813
      104877
      104893
      104902
      104921
      104944
      105032
      105041
      105086
      105178
      105255
      105334
      105430
      105484
      105533
      105536
      105543
      105622
      105706
      105802
      105833
      105919
      106010
      106037
      106120
      106182
      106281
      106338
      106401
      106406
      106504
      106590
      106599
      106696
      106742
      106829
      106854
      106923
      106994
      107017
      107060
      107076
      107090
      107142
      107236
      107277
      107344
      107348
      107404
      107408
      107409
      107461
      107525
      107601
      107687
      107733
      107753
      107804
      107888
      107968
      108001
      108057
      108062
      108103
      108120
      108160
      108221
      108268
      108303
      108335
      108399
      108495
      108548
      108621
      108643
      108688
      108748
      108756
      108830
      108877
      108975
      108993
      109010
      109014
      109089
      109096
      109115
      109195
      109227
      109232
      109291
      109341
      109406
      109469
      109472
      109554
      109592
      109610
      109671
      109728
      109825
      109865
      109867
      109877
      109878
      109929
      109994
      110007
      110011
      110026
      110125
      110209
      110287
      110380
      110461
      110509
      110585
      110625
      110625
      110699
      110786
      110846
      110878
      110917
      111013
      111048
      111104
      111108
      111153
      111223
      111307
      111335
      111375
      111395
      111451
      111517
      111569
      111623
      111721
      111803
      111899
      111993
      112046
      112048
      112116
      112149
      112177
      112271
      112309
      112319
      112383
      112428
      112492
      112566
      112579
      112632
      112646
      112704
      112771
      112805
      112863
      112867
      112939
      113024
      113066
      113118
      113155
      113174
      113233
      113285
      113372
      113399
      113478
      113555
      113612
      113700
      113706
      113717
      113759
      113852
      113875
      113883
      113918
      113988
      114070
      114088
      114115
      114116
      114187
      114201
      114263
      114328
      114386
      114471
      114563
      114590
      114620
      114660
      114709
      114733
      114772
      114865
      114887
      114926
      115003
      115067
      115158
      115194
      115252
      115310
      115321
      115411
      115472
      115552
      115627
      115689
      115761
      115840
      115867
      115931
      115991
      116020
      116078
      116122
      116195
      116272
      116367
      116386
      116448
      116463
      116465
      116557
      116593
      116623
      116691
      116776
      116840
      116921
      116932
      117024
      117027
      117037
      117087
      117173
      117269
      117316
      117321
      117404
      117408
      117480
      117567
      117625
      117663
      117696
      117717
      117721
      117772
      117783
      117785
      117842
      117925
      117957
      118036
      118043
      118110
      118113
      118121
      118161
      118228
      118273
      118348
      118429
      118489
      118497
      118558
      118568
      118646
      118653
      118683
      118772
      118834
      118875
      118963
      119008
      119056
      119093
      119176
      119244
      119330
      119386
      119440
      119472
      119494
      119497
      119511
      119583
      119591
      119632
      119677
      119775
      119848
      119870
      119967
      120035
      120055
      120082
      120101
      120122
      120201
      120258
      120274
      120306
      120333
      120373
      120465
      120526
      120566
      120618
      120683
      120730
      120807
      120864
      120881
      120938
      120970
      120999
      121087
      121116
      121198
      121277
      121316
      121400
      121411
      121420
      121505
      121596
      121671
      121685
      121776
      121846
      121858
      121919
      121959
      122020
      122095
      122098
      122161
      122245
      122267
      122305
      122364
      122427
      122462
      122501
      122538
      122635
      122645
      122650
      122749
      122802
      122875
      122932
      122992
      123006
      123099
      123192
      123256
      123306
      123403
      123453
      123479
      123495
      123519
      123549
      123602
      123602
      123666
      123717
      123751
      123774
      123778
      123795
      123852
      123858
      123927
      123934
      123976
      124038
      124067
      124129
      124214
      124294
      124313
      124371
      124451
      124452
      124479
      124537
      124573
      124631
      124675
      124732
      124743
      124752
      124798
      124888
      124971
      125063
      125063
      125104
      125147
      125159
      125258
      125302
      125387
      125454
      125495
      125528
      125589
      125616
      125631
      125704
      125788
      125792
      125842
      125847
      125863
      125865
      125944
      125955
      125985
      126067
      126112
      126207
      126227
      126303
      126354
      126412
      126413
      126490
      126562
      126609
      126701
      126783
      126783
      126882
      126956
      126968
      126973
      127022
      127102
      127191
      127249
      127272
      127354
      127372
      127398
      127469
      127499
      127537
      127630
      127671
      127738
      127793
      127878
      127952
      127964
      128025
      128035
      128073
      128166
      128244
      128285
      128345
      128350
      128406
      128453
      128471
      128503
      128595
      128638
      128727
      128748
      128845
      128920
      128959
      129011
      129088
      129096
      129159
      129230
      129292
      129313
      129360
      129435
      129517
      129606
      129608
      129673
      129689
      129713
      129716
      129725
      129778
      129838
      129862
      129879
      129925
      130023
      130026
      130091
      130121
      130209
      130288
      130384
      130430
      130503
      130561
      130584
      130604
      130629
      130701
      130798
      130826
      130853
      130912
      130947
      130997
      131040
      131057
      131103
      131170
      131239
      131264
      131280
      131312
      131390
      131470
      131479
      131526
      131584
      131635
      131730
      131777
      131824
      131856
      131880
      131912
      132008
      132020
      132090
      132155
      132233
      132271
      132365
      132461
      132516
      132605
      132651
      132678
      132712
      132807
      132878
      132929
      132976
      133054
      133087
      133129
      133212
      133215
      133280
      133315
      133391
      133475
      133523
      133600
      133624
      133711
      133781
      133841
      133856
      133868
      133873
      133942
      134039
      134071
      134165
      134192
      134286
      134373
      134418
      134515
      134609
      134610
      134706
      134708
      134790
      134863
      134893
      134895
      134975
      135022
      135120
      135168
      135198
      135234
      135241
      135241
      135241
      135310
      135363
      135415
      135463
      135480
      135571
      135594
      135598
      135609
      135631
      135704
      135718
      135733
      135737
      135799
      135889
      135963
      135980
      136015
      136075
      136103
      136115
      136172
      136193
      136251
      136305
      136330
      136349
      136441
      136521
      136548
      136557
      136608
      136626
      136656
      136658
      136722
      136783
      136812
      136862
      136933
      136961
      137046
      137127
      137185
      137251
      137270
      137297
      137320
      137346
      137404
      137498
      137516
      137543
      137618
      137660
      137688
      137688
      137769
      137815
      137888
      137954
      138009
      138068
      138103
      138176
      138209
      138223
      138226
      138246
      138248
      138252
      138261
      138330
      138371
      138396
      138452
      138546
      138578
      138582
      138635
      138706
      138753
      138792
      138845
      138895
      138961
      139058
      139120
      139143
      139241
      139326
      139355
      139367
      139462
      139525
      139588
      139590
      139618
      139650
      139688
      139722
      139779
      139820
      139873
      139960
      140034
      140068
      140127
      140154
      140221
      140314
      140376
      140458
      140512
      140584
      140679
      140753
      140838
      140929
      140956
      140983
      141049
      141059
      141089
      141128
      141218
      141289
      141368
      141442
      141456
      141475
      141484
      141518
      141547
      141598
      141645
      141682
      141742
      141804
      141879
      141972
      142030
      142060
      142069
      142167
      142220
      142243
      142256
      142298
      142378
      142459
      142498
      142506
      142520
      142570
      142589
      142596
      142683
      142748
      142780
      142812
      142885
      142940
      142958
      142982
      142995
      143036
      143045
      143102
      143128
      143145
      143151
      143220
      143272
      143360
      143393
      143466
      143563
      143600
      143678
      143691
      143694
      143705
      143726
      143734
      143789
      143817
      143832
      143865
      143905
      143944
      143994
      144035
      144132
      144145
      144164
      144220
      144278
      144303
      144341
      144370
      144430
      144471
      144498
      144547
      144579
      144663
      144678
      144734
      144821
      144837
      144910
      144959
      144972
      145009
      145083
      145172
      145230
      145247
      145275
      145371
      145426
      145474
      145522
      145580
      145585
      145600
      145637
      145687
      145763
      145842
      145894
      145895
      145976
      146040
      146120
      146161
      146251
      146307
      146385
      146455
      146467
      146495
      146567
      146588
      146613
      146670
      146712
      146745
      146824
      146838
      146892
      146977
      147033
      147095
      147111
      147198
      147259
      147341
      147382
      147444
      147518
      147558
      147601
      147601
      147628
