          13
          93
         125
         197
         289
         337
         412
         450
         545
         623
         697
         783
         827
         919
         974
        1048
        1084
        1128
        1150
        1193
        1257
        1322
        1324
        1333
        1424
        1515
        1521
        1598
        1661
        1735
        1742
        1787
        1796
        1869
        1914
        1984
        2019
        2071
        2092
        2150
        2169
        2246
        2283
        2337
        2391
        2442
        2442
        2460
        2480
        2552
        2605
        2639
        2707
        2789
        2877
        2879
        2938
        2992
        3080
        3114
        3205
        3282
        3314
        3412
        3499
        3566
        3590
        3620
        3638
        3721
        3723
        3737
        3771
        3783
        3816
        3858
        3954
        4013
        4076
        4171
        4209
        4264
        4285
        4363
        4393
        4483
        4524
        4616
        4670
        4696
        4756
        4819
        4850
        4916
        4970
        4984
        5016
        5091
        5159
        5227
        5260
        5274
        5281
        5329
        5329
        5362
        5406
        5445
        5544
        5561
        5606
        5665
        5697
        5717
        5759
        5844
        5862
        5941
        6014
        6111
        6210
        6213
        6286
        6294
        6324
        6345
        6423
        6501
        6512
        6592
        6647
        6710
        6794
        6794
        6823
        6868
        6911
        7003
        7058
        7131
        7157
        7250
        7267
        7313
        7404
        7412
        7439
        7452
        7541
        7584
        7601
        7696
        7755
        7825
        7839
        7935
        7937
        7984
        8011
        8110
        8152
        8205
        8253
        8328
        8412
        8493
        8567
        8646
        8673
        8743
        8767
        8781
        8845
        8852
        8864
        8937
        9023
        9122
        9209
        9271
        9307
        9307
        9400
        9424
        9445
        9533
        9575
        9658
        9751
        9812
        9899
        9976
       10031
       10118
       10142
       10230
       10286
       10357
       10364
       10388
       10425
       10512
       10598
       10607
       10667
       10736
       10812
       10890
       10919
       10989
       11004
       11094
       11153
       11251
       11307
       11392
       11485
       11534
       11593
       11654
       11663
       11693
       11765
       11816
       11836
       11912
       11979
       11979
       12024
