          24
          28
         123
         189
         235
         304
         353
         401
         434
         507
         604
         667
         733
         807
         860
         865
         954
         961
         983
        1018
        1085
        1173
        1189
        1195
        1286
        1287
        1321
        1337
        1356
        1376
        1396
        1420
        1428
        1430
        1451
        1498
        1584
        1587
        1663
        1736
        1795
        1854
        1857
        1933
        2013
        2081
        2158
        2244
        2335
        2423
        2425
        2502
        2580
        2586
        2595
        2651
        2697
        2744
        2804
        2893
        2949
        3010
        3020
        3048
        3093
        3171
        3220
        3312
        3333
        3380
        3467
        3508
        3552
        3562
        3642
        3669
        3670
        3759
        3790
        3809
        3857
        3887
        3940
        4022
        4062
        4094
        4166
        4168
        4250
        4331
        4353
        4380
        4468
        4480
        4576
        4668
        4761
        4841
        4871
        4961
        5009
        5081
        5125
        5177
        5181
        5190
        5225
        5225
        5276
        5329
        5414
        5507
        5521
        5526
        5552
        5639
        5710
        5713
        5750
        5777
        5833
        5847
        5857
        5937
        5965
        6045
        6085
        6165
        6258
        6320
        6325
        6390
        6409
        6504
        6510
        6551
        6632
        6719
        6792
        6829
        6843
        6885
        6939
        6943
        6949
        6986
        7048
        7097
        7128
        7164
        7167
        7218
        7241
        7333
        7389
        7418
        7469
        7503
        7505
        7553
        7576
        7646
        7657
        7659
        7743
        7808
        7824
        7923
        8008
        8093
        8141
        8225
        8247
        8307
        8365
        8440
        8487
        8515
        8577
        8626
        8631
        8723
        8821
        8848
        8848
        8906
        8921
        8935
        9023
        9073
        9082
        9168
        9244
        9273
        9320
        9361
        9387
        9390
        9467
        9535
        9551
        9632
        9668
        9760
        9799
        9830
        9862
        9881
        9955
       10028
       10085
       10149
       10186
       10228
       10232
       10240
       10314
       10389
       10488
       10552
       10554
       10636
       10648
       10738
       10747
       10841
       10858
       10947
       10990
       11042
       11127
       11171
       11176
       11182
       11262
       11336
       11414
       11479
       11564
       11569
       11605
       11607
       11679
       11750
       11796
       11890
       11939
       12012
       12060
       12101
       12184
       12240
       12329
       12353
       12422
       12498
       12532
       12541
       12547
       12581
       12652
       12708
       12800
       12842
       12850
       12949
       12964
       13023
       13122
       13172
       13179
       13267
       13348
       13355
       13448
       13462
       13488
       13557
       13602
       13612
       13653
       13659
       13666
       13671
       13696
       13729
       13828
       13886
       13916
       13921
       13983
       14044
       14097
       14145
       14157
       14251
       14311
       14379
       14459
       14515
       14582
       14588
       14671
       14707
       14725
       14812
       14842
       14843
       14919
       14982
       15008
       15031
       15086
       15088
       15130
       15185
       15264
       15311
       15320
       15367
       15423
       15499
       15546
       15576
       15586
       15633
       15718
       15763
       15862
       15957
       16009
       16083
       16175
       16191
       16198
       16209
       16275
       16307
       16308
       16351
       16364
       16448
       16496
       16539
       16598
       16649
       16658
       16674
       16758
       16807
       16875
       16882
       16978
       17060
       17128
       17227
       17266
       17353
       17449
       17497
       17554
       17580
       17602
       17608
       17629
       17648
       17678
       17700
       17783
       17831
       17925
       17941
       17970
       17989
       17998
       18049
       18140
       18191
       18286
       18366
       18425
       18495
       18507
       18509
       18536
       18548
       18645
       18736
       18752
       18841
       18853
       18910
       18939
       19016
       19059
       19073
       19152
       19248
       19305
       19312
       19347
       19428
       19492
       19529
       19604
       19641
       19670
       19711
       19796
       19871
       19918
       19922
       19997
       20011
       20040
       20113
       20153
       20183
       20227
       20319
       20329
       20363
       20454
       20524
       20578
       20655
       20749
       20845
       20879
       20940
       20942
       21017
       21076
       21079
       21116
       21124
       21154
       21181
       21205
       21216
       21236
       21290
       21348
       21443
       21476
       21534
       21619
       21623
       21649
       21699
       21724
       21763
       21765
       21839
       21849
       21946
       21999
       22046
       22117
       22163
       22200
       22208
       22218
       22256
       22279
       22333
       22358
       22400
       22421
       22445
       22504
       22522
       22620
       22712
       22735
       22778
       22864
       22922
       23000
       23012
       23070
       23108
       23134
       23182
       23265
       23350
       23425
       23523
       23601
       23668
       23741
       23742
       23829
       23907
       24002
       24079
       24174
       24199
       24269
       24288
       24297
       24390
       24472
       24521
       24589
       24629
       24719
       24749
       24768
       24840
       24939
       24977
       24983
       24993
       25034
       25043
       25053
       25084
       25152
       25152
       25244
       25266
       25269
       25270
       25312
       25403
       25456
       25495
       25534
       25554
       25602
       25655
       25697
       25764
       25860
       25937
       25965
       25981
       26029
       26043
       26082
       26095
       26189
       26228
       26258
       26290
       26369
       26390
       26403
       26418
       26482
       26567
       26619
       26637
       26713
       26775
       26822
       26851
       26947
       26993
       27018
       27082
       27087
       27115
       27195
       27251
       27265
       27361
       27365
       27453
       27459
       27480
       27550
       27573
       27612
       27631
       27716
       27741
       27797
       27813
       27838
       27936
       27976
       28007
       28026
       28088
       28169
       28248
       28297
       28303
       28368
       28374
       28407
       28460
       28472
       28474
       28570
       28599
       28659
       28737
       28831
       28927
       28996
       29083
       29148
       29154
       29213
       29219
       29235
       29275
       29335
       29355
       29387
       29396
       29459
       29504
       29504
       29524
       29533
       29573
       29646
       29703
       29762
       29788
       29805
       29858
       29913
       29960
       30015
       30045
       30116
       30122
       30211
       30267
       30351
       30357
       30381
       30421
       30460
       30496
       30564
       30596
       30623
       30691
       30766
       30832
       30891
       30984
       31013
       31066
       31098
       31157
       31159
       31198
       31287
       31352
       31407
       31414
       31492
       31501
       31576
       31655
       31753
       31765
       31836
       31869
       31966
       32034
       32129
       32151
       32218
       32257
       32286
       32357
       32408
       32432
       32529
       32605
       32620
       32649
       32687
       32712
       32783
       32847
       32929
       33013
       33069
       33102
       33158
       33171
       33235
       33319
       33403
       33405
       33419
       33500
       33523
       33533
       33535
       33542
       33633
       33672
       33756
       33777
       33841
       33924
       33984
       34053
       34108
       34125
       34157
       34188
       34216
       34259
       34311
       34403
       34482
       34509
       34536
       34610
       34654
       34745
       34793
       34888
       34979
       35058
       35074
       35099
       35149
       35195
       35195
       35209
       35294
       35309
       35328
       35392
       35404
       35433
       35464
       35502
       35516
       35582
       35641
       35685
       35705
       35714
       35750
       35767
       35820
       35849
       35910
       35983
       36077
       36099
       36135
       36148
       36227
       36303
       36342
       36391
       36444
       36454
       36504
       36531
       36602
       36684
       36741
       36835
       36877
       36971
       37068
       37154
       37207
       37234
       37300
       37341
       37354
       37424
       37519
       37536
       37604
       37692
       37724
       37774
       37811
       37862
       37947
       37962
       37983
       38010
       38034
       38090
       38170
       38198
       38224
       38243
       38289
       38299
       38306
       38306
       38355
       38374
       38437
       38492
       38522
       38578
       38617
       38642
       38653
       38678
       38761
       38851
       38943
       39017
       39063
       39086
       39105
       39129
       39154
       39175
       39243
       39273
       39322
       39370
       39461
       39525
       39578
       39595
       39670
       39696
       39703
       39785
       39851
       39868
       39955
       40036
       40082
       40133
       40225
       40292
       40365
       40387
       40480
       40505
       40512
       40566
       40658
       40728
       40755
       40770
       40821
       40832
       40862
       40895
       40955
       41046
       41052
       41138
       41184
       41265
       41356
       41421
       41454
       41541
       41549
       41630
       41710
       41773
       41829
       41919
       41966
       42053
       42120
       42211
       42300
       42305
       42321
       42383
       42413
       42480
       42549
       42589
       42664
       42732
       42770
       42777
       42810
       42826
       42907
       42944
       42986
       43005
       43035
       43038
       43098
       43151
       43176
       43177
       43190
       43235
       43307
       43324
       43386
       43394
       43457
       43463
       43535
       43578
       43612
       43684
       43734
       43833
       43895
       43926
       44017
       44088
       44126
       44189
       44269
       44348
       44400
       44499
       44530
       44599
       44633
       44718
       44726
       44734
       44774
       44843
       44942
       44961
       44992
       45032
       45095
       45154
       45206
       45287
       45350
       45356
       45451
       45525
       45599
       45636
       45722
       45754
       45786
       45822
       45851
       45879
       45915
       45991
       46020
       46078
       46161
       46188
       46246
       46250
       46331
       46343
       46440
       46448
       46500
       46562
       46622
       46664
       46729
       46787
       46841
       46866
       46952
       46956
       46990
       47073
       47107
       47168
       47235
       47317
       47323
       47331
       47408
       47455
       47538
       47599
       47668
       47723
       47768
       47864
       47892
       47896
       47960
       47998
       48056
       48088
       48173
       48230
       48300
       48370
       48372
       48408
       48449
       48473
       48495
       48554
       48570
       48604
       48640
       48707
       48755
       48803
       48893
       48913
       48975
       48977
       49012
       49084
       49182
       49270
       49275
       49372
       49442
       49455
       49516
       49610
       49665
       49732
       49783
       49818
       49843
       49938
       49951
       50002
       50099
       50129
       50224
       50232
       50276
       50287
       50376
       50390
       50397
       50400
       50446
       50483
       50497
       50534
       50598
       50608
       50654
       50694
       50785
       50874
       50942
       50947
       51032
       51081
       51098
       51171
       51177
       51222
       51270
       51306
       51330
       51429
       51528
       51551
       51578
       51596
       51622
       51691
       51787
       51812
       51859
       51958
       52001
       52039
       52100
       52136
       52172
       52267
       52278
       52296
       52332
       52412
       52494
       52581
       52655
       52739
       52798
       52812
       52901
       52909
       52969
       53065
       53085
       53181
       53222
       53278
       53317
       53353
       53434
       53511
       53532
       53589
       53619
       53716
       53754
       53761
       53798
       53855
       53858
       53910
       53991
       54019
       54028
       54097
       54153
       54221
       54318
       54395
       54437
       54492
       54561
       54565
       54573
       54646
       54704
       54736
       54739
       54789
       54858
       54941
       55024
       55070
       55118
       55196
       55210
       55211
       55230
       55318
       55396
       55422
       55468
       55507
       55529
       55595
       55627
       55701
       55705
       55720
       55751
       55837
       55931
       55940
       56036
       56046
       56053
       56067
       56076
       56121
       56148
       56235
       56268
       56357
       56368
       56391
       56464
       56472
       56533
       56592
       56628
       56629
       56670
       56702
       56714
       56771
       56786
       56825
       56833
       56918
       56932
       57025
       57085
       57108
       57141
       57208
       57213
       57286
       57297
       57310
       57338
       57387
       57390
       57392
       57423
       57478
       57490
       57558
       57644
       57677
       57759
       57766
       57834
       57835
       57929
       57939
       58036
       58128
       58154
       58172
       58206
       58231
       58232
       58317
       58401
       58452
       58472
       58521
       58573
       58641
       58666
       58758
       58842
       58925
       58993
       59021
       59027
       59039
       59127
       59177
       59178
       59207
       59223
       59315
       59344
       59391
       59470
       59499
       59508
       59514
       59575
       59650
       59696
       59736
       59803
       59820
       59820
       59835
       59929
       60009
       60035
       60054
       60127
       60174
       60266
       60327
       60398
       60460
       60519
       60571
       60608
       60658
       60750
       60817
       60878
       60975
       61025
       61043
       61053
       61093
       61156
       61242
       61304
       61317
       61335
       61411
       61415
       61427
       61437
       61503
       61545
       61576
       61650
       61662
       61750
       61831
       61883
       61904
       61999
       62002
       62026
       62067
       62090
       62133
       62136
       62211
       62221
       62229
       62253
       62336
       62390
       62425
       62492
       62524
       62598
       62644
       62729
       62783
       62820
       62841
       62863
       62879
       62903
       62947
       62968
       62990
       63027
       63046
       63066
       63067
       63090
       63160
       63186
       63199
       63220
       63314
       63365
       63417
       63501
       63562
       63575
       63671
       63732
       63822
       63871
       63947
       64025
       64042
       64066
       64157
       64202
       64271
       64357
       64385
       64483
       64501
       64532
       64600
       64647
       64665
       64744
       64761
       64761
       64806
       64902
       64915
       65012
       65030
       65054
       65063
       65126
       65150
       65224
       65307
       65326
       65332
       65426
       65498
       65548
       65640
       65712
       65800
       65836
       65903
       65944
       65973
       66056
       66153
       66201
       66224
       66301
       66394
       66409
       66412
       66496
       66575
       66602
       66621
       66662
       66759
       66832
       66871
       66928
       66939
       67036
       67065
       67129
       67194
       67276
       67342
       67357
       67364
       67435
       67460
       67491
       67542
       67618
       67698
       67786
       67868
       67901
       67967
       67975
       68032
       68086
       68106
       68198
       68254
       68276
       68371
       68439
       68443
       68485
       68535
       68561
       68598
       68663
       68708
       68732
       68819
       68872
       68945
       68999
       69042
       69074
       69085
       69139
       69236
       69306
       69357
       69422
       69452
       69530
       69562
       69575
       69654
       69680
       69769
       69821
       69889
       69970
       70021
       70057
       70105
       70132
       70205
       70293
       70294
       70357
       70363
       70431
       70508
       70553
       70566
       70623
       70674
       70705
       70777
       70826
       70860
       70930
       71024
       71058
       71113
       71195
       71202
       71228
       71325
       71396
       71414
       71456
       71499
       71539
       71597
       71655
       71692
       71706
       71737
       71802
       71895
       71902
       71908
       71990
       72028
       72102
       72185
       72189
       72189
       72255
       72325
       72372
       72389
       72456
       72537
       72539
       72558
       72614
       72708
       72784
       72827
       72829
       72903
       72973
       72976
       73022
       73037
       73132
       73181
       73241
       73272
       73334
       73408
       73427
       73452
       73476
       73491
       73542
       73623
       73697
       73784
       73876
       73884
       73921
       73987
       74072
       74138
       74160
       74204
       74268
       74318
       74400
       74428
       74445
       74464
       74552
       74592
       74603
       74616
       74673
       74692
       74714
       74757
       74854
       74874
       74923
       74985
       74999
       75004
       75059
       75096
       75154
       75223
       75319
       75360
       75423
       75490
       75546
       75562
       75605
       75649
       75726
       75769
       75792
       75832
       75845
       75877
       75913
       75947
       75989
       76077
       76128
       76151
       76221
       76240
       76313
       76378
       76465
       76543
       76594
       76640
       76657
       76665
       76678
       76685
       76709
       76794
       76803
       76807
       76812
       76876
       76945
       77031
       77044
       77115
       77160
       77221
       77289
       77304
       77340
       77346
       77404
       77415
       77442
       77471
       77553
       77652
       77704
       77758
       77849
       77946
       77969
       78046
       78107
       78157
       78206
       78218
       78228
       78326
       78382
       78469
       78520
       78600
       78697
       78785
       78799
       78877
       78955
       79014
       79105
       79193
       79249
       79296
       79375
       79447
       79534
       79580
       79655
       79661
       79736
       79814
       79881
       79972
       80031
       80083
       80176
       80254
       80288
       80384
       80420
       80493
       80592
       80640
       80718
       80796
       80867
       80948
       81022
       81063
       81158
       81210
       81285
       81321
       81378
       81452
       81502
       81571
       81606
       81645
       81694
       81712
       81799
       81799
       81799
       81817
       81896
       81916
       81959
       82055
       82111
       82158
       82181
       82242
       82251
       82291
       82371
       82446
       82518
       82560
       82654
       82728
       82756
       82816
       82874
       82907
       82956
       82990
       83035
       83124
       83205
       83303
       83401
       83419
       83494
       83569
       83587
       83587
       83604
       83700
       83712
       83765
       83816
       83849
       83874
       83967
       84019
       84056
       84111
       84169
       84189
       84268
       84298
       84335
       84427
       84505
       84537
       84626
       84690
       84756
       84826
       84879
       84961
       84971
       85003
       85010
       85039
       85136
       85234
       85259
       85303
       85355
       85450
       85482
       85522
       85573
       85607
       85658
       85670
       85696
       85714
       85756
       85771
       85771
       85819
       85918
       85995
       86035
       86087
       86120
       86171
       86255
       86280
       86372
       86393
       86404
       86422
       86435
       86532
       86555
       86573
       86630
       86641
       86684
       86733
       86763
       86855
       86910
       86933
       87019
       87080
       87152
       87171
       87267
       87291
       87349
       87397
       87464
       87503
       87521
       87618
       87706
       87744
       87830
       87918
       87934
       88028
       88066
       88146
       88180
       88246
       88264
       88318
       88378
       88439
       88468
       88549
       88565
       88617
       88658
       88693
       88774
       88820
       88859
       88958
       88973
       89072
       89106
       89201
       89222
       89299
       89391
       89406
       89490
       89492
       89554
       89644
       89710
       89755
       89832
       89926
       89963
       90038
       90129
       90204
       90257
       90334
       90427
       90510
       90577
       90668
       90763
       90860
       90940
       91032
       91035
       91087
       91162
       91193
       91212
       91285
       91318
       91413
       91456
       91516
       91548
       91583
       91660
       91672
       91717
       91744
       91777
       91812
       91853
       91855
       91860
       91922
       91979
       92003
       92058
       92143
       92177
       92190
       92270
       92273
       92310
       92319
       92365
       92405
       92471
       92483
       92527
       92533
       92613
       92614
       92653
       92730
       92783
       92842
       92852
       92934
       92947
       93044
       93098
       93174
       93225
       93237
       93330
       93416
       93486
       93572
       93638
       93695
       93782
       93810
       93829
       93874
       93939
       94004
       94059
       94114
       94151
       94202
       94295
       94382
       94395
       94450
       94484
       94507
       94570
       94603
       94702
       94772
       94858
       94863
       94919
       94956
       94982
       95054
       95086
       95179
       95275
       95336
       95364
       95378
       95469
       95481
       95558
       95637
       95717
       95755
       95794
       95830
       95873
       95962
       96055
       96113
       96160
       96166
       96214
       96238
       96321
       96413
       96458
       96516
       96553
       96595
       96649
       96701
       96716
       96783
       96836
       96895
       96896
       96962
       96973
       97001
       97062
       97092
       97190
       97264
       97352
       97432
       97482
       97502
       97592
       97623
       97699
       97777
       97793
       97834
       97838
       97861
       97893
       97990
       98052
       98080
       98124
       98141
       98212
       98246
       98251
       98278
       98348
       98430
       98489
       98520
       98564
       98626
       98725
       98790
       98823
       98885
       98912
       98978
       99065
       99141
       99149
       99162
       99221
       99288
       99331
       99385
       99396
       99401
       99488
       99502
       99563
       99601
       99609
       99664
       99666
       99742
       99823
       99901
       99967
       99985
       99999
      100041
      100076
      100081
      100164
      100225
      100292
      100370
      100420
      100451
      100478
      100552
      100590
      100646
      100666
      100701
      100767
      100810
      100823
      100842
      100909
      100956
      101017
      101065
      101131
      101134
      101226
      101254
      101280
      101352
      101402
      101428
      101484
      101523
      101536
      101556
      101603
      101650
      101741
      101818
      101838
      101851
      101907
      101950
      101966
      102033
      102064
      102158
      102179
      102258
      102310
      102327
      102329
      102386
      102432
      102530
      102581
      102665
      102745
      102785
      102809
      102877
      102967
      103039
      103133
      103190
      103235
      103238
      103269
      103296
      103332
      103428
      103516
      103609
      103637
      103682
      103773
      103843
      103941
      104037
      104131
      104164
      104259
      104269
      104360
      104390
      104465
      104503
      104590
      104671
      104685
      104765
      104783
      104853
      104885
      104984
      104995
      105022
      105073
      105139
      105198
      105237
      105324
      105326
      105383
      105392
      105394
      105487
      105567
      105600
      105680
      105708
      105776
      105860
      105913
      105949
      105972
      106060
      106157
      106236
      106267
      106352
      106451
      106519
      106568
      106594
      106659
      106733
      106787
      106820
      106888
      106934
      106947
      106995
      107059
      107082
      107141
      107175
      107236
      107298
      107333
      107371
      107416
      107434
      107522
      107536
      107537
      107564
      107634
      107728
      107805
      107849
      107942
      108021
      108023
      108065
      108100
      108159
      108182
      108279
      108291
      108354
      108396
      108482
      108575
      108644
      108720
      108763
      108799
      108802
      108855
      108890
      108924
      108950
      109021
      109076
      109091
      109183
      109254
      109292
      109359
      109422
      109467
      109485
      109532
      109601
      109682
      109708
      109746
      109767
      109797
      109867
      109878
      109924
      109952
      110038
      110085
      110144
      110188
      110264
      110302
      110385
      110433
      110496
      110513
      110535
      110616
      110638
      110727
      110800
      110896
      110917
      110957
      111026
      111108
      111187
      111228
      111310
      111352
      111403
      111431
      111474
      111552
      111556
      111630
      111670
      111723
      111742
      111778
      111795
      111795
      111892
      111972
      111985
      112001
      112090
      112125
      112144
      112242
      112309
      112356
      112407
      112427
      112511
      112552
      112646
      112679
      112737
      112765
      112832
      112852
      112865
      112868
      112931
      113010
      113053
      113070
      113076
      113110
      113149
      113241
      113248
      113288
      113331
      113348
      113364
      113398
      113488
      113499
      113509
      113534
      113613
      113622
      113709
      113787
      113795
      113881
      113938
      114006
      114072
      114145
      114203
      114230
      114291
      114310
      114368
      114384
      114390
      114458
      114541
      114606
      114657
      114693
      114754
      114772
      114849
      114919
      115008
      115083
      115157
      115184
      115221
      115226
      115312
      115333
      115347
      115393
      115398
      115436
      115457
      115517
      115579
      115660
      115673
      115718
      115754
      115788
      115798
      115889
      115986
      116075
      116161
      116179
      116194
      116220
      116292
      116303
      116400
      116479
      116542
      116598
      116666
      116717
      116796
      116822
      116902
      116962
      116967
      116982
      117003
      117030
      117093
      117159
      117233
      117263
      117355
      117422
      117422
      117489
      117504
      117515
      117544
      117553
      117566
      117626
      117702
      117763
      117821
      117855
      117879
      117929
      117984
      118053
      118140
      118207
      118229
      118244
      118253
      118276
      118280
      118372
      118446
      118507
      118528
      118572
      118671
      118690
      118787
      118858
      118858
      118883
      118952
      119006
      119081
      119100
      119124
      119164
      119256
      119281
      119360
      119392
      119471
      119563
      119623
      119668
      119717
      119809
      119849
      119866
      119940
      120026
      120029
      120030
      120055
      120129
      120189
      120224
      120280
      120327
      120388
      120388
      120465
      120471
      120538
      120567
      120587
      120603
      120660
      120742
      120782
      120819
      120849
      120898
