          89
         165
         201
         266
         305
         343
         427
         500
         534
         580
         661
         757
         799
         878
         975
        1017
        1061
        1074
        1156
        1202
        1214
        1295
        1390
        1445
        1542
        1637
        1707
        1714
        1716
        1788
        1846
        1883
        1955
        2013
        2083
        2164
        2237
        2261
        2307
        2388
        2469
        2556
        2628
        2711
        2791
        2805
        2886
        2970
        2996
        3051
        3113
        3152
        3184
        3257
        3308
        3399
        3454
        3462
        3492
        3532
        3536
        3556
        3567
        3630
        3708
        3738
        3832
        3869
        3938
        3955
        3956
        4012
        4084
        4127
        4135
        4158
        4185
        4275
        4352
        4422
        4494
        4575
        4598
        4618
        4658
        4746
        4811
        4901
        4989
        4998
        5051
        5124
        5144
        5154
        5210
        5236
        5251
        5302
        5360
        5417
        5418
        5419
        5504
        5569
        5654
        5744
        5801
        5801
        5802
        5883
        5941
        5993
        6039
        6062
        6112
        6203
        6203
        6217
        6271
        6354
        6365
        6371
        6460
        6494
        6521
        6602
        6700
        6793
        6892
        6984
        7035
        7055
        7130
        7209
        7209
        7258
        7319
        7391
        7467
        7549
        7559
        7636
        7696
        7711
        7770
        7831
        7861
        7906
        7952
        7996
        8090
        8161
        8244
        8257
        8290
        8358
        8449
        8463
        8491
        8527
        8601
        8614
        8651
        8681
        8704
        8765
        8811
        8817
        8902
        8994
        9092
        9175
        9247
        9307
        9332
        9363
        9443
        9509
        9591
        9622
        9696
        9782
        9852
        9948
       10040
       10130
       10196
       10266
       10311
       10404
       10480
       10536
       10546
       10643
       10692
       10702
       10778
       10867
       10894
       10985
       11041
       11042
       11068
       11146
       11181
       11255
       11319
       11367
       11406
       11443
       11462
       11497
       11548
       11583
       11597
       11598
       11627
       11688
       11722
       11797
       11854
       11905
       11998
       12083
       12181
       12202
       12230
       12295
       12299
       12313
       12356
       12449
       12510
       12594
       12607
       12650
       12655
       12726
       12778
       12819
       12905
       12952
       12977
       12986
       12987
       13053
       13152
       13205
       13208
       13267
       13306
       13345
       13357
       13388
       13430
       13493
       13529
       13573
       13612
       13693
       13762
       13818
       13907
       13949
       14025
       14027
       14080
       14175
       14263
       14338
       14434
       14483
       14515
       14528
       14569
       14639
       14666
       14741
       14807
       14893
       14913
       15004
       15021
       15112
       15193
       15212
       15251
       15272
       15331
       15396
       15421
       15433
       15455
       15469
       15517
       15559
       15615
       15627
       15666
       15700
       15761
       15816
       15866
       15960
       15997
       16010
       16024
       16031
       16129
       16188
       16222
       16278
       16297
       16388
       16388
       16450
       16527
       16561
       16561
       16598
       16674
       16706
       16723
       16739
       16759
       16760
       16797
       16869
       16875
       16913
       16982
       17013
       17073
       17144
       17148
       17169
       17192
       17252
       17286
       17301
       17315
       17400
       17405
       17459
       17459
       17479
       17507
       17543
       17576
       17590
       17622
       17631
       17636
       17727
       17776
       17790
       17859
       17919
       18007
       18022
       18120
       18186
       18236
       18262
       18310
       18377
       18430
       18456
       18505
       18508
       18509
       18525
       18539
       18540
       18553
       18601
       18615
       18667
       18760
       18778
       18820
       18891
       18908
       18925
       19019
       19083
       19123
       19176
       19271
       19361
       19379
       19412
       19434
       19505
       19579
       19617
       19688
       19763
       19852
       19889
       19929
       19984
       20005
       20010
       20084
       20177
       20226
       20260
       20325
       20358
       20452
       20479
       20571
       20606
       20694
       20716
       20807
       20897
       20988
       21052
       21125
       21183
       21218
       21261
       21357
       21416
       21426
       21479
       21520
       21551
       21630
       21695
       21763
       21857
       21947
       22016
       22097
       22126
       22199
       22246
       22313
       22402
       22474
       22507
       22570
       22640
       22661
       22671
       22764
       22779
       22872
       22908
       22952
       23046
       23058
       23111
       23195
       23258
       23336
       23395
       23422
       23519
       23582
       23650
       23671
       23715
       23801
       23875
       23881
       23962
       23964
       24041
       24079
       24152
       24236
       24287
       24344
       24384
       24438
       24521
       24565
       24653
       24743
       24746
       24752
       24775
       24777
       24801
       24808
       24844
       24854
       24910
       24966
       25029
       25107
       25112
       25187
       25265
       25333
       25338
       25363
       25449
       25532
       25566
       25578
       25649
       25723
       25770
       25777
       25872
       25937
       26004
       26063
       26120
       26175
       26260
       26343
       26390
       26454
       26473
       26571
       26594
       26692
       26771
       26782
       26867
       26909
       26945
       27005
       27078
       27082
       27085
       27170
       27236
       27302
       27315
       27386
       27393
       27447
       27503
       27526
       27596
       27688
       27759
       27759
       27761
       27817
       27884
       27924
       28015
       28108
       28164
       28262
       28271
       28333
       28426
       28453
       28479
       28505
       28579
       28639
       28673
       28727
       28754
       28801
       28867
       28923
       28970
       29016
       29022
       29056
       29104
       29115
       29138
       29223
       29256
       29351
       29419
       29439
       29472
       29474
       29476
       29556
       29616
       29656
       29732
       29785
       29790
       29821
       29903
       29915
       29978
       30056
       30147
       30235
       30286
       30300
       30340
       30344
       30355
       30437
       30460
       30544
       30544
       30617
       30686
       30696
       30731
       30758
       30814
       30872
       30906
       30976
       31004
       31041
       31108
       31121
       31141
       31240
       31278
       31329
       31412
       31502
       31547
       31602
       31692
       31704
       31790
       31792
       31799
       31822
       31855
       31888
       31951
       32021
       32043
       32044
       32072
       32082
       32154
       32207
       32279
       32294
       32352
       32390
       32427
       32434
       32484
       32525
       32624
       32694
       32721
       32787
       32808
       32820
       32886
       32972
       33063
       33078
       33156
       33185
       33256
       33314
       33413
       33455
       33456
       33481
       33509
       33556
       33579
       33616
       33713
       33799
       33846
       33930
       33960
       34045
       34049
       34113
       34121
       34142
       34227
       34315
       34412
       34455
       34483
       34537
       34555
       34631
       34644
       34697
       34712
       34734
       34780
       34804
       34887
       34986
       35072
       35121
       35136
       35202
       35281
       35339
       35365
       35434
       35462
       35500
       35566
       35610
       35636
       35653
       35654
       35698
       35700
       35753
       35804
       35877
       35940
       35947
       36039
       36101
       36164
       36183
       36196
       36235
       36249
       36287
       36313
       36361
       36383
       36429
       36528
       36565
       36590
       36662
       36663
       36696
       36707
       36803
       36804
       36851
       36865
       36905
       36948
       37013
       37048
       37137
       37190
       37221
       37269
       37361
       37456
       37555
       37576
       37645
       37737
       37823
       37878
       37903
       37999
       38088
       38155
       38253
       38345
       38396
       38486
       38542
       38542
       38602
       38652
       38686
       38778
       38817
       38829
       38911
       38936
       38971
       38991
       39011
       39084
       39160
       39247
       39277
       39310
       39369
       39449
       39539
       39541
       39603
       39640
       39642
       39642
       39706
       39732
       39806
       39821
       39910
       39931
       40013
       40058
       40155
       40247
       40286
       40376
       40417
       40469
       40561
       40612
       40666
       40692
       40782
       40841
       40848
       40867
       40906
       40954
       40978
       41066
       41071
       41094
       41134
       41158
       41179
       41265
       41333
       41387
       41420
       41446
       41508
       41553
       41568
       41645
       41742
       41803
       41808
       41830
       41928
       42021
       42056
       42117
       42125
       42209
       42223
       42244
       42315
       42320
       42346
       42413
       42435
       42483
       42565
       42585
       42600
       42609
       42617
       42625
       42707
       42790
       42852
       42949
       42964
       43001
       43033
       43130
       43219
       43315
       43322
       43369
       43443
       43526
       43540
       43625
       43665
       43701
       43749
       43760
       43854
       43889
       43978
       44074
       44148
       44231
       44315
       44345
       44412
       44463
       44545
       44545
       44591
       44615
       44655
       44723
       44743
       44777
       44836
       44872
       44914
       44990
       44990
       45037
       45112
       45175
       45184
       45204
       45299
       45376
       45431
       45440
       45525
       45571
       45631
       45687
       45772
       45831
       45840
       45889
       45973
       46046
       46073
       46116
       46124
       46130
       46219
       46266
       46276
       46345
       46368
       46435
       46458
       46475
       46569
       46634
       46640
       46664
       46731
       46769
       46852
       46884
       46980
       47018
       47068
       47167
       47229
       47304
       47371
       47428
       47502
       47558
       47623
       47639
       47730
       47777
       47836
       47904
       47940
       47994
       48041
       48126
       48211
       48281
       48365
       48442
       48498
       48571
       48597
       48623
       48641
       48733
       48825
       48905
       48972
       49006
       49029
       49118
       49184
       49270
       49325
       49390
       49429
       49523
       49607
       49698
       49761
       49798
       49811
       49886
       49963
       49998
       50038
       50057
       50108
       50168
       50177
       50199
       50254
       50255
       50350
       50350
       50449
       50500
       50534
       50566
       50655
       50703
       50746
       50773
       50806
       50878
       50889
       50911
       50974
       50986
       50991
       51008
       51056
       51075
       51076
       51146
       51184
       51251
       51336
       51358
       51412
       51452
       51501
       51541
       51582
       51612
       51669
       51748
       51776
       51777
       51840
       51854
       51945
       52023
       52031
       52112
       52143
       52172
       52264
       52307
       52401
       52454
       52473
       52557
       52627
       52690
       52738
       52825
       52907
       52954
       53048
       53090
       53125
       53185
       53218
       53271
       53320
       53384
       53461
       53520
       53612
       53677
       53709
       53793
       53885
       53969
       54008
       54037
       54120
       54198
       54259
       54301
       54400
       54407
       54505
       54536
       54623
       54625
       54703
       54717
       54755
       54789
       54815
       54876
       54897
       54944
       54999
       55066
       55150
       55183
       55189
       55220
       55245
       55304
       55318
       55363
       55377
       55451
       55532
       55556
       55590
       55681
       55714
       55768
       55867
       55888
       55950
       56040
       56135
       56219
       56297
       56326
       56422
       56489
       56498
       56569
       56635
       56705
       56753
       56814
       56843
       56884
       56937
       57013
       57085
       57112
       57208
       57214
       57307
       57353
       57411
       57490
       57578
       57602
       57627
       57672
       57763
       57784
       57809
       57856
       57879
       57968
       57994
       58064
       58073
       58155
       58174
       58210
       58215
       58313
       58407
       58495
       58569
       58570
       58570
       58651
       58674
       58682
       58769
       58862
       58950
       59007
       59015
       59052
       59135
       59169
       59236
       59291
       59299
       59342
       59356
       59369
       59422
       59422
       59510
       59588
       59664
       59711
       59745
       59791
       59801
       59851
       59875
       59935
       59944
       60034
       60101
       60157
       60231
       60300
       60335
       60422
       60508
       60510
       60594
       60648
       60660
       60750
       60764
       60793
       60883
       60953
       61005
       61010
       61082
       61087
       61150
       61184
       61193
       61283
       61295
       61369
       61419
       61455
       61496
       61500
       61585
       61635
       61695
       61733
       61817
       61897
       61926
       62009
       62020
       62072
       62093
       62127
       62212
       62218
       62264
       62266
       62277
       62281
       62331
       62384
       62464
       62517
       62532
       62608
       62678
       62693
       62737
       62781
       62880
       62891
       62989
       63060
       63153
       63242
       63295
       63393
       63485
       63518
       63595
       63641
       63678
       63722
       63741
       63785
       63796
       63881
       63951
       64047
       64098
       64119
       64185
       64206
       64215
       64265
       64299
       64374
       64399
       64417
       64513
       64577
       64644
       64693
       64744
       64814
       64898
       64962
       64979
       65016
       65082
       65147
       65176
       65187
       65285
       65384
       65416
       65428
       65454
       65471
       65482
       65541
       65559
       65608
       65624
       65678
       65739
       65826
       65858
       65880
       65912
       65925
       65946
       65980
       66072
       66144
       66150
       66235
       66235
       66272
       66368
       66440
       66462
       66554
       66558
       66649
       66713
       66714
       66784
       66830
       66861
       66934
       66998
       67071
       67156
       67243
       67280
       67337
       67428
       67522
       67529
       67622
       67710
       67790
       67888
       67896
       67941
       67963
       68053
       68059
       68098
       68123
       68180
       68214
       68290
       68378
       68391
       68407
       68428
       68496
       68582
       68677
       68707
       68718
       68718
       68728
       68782
       68815
       68900
       68909
       68972
       68979
       69016
       69019
       69111
       69128
       69182
       69187
       69230
       69317
       69358
       69366
       69385
       69405
       69467
       69505
       69595
       69615
       69641
       69669
       69722
       69797
       69884
       69942
       70030
       70042
       70121
       70215
       70281
       70330
       70402
       70415
       70437
       70489
       70492
       70510
       70549
       70609
       70631
       70692
       70710
       70747
       70846
       70881
       70884
       70983
       71003
       71047
       71059
       71060
       71103
       71199
       71271
       71353
       71398
       71470
       71514
       71577
       71582
       71636
       71724
       71725
       71796
       71805
       71843
       71912
       71994
       72069
       72107
       72136
       72146
       72234
       72311
       72325
       72394
       72421
       72481
       72558
       72595
       72660
       72743
       72768
       72845
       72920
       73015
       73045
       73122
       73171
       73268
       73334
       73378
       73458
       73507
       73568
       73568
       73600
       73639
       73709
       73799
       73851
       73915
       73984
       74042
       74101
       74172
       74195
       74277
       74334
       74355
       74405
       74450
       74508
       74525
       74531
       74548
       74637
       74667
       74716
       74799
       74832
       74848
       74883
       74937
       74951
       74953
       74969
       74991
       75024
       75112
       75159
       75230
       75319
       75383
       75454
       75528
       75533
       75609
       75610
       75627
       75689
       75707
       75753
       75779
       75873
       75887
       75938
       75972
       75979
       76058
       76084
       76108
       76167
       76258
       76340
       76361
       76400
       76475
       76501
       76540
       76619
       76644
       76716
       76746
       76749
       76786
       76798
       76841
       76882
       76943
       77029
       77045
       77131
       77148
       77242
       77339
       77432
       77462
       77541
       77615
       77680
       77734
       77755
       77783
       77816
       77882
       77902
       77966
       78023
       78096
       78195
       78263
       78361
       78415
       78454
       78522
       78597
       78602
       78628
       78726
       78784
       78794
       78876
       78902
       78980
       79041
       79135
       79208
       79295
       79312
       79337
       79432
       79505
       79559
       79560
       79602
       79667
       79680
       79689
       79773
       79840
       79936
       79956
       80031
       80095
       80164
       80256
       80327
       80344
       80381
       80428
       80437
       80525
       80622
       80685
       80710
       80763
       80782
       80819
       80869
       80918
       80924
       80978
       81065
       81125
       81152
       81198
       81260
       81262
       81275
       81327
       81405
       81433
       81477
       81481
       81561
       81596
       81618
       81677
       81690
       81696
       81766
       81774
       81792
       81864
       81957
       81958
       81979
       82061
       82133
       82148
       82193
       82210
       82241
       82288
       82296
       82327
       82337
       82353
       82418
       82513
       82543
       82578
       82615
       82634
       82694
       82705
       82773
       82872
       82967
       83056
       83066
       83079
       83107
       83146
       83198
       83236
       83303
       83382
       83384
       83481
       83580
       83598
       83665
       83740
       83767
       83770
       83816
       83875
       83901
       83985
       84024
       84070
       84154
       84185
       84284
       84315
       84381
       84429
       84455
       84480
       84529
       84541
       84626
       84705
       84722
       84766
       84798
       84826
       84843
       84850
       84857
       84883
       84929
       84991
       85003
       85068
       85164
       85198
       85285
       85340
       85422
       85485
       85571
       85628
       85711
       85765
       85830
       85861
       85867
       85887
       85904
       85914
       86002
       86076
       86140
       86175
       86193
       86289
       86344
       86407
       86473
       86485
       86532
       86590
       86593
       86606
       86660
       86751
       86784
       86874
       86917
       86920
       86949
       86959
       87025
       87097
       87164
       87206
       87235
       87235
       87261
       87274
       87344
       87411
       87413
       87503
       87599
       87631
       87658
       87682
       87697
       87760
       87818
       87837
       87913
       87999
       88057
       88088
       88100
       88182
       88203
       88264
       88357
       88411
       88471
       88534
       88597
       88674
       88765
       88801
       88825
       88887
       88917
       88975
       89019
       89069
       89150
       89195
       89215
       89248
       89300
       89305
       89332
       89340
       89409
       89503
       89546
       89554
       89641
       89729
       89788
       89818
       89820
       89837
       89862
       89891
       89944
       90029
       90060
       90085
       90100
       90198
       90275
       90310
       90358
       90398
       90465
       90551
       90553
       90566
       90638
       90733
       90740
       90783
       90882
       90946
       90995
       91037
       91060
       91067
       91067
       91102
       91131
       91220
       91243
       91306
       91309
       91333
       91392
       91398
       91407
       91462
       91552
       91575
       91668
       91736
       91828
       91922
       91972
       91992
       92080
       92093
       92118
       92136
       92190
       92218
       92282
       92358
       92437
       92516
       92601
       92687
       92702
       92758
       92844
       92928
       92934
       93029
       93060
       93150
       93155
       93213
       93306
       93342
       93397
       93434
       93480
       93548
       93638
       93707
       93710
       93782
       93879
       93924
       93996
       94082
       94117
       94168
       94218
       94297
       94325
       94350
       94356
       94410
       94469
       94477
       94482
       94560
       94657
       94714
       94729
       94760
       94831
       94841
       94843
       94921
       94947
       95014
       95025
       95064
       95082
       95177
       95260
       95286
       95340
       95421
       95504
       95574
       95581
       95629
       95692
       95693
       95697
       95792
       95843
       95915
       95987
       96043
       96048
       96069
       96129
       96224
       96264
       96305
       96310
       96366
       96454
       96461
       96471
       96536
       96552
       96586
       96614
       96646
       96673
       96679
       96700
       96712
       96773
       96852
       96881
       96943
       96980
       97012
       97035
       97078
       97083
       97159
       97236
       97257
       97276
       97343
       97385
       97387
       97479
       97506
       97563
       97564
       97606
       97639
       97725
       97812
       97901
       97930
       98028
       98095
       98110
       98128
       98207
       98278
       98372
       98422
       98474
       98557
       98636
       98651
       98666
       98670
       98748
       98793
       98839
       98919
       99000
       99018
       99104
       99123
       99199
       99267
       99343
       99358
       99378
       99439
       99521
       99550
       99643
       99680
       99733
       99773
       99784
       99829
       99922
       99971
      100049
      100143
      100198
      100215
      100282
      100349
      100421
      100487
      100586
      100608
      100622
      100697
      100786
      100830
      100885
      100923
      101011
      101085
      101158
      101251
      101343
      101417
      101479
      101489
      101577
      101652
      101703
      101781
      101824
      101893
      101923
      101937
      101985
      102065
      102137
      102197
      102275
      102301
      102359
      102359
      102424
      102487
      102559
      102616
      102679
      102738
      102743
      102819
      102883
      102920
      103017
      103096
      103132
      103185
      103188
      103200
      103264
      103289
      103360
      103446
      103457
      103458
      103513
      103576
      103629
      103656
      103751
      103842
      103892
      103947
      103951
      103960
      104055
      104141
      104208
      104290
      104371
      104427
      104500
      104506
      104537
      104545
      104604
      104695
      104733
      104754
      104767
      104837
      104926
      104972
      104999
      105090
      105110
      105175
      105212
      105252
      105298
      105329
      105401
      105452
      105484
      105506
      105555
      105624
      105667
      105670
      105741
      105764
      105803
      105895
      105945
      106000
      106078
      106111
      106129
      106153
      106155
      106204
      106231
      106322
      106367
      106370
      106391
      106436
      106507
      106590
      106622
      106645
      106673
      106707
      106747
      106828
      106853
      106869
      106954
      107008
      107013
      107033
      107087
      107091
      107178
      107187
      107282
      107338
      107373
      107418
      107421
      107492
      107561
      107624
      107633
      107660
      107680
      107742
      107773
      107781
      107837
      107914
      107924
      107990
      108080
      108103
      108200
      108218
      108231
      108282
      108336
      108415
      108503
      108571
      108576
      108583
      108602
      108659
      108684
      108703
      108716
      108810
      108867
      108966
      109049
      109118
      109125
      109199
      109225
      109234
      109292
      109374
      109415
      109435
      109481
      109533
      109576
      109632
      109658
      109756
      109777
      109859
      109897
      109957
      110022
      110117
      110183
      110278
      110310
      110397
      110464
      110532
      110589
      110603
      110637
      110682
      110757
      110761
      110855
      110892
      110969
      111038
      111123
      111193
      111236
      111247
      111250
      111346
      111402
      111465
      111557
      111591
      111592
      111606
      111634
      111639
      111642
      111659
      111706
      111739
      111837
      111898
      111942
      112014
      112091
      112177
      112221
      112269
      112294
      112301
      112303
      112390
      112472
      112570
      112647
      112669
      112719
      112765
      112818
      112912
      113002
      113084
      113087
      113157
      113180
      113201
      113215
      113247
      113265
      113336
      113355
      113390
      113392
      113405
      113504
      113592
      113621
      113633
      113647
      113740
      113791
      113856
      113913
      113936
      114009
      114086
      114088
      114185
      114267
      114348
      114352
      114419
      114429
      114454
      114478
      114569
      114661
      114745
      114841
      114882
      114969
      115034
      115076
      115115
      115162
      115240
      115272
      115305
      115338
      115429
      115444
      115494
      115535
      115609
      115688
      115706
      115802
      115888
      115946
      116004
      116028
      116091
      116146
      116201
      116241
      116340
      116411
      116487
      116538
      116575
      116620
      116657
      116680
      116719
      116737
      116836
      116918
      116979
      116997
      116997
      117067
      117164
      117229
      117291
      117322
      117349
      117357
      117438
      117514
      117543
      117545
      117628
      117657
      117704
      117765
      117811
      117868
      117924
      118017
      118035
      118112
      118180
      118224
      118240
      118307
      118400
      118432
      118440
      118441
      118531
      118531
      118593
      118613
      118712
      118809
      118869
      118942
      118979
      118986
      119043
      119079
      119168
      119229
      119319
      119409
      119507
      119579
      119608
      119696
      119706
      119770
      119771
      119824
      119870
      119908
      119973
      119973
      120049
      120128
      120221
      120286
      120330
      120344
      120422
      120460
      120543
      120634
      120695
      120719
      120768
      120859
      120925
      121020
      121041
      121106
      121193
      121267
      121363
      121447
      121544
      121594
      121599
      121657
      121662
      121738
      121819
      121850
      121867
      121875
      121973
      122069
      122135
      122143
      122194
      122204
      122240
      122317
      122404
      122427
      122496
      122577
      122634
      122696
      122750
      122769
      122774
      122800
      122810
      122846
      122894
      122991
      123029
      123068
      123153
      123217
      123221
      123268
      123280
      123324
      123344
      123424
      123489
      123551
      123627
      123661
      123738
      123785
      123833
      123870
      123947
      124035
      124058
      124097
      124113
      124147
      124225
      124309
      124353
      124386
      124463
      124524
      124577
      124643
      124658
      124755
      124775
      124778
      124786
      124853
      124952
      125026
      125085
      125158
      125213
      125217
      125290
      125318
      125322
      125388
      125478
      125555
      125572
      125620
      125719
      125723
      125814
      125832
      125892
      125945
      125977
      126069
      126085
      126129
      126220
      126246
      126296
      126311
      126319
      126379
      126379
      126443
      126506
      126542
      126635
      126692
      126773
      126802
      126836
      126898
      126962
      127050
      127087
      127172
      127195
      127271
      127350
      127394
      127492
      127577
      127632
      127689
      127716
      127792
      127840
      127898
      127985
      128023
      128073
      128134
      128159
      128166
      128190
      128269
      128345
      128357
      128444
      128537
      128620
      128673
      128744
      128768
      128807
      128876
      128885
      128926
      128968
      129067
      129090
      129112
      129146
      129187
      129195
      129245
      129293
      129323
      129381
      129387
      129475
      129507
      129600
      129623
      129698
      129785
      129818
      129861
      129901
      129932
      130005
      130021
      130109
      130145
      130215
      130272
      130294
      130390
      130475
      130534
      130608
      130675
      130682
      130712
      130765
      130836
      130911
      130912
      130992
      131017
      131097
      131154
      131210
      131295
      131319
      131320
      131324
      131404
      131474
      131522
      131609
      131675
      131697
      131701
      131717
      131804
      131864
      131895
      131931
      131939
      131962
      131970
      131974
      132017
      132050
      132136
      132140
      132186
      132237
      132286
      132293
      132386
      132427
      132476
      132568
      132619
      132663
      132692
      132771
      132859
      132932
      132998
      133069
      133157
      133194
      133245
      133308
      133324
      133348
      133404
      133411
      133443
      133449
      133539
      133543
      133553
      133607
      133662
      133710
      133747
      133835
      133877
      133951
      133960
      133981
      134054
      134096
      134175
      134264
      134282
      134303
      134394
      134440
      134532
      134595
      134670
      134729
      134736
      134825
      134918
      135016
      135066
      135153
      135171
      135215
      135269
      135299
      135319
      135340
      135415
      135433
      135502
      135548
      135636
      135703
      135736
      135745
      135809
      135820
      135881
      135959
      135974
      135983
      136073
      136141
      136209
      136257
      136284
      136350
      136413
      136463
      136540
      136590
      136620
      136672
      136726
      136772
      136803
      136887
      136966
      137036
      137117
      137136
      137189
      137267
      137350
      137370
      137442
      137528
      137621
      137658
      137693
      137697
      137731
      137770
      137784
      137794
      137847
      137908
      138003
      138023
      138087
      138183
      138183
      138198
      138296
      138346
      138440
      138489
      138552
      138619
      138646
      138724
      138744
      138804
      138862
      138889
      138941
      139031
      139037
      139095
      139150
      139184
      139189
      139282
      139299
      139354
      139444
      139461
      139536
      139618
      139674
      139689
      139712
      139720
      139788
      139842
      139867
      139876
      139936
      140011
      140046
      140145
      140160
      140213
      140298
      140397
      140492
      140502
      140537
      140542
      140550
      140592
      140672
      140767
      140788
      140812
      140896
      140936
      140977
      141021
      141034
      141094
      141120
      141141
      141208
      141213
      141233
      141299
      141371
      141382
      141458
      141474
      141487
      141548
      141585
      141617
      141660
      141719
      141775
      141807
      141891
      141989
      142030
      142035
      142043
      142112
      142113
      142155
      142242
      142250
      142335
      142401
      142426
      142442
      142455
      142516
      142587
      142620
      142657
      142663
      142723
      142743
      142802
      142844
      142904
      142940
      143015
      143094
      143167
      143189
      143275
      143276
      143321
      143349
      143349
      143357
      143388
      143423
      143449
      143547
      143623
      143633
      143657
      143745
      143837
      143869
      143888
      143919
      143988
      144087
      144185
      144205
      144289
      144326
      144400
      144418
      144459
      144509
      144601
      144656
      144722
      144815
      144831
      144845
      144857
      144884
      144958
      145046
      145105
      145136
      145137
      145197
      145215
      145250
      145322
      145381
      145475
      145482
      145538
      145617
      145703
      145704
      145718
      145734
      145773
      145856
      145920
      145996
      146090
      146174
      146222
      146246
      146339
      146400
      146425
      146486
      146513
      146573
      146588
      146643
      146647
      146674
      146695
      146704
      146781
      146855
      146925
      146926
      146967
      147031
      147102
      147183
      147268
      147287
      147367
      147453
      147491
      147569
      147664
      147723
      147737
      147761
      147821
      147826
      147839
      147874
      147939
      148036
      148123
      148198
      148260
      148292
      148385
      148453
      148521
      148581
      148584
      148646
      148721
      148728
      148799
      148836
      148838
      148929
      149008
      149046
      149054
      149078
      149104
      149154
      149249
      149347
      149352
      149451
      149547
      149573
      149664
      149737
      149787
      149791
      149828
      149927
      149968
      150021
      150075
      150159
      150239
      150247
      150330
      150373
      150380
      150384
      150450
      150494
      150547
      150601
      150604
      150612
      150675
      150728
      150755
      150772
      150815
      150830
      150849
      150911
      150946
      150964
      150997
      151041
      151088
      151160
      151161
      151213
      151252
      151324
      151359
      151360
      151393
      151434
      151533
      151623
      151683
      151689
      151691
      151758
      151759
      151843
      151844
      151858
      151871
      151904
      151920
      151979
      152078
      152107
      152201
      152273
      152306
      152348
      152397
      152444
      152472
      152539
      152550
      152615
      152633
      152670
      152765
      152847
      152859
      152917
      152936
      153029
      153045
      153070
      153147
      153147
      153236
      153332
      153395
      153459
      153486
      153561
      153627
      153682
      153779
      153836
      153866
      153961
      154009
      154012
      154066
      154150
      154208
      154282
      154307
      154354
      154411
      154480
      154549
      154578
      154611
      154667
      154678
      154776
      154783
      154829
      154849
      154854
      154918
      154994
      155093
      155148
      155163
      155223
      155245
      155280
      155342
      155371
      155378
      155448
      155488
      155566
      155604
      155647
      155697
      155759
      155851
      155945
      156037
      156121
      156130
      156185
      156198
      156287
      156360
      156444
      156513
      156578
      156610
      156697
      156713
      156793
      156833
      156928
      156970
      156980
      156981
      156995
      157086
      157121
      157195
      157246
      157309
      157347
      157380
      157410
      157429
      157509
      157529
      157572
      157649
      157746
      157795
      157870
      157901
      157904
      157945
      158009
      158025
      158119
      158217
      158296
      158320
      158343
      158423
      158478
      158561
      158622
      158658
      158679
      158704
      158795
      158823
      158911
      158955
      159011
      159034
      159133
      159159
      159235
      159298
      159299
      159363
      159419
      159467
      159510
      159572
      159636
      159642
      159695
      159754
      159836
      159899
      159974
      160038
      160058
      160110
      160143
      160214
      160312
      160366
      160456
      160552
      160600
      160683
      160730
      160826
      160857
      160885
      160894
      160971
      161051
      161099
      161149
      161202
      161274
      161359
      161387
      161446
      161481
      161543
      161614
      161690
      161759
      161827
      161835
      161840
      161900
      161958
      162042
      162095
      162165
      162212
      162310
      162394
      162474
      162506
      162522
      162531
      162575
      162653
      162658
      162658
      162675
      162687
      162776
      162800
      162805
      162810
      162864
      162894
      162976
      163006
      163008
      163051
      163115
      163141
      163157
      163171
      163206
      163291
      163320
      163412
      163483
      163489
      163491
      163499
      163520
      163525
      163545
      163631
      163729
      163739
      163809
      163880
      163884
      163898
      163939
      164026
      164065
      164082
      164117
      164190
      164282
      164282
      164307
      164362
      164375
      164404
      164441
      164522
      164604
      164678
      164752
      164774
      164804
      164842
      164885
      164920
      164963
      164979
      165037
      165107
      165177
      165231
      165309
      165324
      165333
      165372
      165416
      165439
      165538
      165561
      165592
      165600
      165634
      165704
      165797
      165811
      165825
      165907
      165916
      165994
      166029
      166057
      166116
      166166
      166235
      166320
      166396
      166437
      166493
      166568
      166644
      166732
      166798
      166823
      166850
      166891
      166968
      166978
      167062
      167118
      167128
      167184
      167269
      167325
      167357
      167390
      167439
      167513
      167605
      167626
      167714
      167735
      167832
      167843
      167932
      168012
      168053
      168100
      168184
      168187
      168245
      168320
      168344
      168359
      168415
      168418
      168441
      168451
      168522
      168530
      168593
      168631
      168722
      168724
      168806
      168871
      168951
      169033
      169074
      169076
      169121
      169198
      169258
      169312
      169345
      169409
      169431
      169459
      169530
      169610
      169612
      169645
      169679
      169755
      169782
      169837
      169871
      169873
      169910
      169977
      170058
      170073
      170137
      170143
      170154
      170243
      170265
      170280
      170312
      170359
      170407
      170408
      170432
      170465
      170538
      170594
      170662
      170664
      170691
      170753
      170821
      170840
      170908
      170987
      170998
      171016
      171031
      171069
      171069
      171115
      171153
      171153
      171161
      171248
      171265
      171310
      171395
      171478
      171569
      171585
      171622
      171665
      171728
      171792
      171842
      171901
      171964
      172055
      172112
      172148
      172247
      172302
      172369
      172383
      172480
      172528
      172579
      172636
      172723
      172758
      172764
      172827
      172885
      172968
      173006
      173034
      173132
      173155
      173246
      173283
      173284
      173379
      173426
      173431
      173459
      173491
      173515
      173593
      173671
      173745
      173843
      173930
      173961
      174059
      174135
      174183
      174214
      174257
      174341
      174366
      174443
      174482
      174562
      174626
      174630
      174644
      174666
      174729
      174809
      174832
      174875
      174945
      174986
      175075
      175138
      175176
      175261
      175313
      175320
      175374
      175378
      175395
      175493
      175515
      175576
      175655
      175710
      175722
      175811
      175822
      175822
      175854
      175890
      175921
      175994
      176029
      176053
      176083
      176102
      176197
      176213
      176293
      176296
      176346
      176380
      176454
      176533
      176562
      176609
      176667
      176684
      176726
      176780
      176840
      176894
      176928
      176983
      177032
      177101
      177173
      177255
      177282
      177291
      177384
      177387
      177419
      177473
      177480
      177556
      177570
      177636
      177731
      177767
      177845
      177926
      177932
      178003
      178033
      178114
      178171
      178252
      178289
      178360
      178381
      178450
      178478
      178576
      178655
      178698
      178797
      178797
      178808
      178837
      178856
      178883
      178894
      178918
      178980
      179051
      179117
      179150
      179235
      179250
      179305
      179357
      179411
      179496
      179503
      179560
      179617
      179678
      179705
      179731
      179733
      179775
      179793
      179867
      179962
      180010
      180051
      180074
      180121
      180215
      180262
      180313
      180317
      180412
      180456
      180495
      180571
      180572
      180659
      180701
      180765
      180831
      180910
      180975
      181061
      181157
      181191
      181198
      181206
      181225
      181269
      181302
      181313
      181404
      181479
      181547
      181603
      181608
      181627
      181652
      181724
      181767
      181831
      181919
      181943
      182003
      182039
      182117
      182178
      182202
      182212
      182235
      182259
      182336
      182426
      182505
      182532
      182582
      182614
      182618
      182623
      182676
      182683
      182772
      182774
      182832
      182911
      182962
      182996
      183081
      183095
      183114
      183194
      183231
      183329
      183410
      183496
      183538
      183566
      183627
      183714
      183735
      183817
      183898
      183913
      183923
      184006
      184095
      184097
      184175
      184242
      184316
      184327
      184390
      184453
      184508
      184561
      184655
      184736
      184737
      184796
      184891
      184958
      184987
      185025
      185082
      185110
      185183
      185206
      185233
      185241
      185247
      185309
      185331
      185378
      185395
      185414
      185449
      185522
      185621
      185671
      185675
      185768
      185768
      185814
      185877
      185919
      185981
      186075
      186154
      186253
      186287
      186375
      186473
      186543
      186585
      186619
      186677
      186732
      186751
      186766
      186858
      186893
      186901
      186912
      186912
      187001
      187067
      187100
      187146
      187161
      187204
      187230
      187260
      187269
      187274
      187286
      187362
      187429
      187437
      187460
      187489
      187558
      187558
      187581
      187621
      187693
      187767
      187781
      187865
      187906
      187938
      188001
      188018
      188098
      188172
      188243
      188342
      188402
      188407
      188420
      188508
      188538
      188579
      188648
      188680
      188724
      188751
      188816
      188851
      188942
      189018
      189025
      189073
      189116
      189116
      189139
      189198
      189274
      189331
      189341
      189407
      189466
      189511
      189572
      189594
      189644
      189689
      189742
      189806
      189888
      189896
      189963
      190025
      190097
      190118
      190157
      190158
      190240
      190314
      190347
      190435
      190505
      190554
      190631
      190680
      190715
      190775
      190785
      190837
      190838
      190856
      190861
      190883
      190976
      191061
      191113
      191141
      191225
      191295
      191389
      191393
      191455
      191461
      191518
      191573
      191621
      191674
      191676
      191739
      191775
      191775
      191823
      191843
      191906
      191913
      191978
      192027
      192090
      192153
      192213
      192289
      192351
      192382
      192459
      192509
      192576
      192604
      192678
      192764
      192848
      192945
      192994
      193035
      193046
      193070
      193079
      193153
      193243
      193323
      193418
      193428
      193435
      193501
      193562
      193636
      193681
      193779
      193782
      193880
      193893
      193936
      193977
      193977
      193998
      194020
      194059
      194151
      194213
      194272
      194276
      194359
      194360
      194397
      194427
      194428
      194455
      194471
      194520
      194594
      194624
      194669
      194690
      194722
      194748
      194763
      194813
      194835
      194914
      195008
      195100
      195142
      195150
      195222
      195256
      195316
      195338
      195433
      195480
      195567
      195616
      195668
      195733
      195789
      195876
      195930
      195952
      195964
      196005
      196021
      196059
      196156
      196241
      196271
      196342
      196350
      196378
      196412
      196486
      196545
      196576
      196585
      196630
      196726
      196787
      196794
      196824
      196869
      196897
      196963
      197045
      197049
      197125
      197184
      197223
      197236
      197274
      197301
      197368
      197416
      197418
      197502
      197506
      197562
      197653
      197740
      197751
      197798
      197890
      197918
      198016
      198100
      198172
      198189
      198265
      198354
      198401
      198455
      198533
      198563
      198606
      198623
      198646
      198649
      198747
      198842
      198925
      199024
      199046
      199112
      199147
      199155
      199193
      199244
      199248
      199337
      199432
      199525
      199581
      199583
      199657
      199658
      199692
      199700
      199766
      199782
      199821
      199881
      199910
      199928
      199967
      199984
      200000
      200040
      200061
      200115
      200190
      200193
      200205
      200231
      200300
      200315
      200390
      200400
      200409
      200463
      200540
      200617
      200654
      200691
      200740
      200760
      200853
      200897
      200900
      200956
      200973
      201067
      201083
      201166
      201211
      201245
      201330
      201411
      201495
      201571
      201621
      201630
      201679
      201714
      201773
      201850
      201908
      201995
      202069
      202138
      202202
      202213
      202261
      202317
      202400
      202484
      202540
      202549
      202647
      202735
      202741
      202813
      202836
      202906
      203003
      203026
      203032
      203123
      203160
      203209
      203272
      203327
      203359
      203397
      203426
      203429
      203466
      203521
      203609
      203706
      203728
      203808
      203809
      203840
      203913
      203914
      204004
      204084
      204156
      204208
      204267
      204340
      204391
      204488
      204511
      204535
      204544
      204585
      204620
      204645
      204704
      204711
      204720
      204728
      204821
      204892
      204901
      204969
      205034
      205077
      205121
      205180
      205260
      205329
      205359
      205443
      205497
      205520
      205529
      205568
      205602
      205617
      205675
      205684
      205716
      205737
      205746
      205813
      205837
      205890
      205952
      205972
      206041
      206099
      206103
      206130
      206139
      206223
      206265
      206344
      206395
      206488
      206553
      206576
      206642
      206663
      206749
      206782
      206798
      206880
      206913
      206984
      207079
      207162
      207171
      207195
      207258
      207320
      207379
      207407
      207424
      207445
      207451
      207509
      207509
      207598
      207678
      207696
      207702
      207760
      207828
      207838
      207899
      207919
      208001
      208036
      208093
      208155
      208243
      208303
      208346
      208424
      208434
      208519
      208565
      208577
      208664
      208736
      208803
      208902
      208980
      209073
      209134
      209224
      209254
      209309
      209405
      209474
      209478
      209535
      209548
      209645
      209665
      209691
      209710
      209777
      209871
      209927
      209952
      210051
      210125
      210223
      210315
      210366
      210419
      210445
      210499
      210535
      210568
      210656
      210675
      210675
      210697
      210748
      210832
      210898
      210954
      210991
      211063
      211134
      211151
      211212
      211276
      211290
      211291
      211322
      211322
      211416
      211483
      211579
      211617
      211699
      211761
      211783
      211791
      211879
      211905
      211912
      211956
      212023
      212082
      212140
      212207
      212284
      212291
      212332
      212423
      212428
      212466
      212546
      212615
      212694
      212746
      212792
      212867
      212932
      212997
      213003
      213016
      213047
      213072
      213167
      213211
      213229
      213236
      213282
      213290
      213367
      213394
      213421
      213425
      213438
      213454
      213527
      213559
      213635
      213662
      213747
      213758
      213813
      213858
      213899
      213921
      214008
      214008
      214107
      214139
      214166
      214262
      214344
      214359
      214422
      214482
      214509
      214541
      214577
      214671
      214759
      214852
      214855
      214925
      214978
      215021
      215115
      215157
      215199
      215200
      215236
      215307
      215321
      215403
      215496
      215572
      215605
      215639
      215706
      215767
      215812
      215881
      215940
      215953
      216045
      216102
      216124
      216203
      216275
      216306
      216335
      216342
      216422
      216424
      216499
      216540
      216598
      216626
      216651
      216730
      216828
      216851
      216907
      216929
      216968
      216972
      217065
      217129
      217189
      217237
      217252
      217278
      217325
      217393
      217465
      217515
      217609
      217669
      217681
      217683
      217714
      217731
      217830
      217890
      217907
      217958
      218031
      218127
      218165
      218172
      218218
      218281
      218333
      218410
      218419
      218511
      218572
      218634
      218729
      218802
      218885
      218908
      218923
      218968
      219048
      219096
      219107
      219117
      219122
      219175
      219187
      219234
      219263
      219331
      219401
      219414
      219483
      219572
      219619
      219657
      219680
      219766
      219790
      219853
      219891
      219989
      220001
      220089
      220170
      220197
      220198
      220243
      220336
      220347
      220387
      220461
      220528
      220556
      220597
      220607
      220700
      220755
      220852
      220944
      221042
      221105
      221168
      221179
      221218
      221239
      221248
      221278
      221366
      221427
      221432
      221461
      221548
      221558
      221624
      221707
      221737
      221762
      221768
      221820
      221912
      221953
      221954
      222045
      222075
      222168
      222211
      222240
      222267
      222287
      222327
      222399
      222447
      222488
      222488
      222563
      222583
      222681
      222726
      222786
      222869
      222962
      223022
      223076
      223103
      223151
      223159
      223253
      223326
      223343
      223362
      223442
      223456
      223541
      223543
      223594
      223594
      223647
      223707
      223799
      223802
      223822
      223892
      223901
      223947
      224020
      224060
      224107
      224136
      224203
      224211
      224297
      224299
      224362
      224423
      224506
      224529
      224563
      224658
      224668
      224694
      224722
      224771
      224782
      224811
      224880
      224895
      224904
      224915
      224954
      224988
      225047
      225087
      225103
      225171
      225243
      225287
      225371
      225467
      225546
      225557
      225576
      225668
      225677
      225750
      225830
      225877
      225957
      226002
      226022
      226059
      226066
      226165
      226235
      226302
      226319
      226346
      226350
      226359
      226444
      226521
      226604
      226651
      226659
      226723
      226764
      226787
      226878
      226943
      226982
      227000
      227052
      227065
      227160
      227188
      227248
      227266
      227309
      227358
      227392
      227479
      227571
      227574
      227587
      227680
      227756
      227826
      227831
      227859
      227930
      227988
      228044
      228072
      228093
      228111
      228176
      228187
      228253
      228292
      228303
      228333
      228410
      228442
      228449
      228547
      228581
      228642
      228697
      228732
      228780
      228874
      228939
      228941
      229032
      229111
      229200
      229242
      229335
      229414
      229496
      229548
      229562
      229605
      229652
      229741
      229774
      229849
      229886
      229896
      229995
      230090
      230131
      230210
      230262
      230330
      230418
      230427
      230490
      230580
      230629
      230681
      230721
      230749
      230758
      230823
      230835
      230881
      230930
      230948
      231012
      231032
      231130
      231208
      231243
      231316
      231392
      231486
      231512
      231556
      231564
      231634
      231716
      231781
      231827
      231846
      231894
      231982
      232008
      232075
      232128
      232143
      232192
      232272
      232281
      232370
      232468
      232497
      232580
      232589
      232675
      232677
      232700
      232723
      232775
      232844
      232927
      233003
      233102
      233123
      233164
      233231
      233284
      233374
      233412
      233470
      233559
      233655
      233748
      233813
      233834
      233918
      233994
      234033
      234109
      234188
      234235
      234304
      234311
      234329
      234329
      234376
      234475
      234476
      234505
      234576
      234628
      234658
      234739
      234784
      234857
      234892
      234945
      235022
      235073
      235111
      235192
      235234
      235291
      235346
      235417
      235428
      235487
      235568
      235574
      235625
      235668
      235739
      235790
      235880
      235924
      235929
      236019
      236046
      236098
      236131
      236216
      236229
      236293
      236333
      236414
      236421
      236506
      236548
      236637
      236709
      236735
      236806
      236863
      236960
      237020
      237092
      237140
      237154
      237223
      237245
      237266
      237363
      237394
      237452
      237522
      237601
      237643
      237697
      237743
      237783
      237870
      237947
      238017
      238042
      238129
      238133
      238157
      238191
      238236
      238276
      238305
      238380
      238429
      238528
      238618
      238685
      238687
      238761
      238858
      238865
      238909
      238918
      239005
      239062
      239110
      239138
      239228
      239238
      239254
      239318
      239333
      239413
      239434
      239478
      239489
      239552
      239623
      239671
      239739
      239763
      239765
      239798
      239862
      239870
      239900
      239992
      240089
      240129
      240155
      240240
      240304
      240331
      240412
      240421
      240423
      240500
      240589
      240671
      240698
      240713
      240805
      240883
      240957
      241039
      241092
      241177
      241268
      241327
      241394
      241436
      241484
      241489
      241517
      241580
      241598
      241626
      241629
      241694
      241751
      241782
      241820
      241839
      241890
      241937
      242005
      242054
      242148
      242222
      242227
      242255
      242303
      242324
      242394
      242481
      242512
      242562
      242577
      242676
      242690
      242778
      242840
      242862
      242950
      242964
      242972
      242995
      242999
      243016
      243094
      243118
      243166
      243236
      243334
      243388
      243423
      243496
      243531
      243548
      243572
      243645
      243730
      243787
      243854
      243895
      243927
      243940
      244012
      244091
      244101
      244126
      244224
      244230
      244284
      244333
      244387
      244407
      244435
      244474
      244572
      244575
      244650
      244741
      244796
      244858
      244951
      245012
      245029
      245085
      245124
      245142
      245206
      245304
      245402
      245454
      245454
      245549
      245552
      245575
      245640
      245739
      245739
      245748
      245764
      245767
      245835
      245922
      246015
      246038
      246107
      246130
      246219
      246292
      246365
      246389
      246444
      246525
      246581
      246621
      246654
      246667
      246705
      246714
      246788
      246822
      246831
      246847
      246929
      246959
      246994
      247050
      247078
      247146
      247177
      247208
      247240
      247259
      247284
      247300
      247339
      247425
      247461
      247463
      247468
      247524
      247606
      247687
      247731
      247824
      247870
      247933
      247993
      248089
      248111
      248149
      248194
      248225
      248229
      248238
      248241
      248290
      248373
      248414
      248462
      248521
      248583
      248587
      248640
      248646
      248675
      248700
      248773
      248854
      248858
      248934
      248985
      249078
      249127
      249226
      249325
      249353
      249408
      249410
      249442
      249524
      249588
      249603
      249699
      249703
      249795
      249862
      249868
      249954
      250052
      250069
      250160
      250178
      250227
      250263
      250289
      250306
      250369
      250376
      250385
      250416
      250458
      250533
      250606
      250606
      250606
      250650
      250668
      250762
      250775
      250826
      250918
      250950
      251030
      251104
      251175
      251256
      251263
      251302
      251339
      251437
      251523
      251596
      251627
      251648
      251679
      251720
      251744
      251798
      251838
      251868
      251960
      251971
      252043
      252054
      252147
      252209
      252264
      252279
      252338
      252345
      252433
      252508
      252517
      252579
      252646
      252745
      252780
      252849
      252893
      252912
      252993
      253045
      253142
      253154
      253165
      253214
      253292
      253378
      253411
      253506
      253514
      253517
      253537
      253613
      253707
      253733
      253819
      253893
      253936
      254004
      254052
      254143
      254160
      254222
      254268
      254306
      254401
      254495
      254535
      254621
      254634
      254659
      254670
      254726
      254747
      254832
      254902
      254930
      255025
      255039
      255048
      255065
      255100
      255116
      255146
      255185
      255190
      255195
      255209
      255261
      255298
      255379
      255455
      255526
      255608
      255705
      255798
      255886
      255934
      255946
      256045
      256046
      256093
      256184
      256272
      256299
      256393
      256467
      256525
      256618
      256708
      256750
      256799
      256898
      256915
      257011
      257060
      257083
      257091
      257114
      257153
      257184
      257195
      257277
      257283
      257300
      257308
      257331
      257372
      257466
      257494
      257564
      257567
      257577
      257643
      257668
      257741
      257837
      257869
      257893
      257944
      257965
      257986
      258012
      258012
      258064
      258111
      258160
      258172
      258189
      258236
      258282
      258315
      258401
      258500
      258565
      258579
      258647
      258718
      258762
      258795
      258829
      258845
      258904
      258958
      258985
      259012
      259051
      259140
      259210
      259305
      259334
      259425
      259451
      259470
      259474
      259539
      259628
      259657
      259725
      259792
      259872
      259879
      259923
      259987
      260072
      260153
      260204
      260283
      260299
      260304
      260307
      260401
      260419
      260445
      260480
      260572
      260613
      260679
      260773
      260855
      260941
      260967
      261048
      261129
      261222
      261277
      261347
      261388
      261396
      261484
      261582
      261674
      261699
      261705
      261762
      261799
      261868
      261967
      262024
      262092
      262160
      262169
      262169
      262209
      262249
      262280
      262378
      262455
      262483
      262563
      262581
      262664
      262744
      262788
      262876
      262906
      263000
      263068
      263162
      263254
      263353
      263446
      263478
      263555
      263597
      263677
      263763
      263816
      263834
      263836
      263902
      263943
      264016
      264028
      264081
      264133
      264176
      264226
      264292
      264344
      264416
      264442
      264477
      264541
      264627
      264660
      264734
      264781
      264826
      264845
      264858
      264899
      264980
      264996
      265032
      265128
      265180
      265227
      265273
      265298
      265373
      265375
      265446
      265523
      265609
      265693
      265759
      265840
      265873
      265890
      265926
      266023
      266035
      266096
      266147
      266170
      266265
      266297
      266357
      266443
      266462
      266539
      266617
      266697
      266789
      266861
      266895
      266949
      266975
      266991
      267050
      267148
      267207
      267264
      267281
      267375
      267398
      267413
      267480
      267482
      267549
      267640
      267685
      267691
      267746
      267748
      267756
      267792
      267880
      267968
      268025
      268099
      268197
      268249
      268336
      268424
      268479
      268518
      268564
      268632
      268651
      268748
      268835
      268895
      268914
      268982
      269012
      269058
      269088
      269155
      269175
      269207
      269237
      269266
      269326
      269338
      269394
      269475
      269504
      269548
      269551
      269650
      269651
      269728
      269803
      269898
      269985
      270046
      270074
      270094
      270186
      270229
      270319
      270416
      270457
      270536
      270609
      270684
      270704
      270756
      270786
      270878
      270883
      270914
      271009
      271102
      271188
      271216
      271279
      271368
      271371
      271386
      271392
      271455
      271517
      271569
      271582
      271656
      271661
      271713
      271749
      271838
      271917
      272011
      272071
      272159
      272202
      272293
      272327
      272359
      272401
      272415
      272432
      272530
      272585
      272602
      272688
      272773
      272817
      272840
      272894
      272931
      273019
      273031
      273124
      273216
      273271
      273342
      273411
      273508
      273562
      273637
      273688
      273752
      273788
      273870
      273894
      273985
      274031
      274093
      274120
      274213
      274251
      274253
      274258
      274281
      274317
      274341
      274401
      274414
      274494
      274544
      274552
      274651
      274717
      274805
      274898
      274920
      275000
      275088
      275152
      275198
      275225
      275284
      275341
      275422
      275443
      275525
      275582
      275626
      275689
      275755
      275846
      275846
      275924
      276010
      276055
      276120
      276178
      276229
      276276
      276355
      276400
      276493
      276560
      276598
      276665
      276751
      276837
      276875
      276934
      276970
      277013
      277097
      277107
      277193
      277237
      277264
      277341
      277422
      277505
      277507
      277569
      277622
      277713
      277810
      277838
      277930
      278028
      278106
      278193
      278208
      278244
      278316
      278330
      278380
      278411
      278475
      278527
      278589
      278632
      278639
      278733
      278741
      278792
      278852
      278938
      279015
      279048
      279109
      279199
      279263
      279348
      279380
      279430
      279528
      279605
      279687
      279776
      279810
      279848
      279927
      279928
      279954
      280044
      280054
      280071
      280087
      280090
      280123
      280187
      280205
      280249
      280321
      280365
      280407
      280483
      280572
      280594
      280597
      280634
      280731
      280805
      280834
      280898
      280954
      281038
      281045
      281101
      281131
      281193
      281225
      281291
      281361
      281380
      281470
      281526
      281599
      281687
      281708
      281720
      281781
      281828
      281899
      281928
      281945
      281997
      282050
      282113
      282157
      282204
      282241
      282326
      282332
      282408
      282439
      282444
      282460
      282510
      282564
      282652
      282672
      282679
      282773
      282790
      282871
      282885
      282885
      282938
      282961
      282979
      283067
      283145
      283193
      283211
      283298
      283307
      283386
      283406
      283479
      283567
      283663
      283678
      283730
      283734
      283757
      283810
      283885
      283903
      283979
      283987
      284038
      284119
      284180
      284277
      284375
      284377
      284457
      284498
      284498
      284570
      284580
      284666
      284690
      284747
      284800
      284801
      284885
      284908
      284932
      284993
      285033
      285075
      285101
      285160
      285217
      285221
      285237
      285255
      285289
      285360
      285442
      285443
      285460
      285508
      285508
      285521
      285576
      285644
      285701
      285785
      285846
      285916
      285989
      286032
      286115
      286164
      286181
      286244
      286320
      286324
      286405
      286455
      286527
      286608
      286610
      286629
      286669
      286696
      286791
      286889
      286965
      286981
      287021
      287048
      287115
      287177
      287194
      287236
      287278
      287334
      287410
      287467
      287481
      287549
      287618
      287648
      287702
      287720
      287777
      287819
      287843
      287883
      287970
      288052
      288123
      288133
      288217
      288286
      288288
      288326
      288412
      288476
      288569
      288623
      288645
      288744
      288749
      288824
      288894
      288933
      288960
      288968
      288990
      289036
      289049
      289069
      289098
      289117
      289144
      289226
      289315
      289379
      289473
      289548
      289571
      289630
      289677
      289705
      289774
      289827
      289841
      289842
      289938
      289973
      289989
      290065
      290093
      290145
      290182
      290217
      290226
      290238
      290334
      290414
      290416
      290477
      290478
      290484
      290563
      290566
      290618
      290638
      290714
      290783
      290809
      290813
      290861
      290929
      290931
      291015
      291092
      291170
      291211
      291281
      291304
      291361
      291446
      291458
      291490
      291563
      291628
      291704
      291747
      291822
      291869
      291948
      291957
      291998
      292026
      292065
      292161
      292238
      292272
      292279
      292317
      292331
      292332
      292354
      292405
      292490
      292561
      292640
      292662
      292673
      292685
      292760
      292808
      292901
      292915
      292917
      292923
      292993
      293025
      293066
      293163
      293195
      293226
      293241
      293276
      293317
      293360
      293364
      293413
      293439
      293468
      293566
      293635
      293642
      293724
      293760
      293848
      293935
      293986
      294020
      294042
      294058
      294152
      294195
      294195
      294244
      294302
      294319
      294328
      294411
      294472
      294518
      294578
      294631
      294690
      294717
      294742
      294768
      294860
      294946
      294975
      294987
      295084
      295134
      295161
      295204
      295294
      295309
      295385
      295453
      295475
      295549
      295551
      295588
      295637
      295660
      295741
      295786
      295823
      295904
      295941
      296011
      296023
      296055
      296116
      296208
      296286
      296334
      296354
      296428
      296501
      296572
      296631
      296658
      296658
      296701
      296701
      296750
      296775
      296829
      296847
      296867
      296889
      296902
      296912
      296995
      297067
      297142
      297158
      297180
      297253
      297313
      297342
      297350
      297391
      297419
      297476
      297488
      297551
      297577
      297649
      297691
      297699
      297702
      297713
      297715
      297787
      297824
      297830
      297846
      297912
      297971
      298028
      298049
      298100
      298121
      298204
      298213
      298233
      298318
      298361
      298383
      298391
      298446
      298535
      298537
      298579
      298588
      298595
      298632
      298635
      298709
      298714
      298779
      298811
      298823
      298854
      298866
      298961
      299021
      299120
      299121
      299189
      299213
      299231
      299281
      299371
      299458
      299490
      299557
      299643
      299735
      299800
      299838
      299885
      299971
      300037
      300047
      300072
      300093
      300110
      300151
      300206
      300236
      300273
      300279
      300364
      300380
      300478
      300503
      300562
      300636
      300709
      300710
      300717
      300720
      300795
      300846
      300904
      300962
      300975
      301047
      301070
      301143
      301176
      301251
      301345
      301433
      301463
      301512
      301517
      301609
      301628
      301717
      301770
      301798
      301892
      301941
      301994
      302083
      302120
      302164
      302198
      302220
      302244
      302298
      302356
      302367
      302372
      302390
      302457
      302497
      302587
      302632
      302709
      302782
      302821
      302893
      302952
      303019
      303031
      303074
      303096
      303131
      303147
      303184
      303219
      303268
      303293
      303383
      303409
      303422
      303473
      303536
      303555
      303567
      303602
      303640
      303669
      303744
      303761
      303770
      303804
      303804
      303891
      303930
      304004
      304030
      304064
      304152
      304172
      304173
      304217
      304221
      304253
      304288
      304364
      304383
      304453
      304464
      304491
      304521
      304543
      304583
      304639
      304726
      304750
      304799
      304814
      304861
      304880
      304923
      305011
      305068
      305155
      305238
      305291
      305370
      305387
      305457
      305458
      305514
      305579
      305594
      305689
      305728
      305811
      305879
      305946
      305957
      305978
      305989
      305994
      306024
      306109
      306159
      306225
      306305
      306367
      306395
      306422
      306456
      306475
      306491
      306497
      306570
      306584
      306630
      306680
      306688
      306709
      306724
      306724
      306800
      306826
      306917
      306982
      307036
      307078
      307107
      307122
      307215
      307242
      307334
      307351
      307356
      307356
      307410
      307457
      307465
      307544
      307606
      307611
      307694
      307766
      307807
      307850
      307850
      307937
      307999
      308086
      308136
      308166
      308202
      308203
      308290
      308310
      308372
      308413
      308480
      308492
      308552
      308572
      308645
      308668
      308722
      308763
      308829
      308916
      308951
      308951
      308997
      309073
      309073
      309083
      309123
      309193
      309248
      309338
      309368
      309455
      309465
      309547
      309571
      309604
      309662
      309682
      309765
      309800
      309856
      309948
      309957
      310015
      310037
      310093
      310167
      310193
      310267
      310316
      310413
      310446
      310527
      310571
      310582
      310680
      310757
      310764
      310808
      310851
      310889
      310920
      310920
      310973
      311049
      311083
      311102
      311140
      311165
      311252
      311321
      311342
      311364
      311406
      311476
      311565
      311631
      311701
      311792
      311891
      311894
      311926
      312010
      312087
      312118
      312160
      312242
      312295
      312297
      312386
      312399
      312426
      312501
      312533
      312613
      312691
      312730
      312744
      312800
      312828
      312879
      312927
      312947
      313038
      313052
      313130
      313176
      313186
      313194
      313246
      313304
      313321
      313375
      313440
      313514
      313587
      313643
      313703
      313746
      313751
      313791
      313817
      313913
      313957
      313960
      314002
      314015
      314018
      314067
      314151
      314237
      314312
      314317
      314337
      314420
      314428
      314429
      314514
      314547
      314561
      314585
      314591
      314602
      314700
      314757
      314791
      314858
      314912
      314971
      315026
      315040
      315067
      315150
      315234
      315305
      315346
      315360
      315420
      315497
      315505
      315508
      315575
      315595
      315603
      315670
      315755
      315796
      315890
      315926
      315946
      315981
      316032
      316037
      316122
      316208
      316283
      316320
      316355
      316393
      316438
      316450
      316489
      316490
      316541
      316572
      316583
      316590
      316600
      316674
      316733
      316748
      316754
      316783
      316840
      316869
      316946
      316950
      316996
      317015
      317069
      317168
      317265
      317294
      317380
      317398
      317437
      317507
      317516
      317582
      317630
      317713
      317758
      317850
      317861
      317895
      317953
      318050
      318078
      318078
      318136
      318204
      318295
      318305
      318403
      318411
      318455
      318491
      318562
      318600
      318674
      318689
      318786
      318850
      318862
      318890
      318893
      318926
      318938
      318984
      319004
      319032
      319105
      319170
      319225
      319283
      319341
      319401
      319417
      319496
      319554
      319635
      319688
      319773
      319858
      319920
      319986
      320072
      320101
      320152
      320171
      320209
      320298
      320394
      320428
      320513
      320610
      320626
      320664
      320678
      320772
      320819
      320898
      320996
      321040
      321046
      321128
      321216
      321275
      321284
      321382
      321472
      321521
      321573
      321627
      321722
      321819
      321825
      321874
      321943
      321968
      321990
      322078
      322084
      322094
      322113
      322175
      322186
      322186
      322235
      322294
      322388
      322412
      322473
      322486
      322500
      322500
      322537
      322569
      322604
      322647
      322653
      322682
      322750
      322764
      322798
      322871
      322873
      322902
      322972
      323045
      323099
      323148
      323247
      323310
      323323
      323323
      323354
      323450
      323543
      323605
      323698
      323728
      323765
      323781
      323789
      323797
      323893
      323954
      324013
      324098
      324165
      324255
      324310
      324335
      324409
      324489
      324580
      324620
      324633
      324665
      324707
      324742
      324824
      324894
      324981
      325021
      325081
      325134
      325143
      325188
      325269
      325302
      325370
      325382
      325460
      325558
      325603
      325683
      325729
      325767
      325846
      325877
      325969
      325976
      326069
      326131
      326224
      326229
      326270
      326348
      326384
      326386
      326397
      326486
      326557
      326561
      326623
      326640
      326734
      326741
      326783
      326802
      326871
      326950
      327026
      327086
      327086
      327164
      327257
      327271
      327340
      327426
      327457
      327543
      327627
      327667
      327694
      327717
      327717
      327782
      327801
      327879
      327957
      328026
      328075
      328096
      328177
      328190
      328248
      328306
      328351
      328372
      328416
      328500
      328589
      328673
      328731
      328783
      328841
      328858
      328864
      328957
      329049
      329092
      329154
      329194
      329269
      329348
      329376
      329407
      329464
      329563
      329604
      329604
      329699
      329754
      329792
      329817
      329911
      329935
      329944
      330006
      330081
      330099
      330176
      330193
      330285
      330355
      330454
      330544
      330618
      330693
      330776
      330784
      330824
      330828
      330860
      330916
      330966
      331064
      331125
      331185
      331235
      331301
      331374
      331439
      331532
      331598
      331647
      331648
      331649
      331685
      331698
      331743
      331829
      331868
      331886
      331912
      331960
      332047
      332102
      332166
      332196
      332274
      332370
      332422
      332458
      332502
      332581
      332635
      332648
      332665
      332764
      332817
      332916
      332959
      333037
      333079
      333082
      333175
      333179
      333219
      333299
      333389
      333425
      333490
      333512
      333558
      333578
      333579
      333580
      333673
      333770
      333855
      333901
      333953
      334042
      334135
      334228
      334249
      334331
      334348
      334378
      334442
      334493
      334580
      334590
      334614
      334653
      334709
      334749
      334770
      334781
      334880
      334908
      335001
      335052
      335063
      335129
      335223
      335272
      335365
      335452
      335484
      335542
      335588
      335593
      335649
      335748
      335758
      335812
      335897
      335932
      335944
      335976
      335982
      336052
      336093
      336141
      336195
      336269
      336319
      336380
      336444
      336499
      336551
      336597
      336617
      336670
      336672
      336753
      336794
      336875
      336891
      336924
      336946
      336965
      336973
      337031
      337095
      337181
      337245
      337337
      337393
      337458
      337520
      337596
      337672
      337684
      337769
      337779
      337847
      337883
      337956
      338030
      338070
      338103
      338140
      338141
      338151
      338223
      338297
      338375
      338434
      338444
      338490
      338501
      338528
      338582
      338600
      338645
      338697
      338717
      338782
      338816
      338866
      338950
      339002
      339056
      339083
      339121
      339206
      339209
      339254
      339344
      339354
      339356
      339421
      339497
      339561
      339635
      339660
      339691
      339727
      339761
      339783
      339881
      339931
      340005
      340070
      340088
      340142
      340212
      340263
      340356
      340374
      340400
      340412
      340472
      340495
      340543
      340552
      340574
      340650
      340748
      340790
      340881
      340954
      340964
      341023
      341061
      341131
      341194
      341261
      341276
      341282
      341289
      341357
      341444
      341522
      341539
      341583
      341590
      341639
      341655
      341692
      341758
      341837
      341931
      342014
      342047
      342101
      342160
      342257
      342275
      342284
      342343
      342346
      342410
      342412
      342463
      342503
      342511
      342607
      342702
      342738
      342821
      342881
      342954
      342977
      342992
      343012
      343110
      343167
      343179
      343259
      343311
      343404
      343455
      343496
      343548
      343560
      343580
      343634
      343718
      343786
      343822
      343848
      343894
      343941
      343959
      344017
      344082
      344104
      344190
      344276
      344338
      344398
      344398
      344457
      344544
      344613
      344693
      344746
      344746
      344776
      344850
      344886
      344931
      345026
      345079
      345122
      345187
      345213
      345284
      345294
      345379
      345450
      345519
      345562
      345571
      345637
      345726
      345768
      345867
      345909
      345920
      345954
      345956
      346027
      346095
      346130
      346208
      346251
      346347
      346438
      346463
      346489
      346501
      346508
      346573
      346643
      346690
      346754
      346802
      346901
      346982
      346986
      347052
      347113
      347143
      347162
      347185
      347268
      347325
      347400
      347449
      347538
      347604
      347662
      347755
      347803
      347893
      347945
      348029
      348119
      348170
      348237
      348297
      348322
      348332
      348357
      348407
      348417
      348481
      348538
      348543
      348586
      348673
      348682
      348714
      348748
      348804
      348807
      348830
      348878
      348902
      348910
      348971
      349025
