          35
         108
         154
         223
         271
         310
         399
         423
         509
         533
         617
         702
         787
         850
         890
         919
         953
         956
        1035
        1092
        1113
        1166
        1231
        1294
        1358
        1380
        1475
        1523
        1622
        1662
        1697
        1740
        1838
        1842
        1941
        2027
        2109
        2205
        2210
        2244
        2322
        2348
        2379
        2394
        2464
        2555
        2645
        2675
        2711
        2725
        2761
        2778
        2812
        2879
        2909
        2949
        2955
        2975
        3008
        3011
        3037
        3063
        3151
        3221
        3271
        3302
        3367
        3372
        3459
        3461
        3494
        3520
        3600
        3606
        3697
        3787
        3865
        3911
        3948
        3966
        4047
        4144
        4163
        4184
        4198
        4267
        4303
        4401
        4437
        4484
        4544
        4617
        4696
        4735
        4795
        4894
        4958
        4973
        5033
        5051
        5124
        5217
        5262
        5327
        5352
        5377
        5407
        5504
        5567
        5587
        5633
        5692
        5744
        5816
        5912
        5920
        5945
        5946
        5962
        6005
        6072
        6135
        6206
        6282
        6343
        6376
        6397
        6482
        6496
        6566
        6644
        6714
        6804
        6821
        6829
        6901
        6961
        7012
        7094
        7112
        7209
        7260
        7353
        7398
        7399
        7487
        7566
        7642
        7692
        7756
        7848
        7892
        7894
        7988
        8072
        8163
        8163
        8184
        8186
        8258
        8306
        8338
        8343
        8386
        8437
        8444
        8539
        8601
        8638
        8657
        8658
        8689
        8712
        8753
        8832
        8928
        8984
        9057
        9143
        9191
        9228
        9305
        9338
        9362
        9443
        9452
        9500
        9547
        9623
        9638
        9707
        9727
        9763
        9862
        9892
        9917
        9982
       10062
       10118
       10124
       10167
       10255
       10297
       10320
       10356
       10361
       10418
       10448
       10505
       10564
       10660
       10679
       10698
       10758
       10810
       10843
       10885
       10916
       10980
       11078
       11140
       11220
       11293
       11321
       11414
       11439
       11492
       11542
       11543
       11549
       11647
       11662
       11723
       11797
       11848
       11932
       11938
       11993
       11998
       12002
       12031
       12126
       12181
       12226
       12262
       12293
       12324
       12416
       12436
       12496
       12574
       12650
       12713
       12758
       12848
       12935
       12994
       13068
       13070
       13140
       13161
       13216
       13258
       13262
       13339
       13400
       13437
       13448
       13470
       13521
       13521
       13555
       13563
       13589
       13661
       13720
       13771
       13864
       13937
       13948
       14010
       14055
       14128
       14131
       14138
       14196
       14205
       14286
       14318
       14372
       14433
       14529
       14538
       14546
       14556
       14651
       14656
       14747
       14784
       14850
       14933
       14986
       15002
       15010
       15035
       15104
       15118
       15118
       15185
       15220
       15244
       15264
       15294
       15350
       15379
       15403
       15432
       15492
       15503
       15507
       15530
       15628
       15698
       15736
       15741
       15759
       15822
       15911
       15949
       15959
       16040
       16108
       16125
       16166
       16194
       16221
       16231
       16236
       16239
       16248
       16273
       16278
       16282
       16320
       16392
       16440
       16500
       16527
       16618
       16707
       16739
       16793
       16853
       16915
       16981
       17075
       17114
       17114
       17128
       17193
       17291
       17324
       17339
       17429
       17503
       17568
       17666
       17751
       17841
       17910
       17973
       17998
       18068
       18115
       18165
       18200
       18252
       18321
       18348
       18408
       18494
       18494
       18556
       18568
       18594
       18621
       18646
       18704
       18800
       18827
       18879
       18884
       18927
       18963
       19038
       19096
       19140
       19184
       19246
       19304
       19311
       19387
       19399
       19439
       19522
       19531
       19571
       19571
       19602
       19647
       19696
       19783
       19859
       19912
       19942
       20003
       20038
       20077
       20134
       20219
       20272
       20315
       20343
       20366
       20396
       20484
       20495
       20524
       20614
       20706
       20714
       20746
       20757
       20799
       20879
       20976
       21009
       21092
       21094
       21134
       21227
       21230
       21308
       21398
       21462
       21539
       21572
       21646
       21669
       21694
       21774
       21806
       21901
       21933
       21974
       22017
       22075
       22154
       22157
       22172
       22210
       22302
       22328
       22391
       22478
       22556
       22558
       22560
       22621
       22677
       22758
       22791
       22805
       22847
       22892
       22967
       23017
       23081
       23120
       23172
       23263
       23335
       23414
       23464
       23550
       23566
       23606
       23641
       23658
       23662
       23679
       23737
       23745
       23821
       23856
       23952
       24035
       24040
       24109
       24124
       24210
       24253
       24347
       24409
       24497
       24524
       24565
       24635
       24727
       24728
       24778
       24784
       24856
       24873
       24902
       24959
       24978
       25011
       25072
       25159
       25198
       25217
       25267
       25323
       25345
       25384
       25439
       25500
       25593
       25662
       25724
       25804
       25865
       25892
       25978
       26067
       26134
       26197
       26250
       26314
       26355
       26398
       26451
       26529
       26564
       26656
       26691
       26709
       26729
       26759
       26852
       26876
       26893
       26963
       27008
       27053
       27116
       27175
       27260
       27304
       27374
       27437
       27529
       27530
       27581
       27663
       27702
       27769
       27816
       27863
       27932
       27943
       27970
       28046
       28092
       28126
       28132
       28153
       28231
       28231
       28261
       28298
       28326
       28389
       28445
       28492
       28499
       28590
       28631
       28652
       28713
       28805
       28821
       28830
       28832
       28890
       28905
       28935
       29010
       29065
       29073
       29139
       29230
       29322
       29352
       29444
       29478
       29556
       29587
       29641
       29735
       29794
       29855
       29930
       29970
       29979
       30070
       30109
       30161
       30210
       30259
       30315
       30392
       30455
       30540
       30595
       30643
       30697
       30697
       30730
       30804
       30885
       30942
       30958
       31013
       31093
       31108
       31149
       31214
       31305
       31396
       31462
       31517
       31519
       31556
       31625
       31644
       31707
       31723
       31741
       31788
       31803
       31830
       31831
       31832
       31843
       31924
       32022
       32093
       32187
       32284
       32293
       32305
       32332
       32410
       32471
       32553
       32558
       32618
       32637
       32683
       32706
       32802
       32873
       32922
       33008
       33046
       33105
       33196
       33249
       33253
       33269
       33317
       33334
       33373
       33466
       33487
       33553
       33625
       33648
       33667
       33681
       33709
       33727
       33811
       33875
       33880
       33917
       33921
       33980
       34001
       34019
       34085
       34180
       34181
       34243
       34310
       34408
       34421
       34453
       34497
       34497
       34561
       34609
       34650
       34672
       34737
       34772
       34852
       34896
       34993
       35059
       35122
       35221
       35233
       35265
       35295
       35312
       35371
       35405
       35454
       35528
       35585
       35671
       35747
       35775
       35867
       35885
       35932
       35946
       36039
       36074
       36157
       36160
       36161
       36187
       36217
       36251
       36280
       36338
       36433
       36434
       36501
       36582
       36643
       36680
       36756
       36789
       36869
       36951
       36971
       37009
       37108
       37188
       37246
       37265
       37362
       37407
       37434
       37440
       37535
       37558
       37581
       37629
       37642
       37709
       37781
       37840
       37854
       37896
       37967
       38041
       38061
       38160
       38202
       38269
       38273
       38372
       38470
       38490
       38556
       38583
       38636
       38658
       38694
       38751
       38804
       38882
       38933
       38944
       38985
       39047
       39076
       39108
       39156
       39199
       39285
       39374
       39411
       39473
       39565
       39575
       39642
       39700
       39723
       39760
       39814
       39825
       39828
       39848
       39895
       39989
       40055
       40126
       40136
       40171
       40173
       40181
       40212
       40294
       40373
       40455
       40511
       40599
       40681
       40698
       40771
       40859
       40910
       40954
       41005
       41087
       41127
       41206
       41278
       41329
       41384
       41414
       41460
       41501
       41515
       41612
       41634
       41695
       41710
       41724
       41740
       41822
       41896
       41947
       42044
       42073
       42118
       42125
       42127
       42168
       42227
       42313
       42392
       42458
       42545
       42614
       42658
       42691
       42778
       42840
       42845
       42901
       42966
       43060
       43078
       43079
       43161
       43210
       43274
       43368
       43379
       43468
       43564
       43567
       43653
       43739
       43744
       43774
       43807
       43890
       43895
       43920
       43981
       43999
       44023
       44026
       44084
       44151
       44180
       44216
       44255
       44324
       44326
       44415
       44422
       44491
       44564
       44591
       44657
       44710
       44738
       44745
       44777
       44869
       44953
       44967
       44994
       45069
       45134
       45232
       45298
       45325
       45399
       45423
       45478
       45557
       45621
       45638
       45703
       45735
       45735
       45784
       45809
       45821
       45909
       45944
       46031
       46129
       46208
       46302
       46330
       46381
       46467
       46493
       46514
       46559
       46620
       46683
       46713
       46802
       46892
       46981
       47071
       47073
       47106
       47187
       47204
       47283
       47338
       47359
       47371
       47389
       47483
       47566
       47619
       47660
       47722
       47727
       47810
       47814
       47833
       47893
       47992
       48053
       48123
       48189
       48272
       48306
       48376
       48415
       48448
       48473
       48545
       48602
       48655
       48668
       48714
       48721
       48801
       48869
       48903
       48953
       49010
       49019
       49098
       49117
       49139
       49237
       49279
       49290
       49298
       49378
       49465
       49537
       49605
       49655
       49743
       49828
       49849
       49889
       49936
       49965
       50020
       50102
       50163
       50203
       50222
       50309
       50321
       50378
       50467
       50553
       50613
       50697
       50745
       50768
       50860
       50871
       50944
       51039
       51055
       51114
       51188
       51242
       51311
       51368
       51389
       51482
       51507
       51577
       51620
       51639
       51671
       51675
       51772
       51870
       51873
       51905
       51996
       52059
       52132
       52198
       52268
       52366
       52456
       52509
       52513
       52589
       52599
       52642
       52709
       52795
       52808
       52889
       52949
       52993
       53034
       53132
       53145
       53203
       53237
       53328
       53396
       53420
       53508
       53547
       53614
       53708
       53711
       53787
       53818
       53897
       53995
       54035
       54093
       54093
       54177
       54271
       54280
       54315
       54383
       54420
       54489
       54584
       54587
       54620
       54687
       54754
       54772
       54793
       54881
       54972
       55070
       55104
       55117
       55179
       55257
       55291
       55291
       55316
       55409
       55423
       55519
       55597
       55682
       55684
       55745
       55789
       55861
       55877
       55920
       55978
       56021
       56031
       56120
       56122
       56209
       56246
       56256
       56275
       56312
       56318
       56342
       56363
       56436
       56479
       56484
       56507
       56601
       56650
       56675
       56745
       56779
       56847
       56898
       56989
       57061
       57106
       57138
       57189
       57250
       57254
       57259
       57328
       57411
       57496
       57563
       57659
       57710
       57719
       57771
       57798
       57877
       57964
       57985
       58054
       58080
       58176
       58205
       58238
       58305
       58327
       58415
       58508
       58527
       58585
       58649
       58704
       58782
       58792
       58829
       58846
       58942
       58975
       59023
       59034
       59123
       59168
       59264
       59362
       59451
       59527
       59545
       59636
       59638
       59658
       59661
       59706
       59735
       59778
       59808
       59883
       59889
       59965
       59975
       59985
       59996
       60017
       60115
       60117
       60211
       60255
       60345
       60425
       60445
       60542
       60585
       60591
       60666
       60751
       60755
       60843
       60899
       60920
       60956
       61050
       61120
       61203
       61206
       61246
       61250
       61286
       61296
       61362
       61393
       61445
       61503
       61510
       61541
       61550
       61554
       61596
       61603
       61694
       61771
       61784
       61863
       61877
       61956
       62014
       62038
       62064
       62145
       62174
       62176
       62253
       62305
       62326
       62406
       62415
       62457
       62513
       62552
       62574
       62585
       62639
       62710
       62785
       62837
       62896
       62920
       62927
       62997
       63019
       63049
       63059
       63144
       63231
       63256
       63330
       63386
       63420
       63489
       63489
       63500
       63568
       63665
       63685
       63781
       63793
       63859
       63948
       64016
       64046
       64116
       64188
       64223
       64224
       64320
       64391
       64444
       64515
       64567
       64605
       64700
       64740
       64803
       64884
       64909
       64991
       65013
       65110
       65131
       65205
       65230
       65260
       65330
       65399
       65405
       65484
       65544
       65608
       65645
       65702
       65709
       65768
       65820
       65869
       65935
       65997
       66082
       66095
       66101
       66162
       66164
       66229
       66315
       66368
       66398
       66473
       66518
       66595
       66602
       66676
       66747
       66794
       66867
       66960
       66967
       66968
       66974
       67028
       67039
       67133
       67157
       67186
       67252
       67347
       67446
       67522
       67610
       67636
       67685
       67710
       67713
       67801
       67803
       67851
       67935
       68012
       68028
       68036
       68095
       68168
       68244
       68259
       68263
       68280
       68300
       68396
       68405
       68447
       68524
       68623
       68662
       68721
       68731
       68732
       68805
       68887
       68939
       69018
       69030
       69097
       69178
       69270
       69365
       69385
       69407
       69503
       69543
       69629
       69655
       69708
       69747
       69822
       69906
       69960
       69979
       70056
       70065
       70082
       70131
       70202
       70215
       70307
       70363
       70384
       70476
       70534
       70535
       70581
       70629
       70647
       70735
       70775
       70795
       70859
       70919
       70951
       71031
       71047
       71069
       71104
       71200
       71260
       71269
       71276
       71302
       71368
       71393
       71441
       71514
       71554
       71571
       71647
       71648
       71703
       71784
       71812
       71826
       71918
       71962
       72041
       72100
       72118
       72211
       72289
       72321
       72416
       72469
       72511
       72528
       72565
       72614
       72689
       72689
       72778
       72820
       72820
       72868
       72952
       73003
       73072
       73076
       73105
       73108
       73137
       73207
       73251
       73263
       73265
       73346
       73416
       73459
       73479
       73536
       73604
       73653
       73690
       73734
       73825
       73897
       73907
       73971
       74038
       74043
       74086
       74166
       74262
       74315
       74392
       74408
       74430
       74487
       74495
       74573
       74632
       74686
       74711
       74767
       74816
       74890
       74976
       74982
       75049
       75050
       75087
       75142
       75171
       75185
       75253
       75271
       75367
       75372
       75439
       75518
       75518
       75586
       75661
       75698
       75745
       75810
       75839
       75930
       75981
       76005
       76098
       76159
       76258
       76294
       76307
       76369
       76431
       76449
       76493
       76578
       76612
       76622
       76655
       76691
       76706
       76794
       76802
       76834
       76842
       76882
       76929
       76982
       77059
       77131
       77135
       77216
       77294
       77376
       77409
       77471
       77557
       77566
       77608
       77699
       77715
       77751
       77751
       77812
       77820
       77868
       77869
       77898
       77952
       77981
       78057
       78079
       78106
       78117
       78179
       78202
       78262
       78332
       78410
       78455
       78530
       78550
       78564
       78641
       78658
       78666
       78695
       78752
       78823
       78860
       78952
       78956
       78979
       78985
       79008
       79074
       79132
       79158
       79198
       79230
       79295
       79393
       79470
       79499
       79569
       79642
       79683
       79685
       79705
       79752
       79796
       79830
       79844
       79877
       79900
       79921
       80018
       80097
       80141
       80143
       80143
       80190
       80235
       80241
       80279
       80335
       80372
       80431
       80472
       80535
       80598
       80628
       80710
       80768
       80856
       80862
       80960
       81050
       81113
       81127
       81214
       81308
       81342
       81348
       81447
       81536
       81564
       81613
       81621
       81631
       81663
       81751
       81809
       81864
       81894
       81920
       82013
       82079
       82175
       82233
       82280
       82376
       82463
       82525
       82593
       82674
       82698
       82702
       82795
       82865
       82959
       83052
       83070
       83077
       83172
       83220
       83274
       83337
       83417
       83459
       83481
       83486
       83534
       83577
       83595
       83674
       83744
       83754
       83794
       83872
       83909
       83945
       84030
       84121
       84134
       84142
       84152
       84227
       84326
       84367
       84441
       84538
       84619
       84716
       84760
       84774
       84871
       84966
       85010
       85035
       85115
       85142
       85171
       85180
       85221
       85226
       85325
       85424
       85491
       85555
       85574
       85626
       85649
       85693
       85748
       85798
       85845
       85888
       85962
       85968
       86027
       86121
       86217
       86220
       86300
       86358
       86400
       86429
       86467
       86482
       86501
       86586
       86678
       86719
       86805
       86880
       86926
       86998
       87083
       87087
       87147
       87215
       87312
       87363
       87384
       87419
       87502
       87545
       87638
       87715
       87793
       87827
       87847
       87899
       87979
       88071
       88091
       88127
       88177
       88255
       88343
       88362
       88455
       88463
       88498
       88546
       88554
       88554
       88649
       88735
       88754
       88815
       88826
       88910
       88944
       89037
       89106
       89191
       89285
       89311
       89353
       89410
       89468
       89523
       89532
       89617
       89676
       89748
       89847
       89915
       89970
       90026
       90060
       90127
       90165
       90252
       90321
       90392
       90455
       90548
       90624
       90655
       90701
       90716
       90807
       90851
       90913
       90939
       90972
       91023
       91103
       91104
       91116
       91121
       91187
       91245
       91339
       91426
       91453
       91474
       91533
       91622
       91698
       91724
       91770
       91818
       91898
       91967
       92061
       92113
       92201
       92274
       92283
       92359
       92397
       92449
       92501
       92532
       92591
       92675
       92726
       92754
       92850
       92854
       92874
       92936
       92982
       92984
       93083
       93110
       93176
       93253
       93279
       93377
       93441
       93492
       93504
       93543
       93581
       93662
       93689
       93732
       93814
       93906
       93922
       93943
       93999
       94079
       94171
       94196
       94202
       94246
       94300
       94354
       94452
       94498
       94581
       94587
       94630
       94683
       94703
       94764
       94835
       94924
       94967
       94989
       95022
       95062
       95137
       95194
       95245
       95309
       95384
       95414
       95420
       95513
       95546
       95554
       95603
       95701
       95727
       95768
       95859
       95943
       95990
       96031
       96083
       96118
       96181
       96274
       96332
       96420
       96465
       96538
       96542
       96608
       96652
       96726
       96741
       96764
       96804
       96869
       96954
       96990
       97087
       97126
       97209
       97284
       97365
       97373
       97381
       97394
       97481
       97562
       97641
       97688
       97745
       97778
       97868
       97956
       97986
       98071
       98108
       98139
       98161
       98191
       98217
       98255
       98261
       98293
       98370
       98406
       98436
       98487
       98522
       98570
       98622
       98684
       98692
       98700
       98791
       98808
       98865
       98938
       99035
       99119
       99159
       99245
       99343
       99359
       99408
       99497
       99531
       99630
       99649
       99678
       99699
       99796
       99883
       99929
      100021
      100030
      100067
      100116
      100164
      100244
      100271
      100342
      100421
      100426
      100518
      100533
      100583
      100663
      100743
      100832
      100867
      100874
      100952
      100956
      100989
      101040
      101068
      101146
      101153
      101238
      101301
      101328
      101407
      101488
      101536
      101595
      101693
      101739
      101745
      101832
      101875
      101878
      101878
      101910
      101919
      101982
      102067
      102091
      102157
      102210
      102305
      102388
      102450
      102462
      102553
      102567
      102630
      102680
      102700
      102727
      102774
      102802
      102894
      102925
      103024
      103056
      103140
      103209
      103281
      103301
      103380
      103461
      103534
      103574
      103669
      103683
      103767
      103797
      103818
      103877
      103881
      103960
      103977
      104034
      104090
      104144
      104184
      104271
      104347
      104429
      104481
      104541
      104615
      104671
      104692
      104782
      104802
      104886
      104980
      105048
      105078
      105084
      105172
      105207
      105251
      105257
      105257
      105260
      105289
      105349
      105356
      105405
      105418
      105487
      105521
      105574
      105589
      105591
      105592
      105601
      105631
      105690
      105765
      105809
      105906
      105940
      105965
      105982
      106004
      106024
      106103
      106176
      106192
      106222
      106233
      106246
      106322
      106348
      106447
      106479
      106543
      106621
      106645
      106681
      106705
      106800
      106899
      106988
      106996
      107051
      107105
      107141
      107157
      107199
      107231
      107322
      107331
      107369
      107385
      107411
      107414
      107503
      107557
      107626
      107669
      107741
      107835
      107850
      107887
      107919
      107930
      108008
      108014
      108035
      108133
      108193
      108280
      108333
      108333
      108349
      108386
      108410
      108489
      108564
      108605
      108615
      108624
      108684
      108724
      108751
      108833
      108875
      108953
      109015
      109051
      109119
      109182
      109204
      109223
      109225
      109294
      109305
      109388
      109433
      109444
      109473
      109508
      109578
      109609
      109627
      109666
      109711
      109807
      109869
      109891
      109916
      110005
      110091
      110143
      110234
      110248
      110265
      110293
      110330
      110347
      110446
      110482
      110572
      110591
      110681
      110770
      110786
      110819
      110917
      110950
      110975
      111007
      111043
      111084
      111114
      111128
      111224
      111303
      111343
      111367
      111368
      111459
      111542
      111588
      111684
      111778
      111816
      111896
      111921
      112019
      112053
      112091
      112160
      112233
      112278
      112314
      112363
      112437
      112493
      112542
      112602
      112694
      112727
      112748
      112813
      112884
      112950
      113001
      113056
      113109
      113181
      113207
      113305
      113332
      113403
      113472
      113499
      113557
      113607
      113665
      113721
      113753
      113800
      113890
      113957
      114049
      114074
      114154
      114252
      114257
      114287
      114323
      114386
      114440
      114475
      114481
      114539
      114620
      114686
      114745
      114747
      114751
      114823
      114841
      114856
      114950
      115027
      115077
      115098
      115154
      115238
      115289
      115325
      115377
      115434
      115533
      115536
      115590
      115621
      115716
      115763
      115790
      115802
      115819
      115918
      115979
      115983
      116053
      116106
      116109
      116135
      116203
      116283
      116361
      116412
      116487
      116556
      116574
      116607
      116705
      116726
      116735
      116740
      116799
      116866
      116917
      116924
      117019
      117118
      117149
      117214
      117281
      117295
      117380
      117431
      117515
      117556
      117567
      117604
      117688
      117746
      117746
      117747
      117819
      117875
      117967
      117991
      118016
      118046
      118088
      118099
      118155
      118202
      118291
      118387
      118400
      118450
      118542
      118543
      118635
      118652
      118728
      118775
      118794
      118873
      118928
      119012
      119076
      119125
      119146
      119206
      119299
      119302
      119390
      119401
      119477
      119536
      119626
      119632
      119641
      119641
      119644
      119662
      119688
      119745
      119766
      119828
      119917
      120003
      120052
      120091
      120126
      120150
      120159
      120207
      120255
      120312
      120365
      120417
      120452
      120479
      120544
      120594
      120638
      120705
      120733
      120821
      120891
      120906
      120999
      121041
      121090
      121168
      121204
      121293
      121355
      121381
      121426
      121434
      121522
      121590
      121608
      121670
      121683
      121760
      121800
      121887
      121893
      121929
      121935
      121953
      122018
      122078
      122174
      122215
      122228
      122292
      122371
      122382
      122408
      122445
      122454
      122455
      122479
      122517
      122535
      122603
      122621
      122701
      122796
      122845
      122918
      122945
      123030
      123117
      123128
      123218
      123260
      123269
      123345
      123417
      123511
      123528
      123592
