          92
          98
         170
         190
         268
         318
         326
         383
         437
         441
         447
         502
         525
         615
         707
         788
         826
         905
         981
        1004
        1058
        1139
        1199
        1224
        1259
        1310
        1344
        1366
        1388
        1439
        1457
        1511
        1579
        1642
        1680
        1724
        1788
        1868
        1928
        1932
        2002
        2099
        2130
        2181
        2230
        2326
        2395
        2450
        2481
        2555
        2588
        2596
        2626
        2712
        2769
        2824
        2824
        2857
        2953
        2967
        2971
        2998
        3094
        3177
        3266
        3289
        3303
        3359
        3458
        3514
        3609
        3656
        3733
        3806
        3817
        3904
        3970
        4011
        4049
        4120
        4195
        4242
        4327
        4422
        4433
        4496
        4568
        4642
        4706
        4772
        4829
        4872
        4916
        4966
        5019
        5019
        5020
        5027
        5065
        5133
        5141
        5239
        5309
        5332
        5417
        5451
        5463
        5523
        5565
        5625
        5649
        5678
        5700
        5744
        5799
        5801
        5821
        5861
        5920
        5991
        5994
        5997
        6095
        6182
        6218
        6247
        6285
        6379
        6421
        6507
        6522
        6620
        6678
        6747
        6782
        6814
        6839
        6896
        6954
        6976
        7024
        7081
        7122
        7150
        7214
        7258
        7296
        7345
        7386
        7467
        7552
        7574
        7662
        7712
        7726
        7778
        7864
        7953
        8038
        8050
        8073
        8171
        8215
        8230
        8275
        8317
        8410
        8465
        8476
        8546
        8553
        8570
        8647
        8689
        8745
        8828
        8850
        8880
        8956
        9032
        9107
        9204
        9303
        9356
        9424
        9465
        9477
        9552
        9592
        9619
        9694
        9711
        9810
        9903
        9923
        9978
       10039
       10111
       10144
       10165
       10202
       10256
       10287
       10300
       10337
       10420
       10519
       10521
       10620
       10647
       10650
       10737
       10815
       10829
       10924
       10986
       11012
       11033
       11041
       11057
       11113
       11113
       11140
       11152
       11154
       11192
       11288
       11318
       11404
       11438
       11463
       11465
       11499
       11598
       11693
       11720
       11807
       11858
       11872
       11874
       11956
       11984
       12060
       12110
       12165
       12215
       12300
       12335
       12395
       12426
       12453
       12455
       12479
       12548
       12568
       12615
       12620
       12629
       12659
       12751
       12806
       12863
       12863
       12888
       12975
       12986
       13055
       13076
       13146
       13238
       13256
       13292
       13351
       13435
       13514
       13555
       13578
       13638
       13711
       13787
       13861
       13901
       13995
       13995
       14082
       14170
       14234
       14283
       14340
       14389
       14414
       14478
       14514
       14560
       14645
       14666
       14675
       14708
       14785
       14831
       14876
       14908
       14934
       15014
       15104
       15177
       15201
       15284
       15327
       15393
       15470
       15489
       15498
       15571
       15575
       15630
       15675
       15739
       15757
       15821
       15885
       15977
       16052
       16113
       16127
       16127
       16143
       16207
       16216
       16227
       16305
       16374
       16470
       16518
       16551
       16564
       16577
       16639
       16731
       16749
       16781
       16812
       16824
       16908
       16988
       16996
       17070
       17151
       17237
       17310
       17347
       17412
       17469
       17547
       17642
       17677
       17717
       17731
       17778
       17860
       17885
       17945
       17983
       18058
       18098
       18171
       18190
       18208
       18231
       18245
       18319
       18394
       18487
       18564
       18613
       18672
       18737
       18834
       18928
       18959
       18977
       19073
       19142
       19186
       19279
       19328
       19377
       19454
       19460
       19533
       19543
       19613
       19622
       19660
       19665
       19716
       19811
       19839
       19936
       19938
       19953
       20051
       20110
       20125
       20214
       20285
       20380
       20421
       20517
       20589
       20685
       20700
       20783
       20838
       20839
       20860
       20942
       20994
       21032
       21046
       21046
       21059
       21126
       21194
       21202
       21226
       21254
       21328
       21340
       21431
       21485
       21524
       21606
       21626
       21626
       21645
       21688
       21696
       21740
       21776
       21777
       21780
       21836
       21869
       21959
       22047
       22074
       22156
       22223
       22289
       22317
       22392
       22475
       22485
       22542
       22633
       22685
       22757
       22824
       22833
       22925
       23006
       23007
       23052
       23128
       23196
       23270
       23290
       23314
       23370
       23418
       23499
       23512
       23536
       23622
       23659
       23679
       23709
       23748
       23776
       23836
       23864
       23949
       24004
       24091
       24124
       24143
       24155
       24187
       24255
       24339
       24407
       24486
       24535
       24557
       24603
       24614
       24645
       24685
       24717
       24734
       24787
       24864
       24869
       24909
       24949
       24988
       25018
       25040
       25080
       25152
       25242
       25247
       25286
       25381
       25422
       25507
       25565
       25587
       25675
       25763
       25825
       25848
       25903
       25906
       25978
       26040
       26129
       26218
       26299
       26330
       26395
       26444
       26490
       26500
       26543
       26557
       26652
       26693
       26720
       26792
       26880
       26913
       27007
       27037
       27039
       27127
       27193
       27259
       27273
       27356
       27427
       27465
       27483
       27529
       27589
       27680
       27728
       27806
       27823
       27872
       27951
       27966
       28034
       28049
       28080
       28127
       28142
       28163
       28196
       28285
       28290
       28343
       28372
       28399
       28409
       28490
       28576
       28663
       28727
       28766
       28777
       28804
       28861
       28918
       28925
       28968
       29028
       29047
       29097
       29138
       29222
       29282
       29315
       29358
       29441
       29450
       29521
       29599
       29670
       29733
       29824
       29850
       29876
       29928
       29993
       30039
       30039
       30119
       30198
       30294
       30311
       30346
       30408
       30468
       30513
       30604
       30624
       30654
       30729
       30812
       30849
       30880
       30931
       30974
       31017
       31070
       31108
       31109
       31156
       31219
       31231
       31324
       31392
       31457
       31552
       31631
       31648
       31703
       31773
       31872
       31924
       32012
       32018
       32095
       32175
       32223
       32303
       32325
       32331
       32372
       32460
       32465
       32517
       32607
       32682
       32748
       32775
       32852
       32883
       32924
       32966
       33024
       33112
       33117
       33121
       33152
       33189
       33281
       33334
       33392
       33436
       33437
       33508
       33592
       33683
       33693
       33719
       33804
       33813
       33827
       33868
       33875
       33928
       33935
       33939
       34023
       34099
       34176
       34212
       34230
       34288
       34307
       34358
       34371
       34425
       34473
       34508
       34533
       34617
       34622
       34622
       34699
       34746
       34746
       34795
       34802
       34830
       34925
       34976
       35036
       35066
       35121
       35150
       35208
       35209
       35218
       35308
       35338
       35393
       35423
       35487
       35505
       35545
       35614
       35696
       35783
       35787
       35885
       35968
       35997
       36084
       36149
       36203
       36209
       36215
       36308
       36315
       36377
       36392
       36432
       36454
       36527
       36599
       36690
       36753
       36765
       36826
       36854
       36903
       36985
       37074
       37132
       37217
       37254
       37297
       37305
       37323
       37385
       37427
       37472
       37518
       37585
       37649
       37737
       37818
       37864
       37885
       37920
       37954
       37959
       37999
       38078
       38170
       38235
       38263
       38346
       38411
       38469
       38476
       38513
       38513
       38599
       38674
       38733
       38752
       38783
       38798
       38838
       38839
       38937
       38961
       39041
       39128
       39177
       39227
       39235
       39309
       39324
       39339
       39361
       39406
       39437
       39463
       39499
       39541
       39541
       39608
       39622
       39641
       39648
       39688
       39692
       39791
       39862
       39916
       39925
       39945
       39967
       40059
       40116
       40147
       40226
       40258
       40279
       40304
       40338
       40364
       40393
       40406
       40437
       40450
       40453
       40476
       40513
       40564
       40600
       40602
       40691
       40715
       40773
       40821
       40885
       40908
       40909
       40965
       41043
       41136
       41191
       41253
       41340
       41340
       41428
       41486
       41505
       41542
       41585
       41635
       41650
       41701
       41792
       41873
       41904
       41931
       42023
       42094
       42118
       42149
       42226
       42261
       42313
       42351
       42390
       42454
       42483
       42508
       42573
       42672
       42768
       42812
       42842
       42893
       42945
       42947
       42972
       42981
       43022
       43022
       43103
       43164
       43249
       43275
       43345
       43367
       43416
       43452
       43518
       43523
       43622
       43677
       43702
       43757
       43846
       43907
       43933
       43974
       43984
       44068
       44089
       44105
       44141
       44222
       44303
       44387
       44403
       44489
       44576
       44584
       44665
       44763
       44772
       44802
       44898
       44956
       44996
       45093
       45181
       45263
       45304
       45328
       45360
       45388
       45467
       45525
       45551
       45611
       45667
       45732
       45812
       45891
       45972
       45975
       46003
       46019
       46045
       46073
       46115
       46140
       46157
       46179
       46227
       46258
       46302
       46381
       46453
       46485
       46523
       46621
       46621
       46622
       46643
       46668
       46708
       46782
       46877
       46931
       47009
       47011
       47019
       47101
       47166
       47226
       47235
       47328
       47330
       47400
       47420
       47484
       47565
       47585
       47682
       47743
       47803
       47887
       47926
       47953
       47958
       48021
       48111
       48192
       48220
       48304
       48351
       48433
       48481
       48558
       48580
       48585
       48612
       48661
       48680
       48727
       48816
       48873
       48879
       48891
       48945
       49010
       49028
       49111
       49122
       49197
       49216
       49255
       49290
       49358
       49377
       49387
       49388
       49462
       49552
       49563
       49643
       49725
       49806
       49832
       49906
       49908
       49984
       50051
       50099
       50115
       50195
       50286
       50319
       50327
       50368
       50431
       50524
       50559
       50593
       50683
       50713
       50774
       50798
       50882
       50976
       50982
       51034
       51055
       51125
       51175
       51237
       51299
       51360
       51410
       51449
       51469
       51474
       51489
       51491
       51586
       51641
       51716
       51796
       51856
       51890
       51965
       52031
       52097
       52191
       52254
       52351
       52391
       52490
       52565
       52567
       52642
       52723
       52791
       52890
       52960
       53046
       53110
       53145
       53219
       53302
       53363
       53416
       53441
       53441
       53513
       53595
       53673
       53709
       53731
       53827
       53857
       53877
       53947
       54039
       54060
       54132
       54215
       54227
       54254
       54273
       54325
       54341
       54420
       54466
       54489
       54584
       54669
       54766
       54772
       54844
       54926
       54939
       54955
       54967
       55012
       55099
       55166
       55170
       55232
       55286
       55330
       55356
       55365
       55366
       55449
       55505
       55558
       55568
       55583
       55594
       55635
       55678
       55767
       55831
       55881
       55941
       56018
       56069
       56155
       56249
       56335
       56406
       56417
       56431
       56446
       56507
       56602
       56635
       56721
       56819
       56880
       56939
       57033
       57099
       57100
       57121
       57200
       57203
       57288
       57348
       57400
       57493
       57567
       57617
       57690
       57733
       57810
       57831
       57860
       57905
       57922
       57972
       58045
       58099
       58153
       58163
       58210
       58261
       58332
       58427
       58476
       58506
       58532
       58597
       58621
       58705
       58749
       58771
       58870
       58883
       58887
       58946
       58956
       58975
       59041
       59099
       59116
       59139
       59212
       59302
       59394
       59480
       59489
       59562
       59570
       59608
       59653
       59685
       59746
       59827
       59886
       59918
       59942
       59958
       60010
       60012
       60027
       60033
       60044
       60121
       60167
       60206
       60265
       60289
       60378
       60457
       60496
       60516
       60573
       60575
       60673
       60680
       60768
       60787
       60852
       60925
       61010
       61033
       61096
       61139
       61208
       61240
       61248
       61345
       61418
       61469
       61560
       61624
       61676
       61738
       61808
       61813
       61867
       61925
       61961
       61962
       62025
       62065
       62083
       62110
       62133
       62142
       62183
       62227
       62240
       62300
       62338
       62352
       62402
       62491
       62521
       62554
       62568
       62651
       62715
       62724
       62749
       62838
       62913
       63006
       63025
       63026
       63066
       63101
       63175
       63267
       63357
       63393
       63442
       63459
       63490
       63514
       63550
       63559
       63574
       63620
       63625
       63656
       63691
       63743
       63805
       63833
       63930
       63955
       64032
       64107
       64114
       64181
       64200
       64276
       64298
       64391
       64428
       64457
       64528
       64576
       64612
       64616
       64679
       64710
       64758
       64807
       64879
       64949
       64975
       65071
       65153
       65228
       65228
       65259
       65334
       65411
       65459
       65522
       65541
       65579
       65586
       65618
       65680
       65693
       65772
       65869
       65925
       65925
       66004
       66056
       66104
       66186
       66188
       66203
       66296
       66330
       66400
       66463
       66522
       66591
       66662
       66758
       66854
       66893
       66897
       66989
       67023
       67034
       67085
       67117
       67181
       67266
       67307
       67362
       67366
       67406
       67416
       67479
       67570
       67583
       67623
       67684
       67697
       67717
       67806
       67830
       67892
       67970
       68041
       68076
       68164
       68206
       68228
       68228
       68317
       68344
       68412
       68458
       68528
       68593
       68675
       68748
       68799
       68837
       68912
       68943
       68959
       69002
       69069
       69076
       69172
       69251
       69288
       69288
       69321
       69399
       69468
       69554
       69612
       69646
       69730
       69736
       69758
       69778
       69784
       69864
       69960
       69986
       69990
       70027
       70084
       70139
       70147
       70225
       70279
       70296
       70325
       70351
       70358
       70383
       70478
       70496
       70580
       70653
       70730
       70810
       70850
       70869
       70872
       70905
       70905
       70921
       71015
       71089
       71106
       71204
       71241
       71261
       71277
       71291
       71292
       71355
       71406
       71477
       71502
       71587
       71619
       71659
       71694
       71694
       71730
       71782
       71815
       71875
       71907
       71984
       72035
       72041
       72047
       72064
       72160
       72232
       72290
       72374
       72421
       72472
       72569
       72587
       72599
       72623
       72707
       72760
       72796
       72827
       72896
       72979
       72983
       73046
       73093
       73141
       73195
       73273
       73303
       73319
       73356
       73425
       73513
       73573
       73573
       73614
       73666
       73745
       73824
       73860
       73944
       73968
       74025
       74105
       74126
       74139
       74157
       74223
       74262
       74355
       74371
       74375
       74418
       74505
       74581
       74667
       74723
       74796
       74856
       74941
       75002
       75011
       75097
       75110
       75123
       75150
       75150
       75225
       75245
       75337
       75424
       75433
       75532
       75617
       75673
       75699
       75788
       75825
       75922
       75972
       76043
       76065
       76102
       76112
       76122
       76217
       76235
       76328
       76375
       76432
       76464
       76505
       76600
       76668
       76745
       76749
       76793
       76806
       76892
       76942
       77013
       77021
       77101
       77193
       77257
       77351
       77408
       77437
       77535
       77591
       77651
       77712
       77761
       77775
       77780
       77790
       77885
       77960
       77989
       78016
       78104
       78199
       78200
       78247
       78330
       78398
       78487
       78514
       78559
       78574
       78632
       78729
       78789
       78832
       78877
       78906
       78991
       79021
       79063
       79087
       79117
       79195
       79207
       79306
       79377
       79416
       79473
       79528
       79569
       79627
       79718
       79758
       79825
       79877
       79952
       79999
       80027
       80079
       80173
       80179
       80188
       80221
       80316
       80324
       80399
       80444
       80475
       80525
       80549
       80550
       80571
       80663
       80716
       80755
       80847
       80859
       80937
       81007
       81012
       81054
       81057
       81064
       81110
       81157
       81206
       81238
       81321
       81391
       81433
       81447
       81447
       81524
       81547
       81565
       81632
       81702
       81780
       81790
       81826
       81904
       81925
       81941
       81977
       81996
       82086
       82116
       82209
       82227
       82278
       82328
       82358
       82362
       82383
       82476
       82540
       82569
       82619
       82665
       82719
       82818
       82888
       82945
       82970
       82970
       82992
       83019
       83059
       83138
       83223
       83285
       83356
       83377
       83426
       83487
       83493
       83527
       83587
       83657
       83749
       83790
       83807
       83824
       83871
       83908
       83983
       84012
       84049
       84074
       84167
       84259
       84316
       84326
       84425
       84469
       84556
       84574
       84666
       84680
       84736
       84791
       84801
       84817
       84848
       84861
       84870
       84962
       85010
       85051
       85083
       85117
       85210
       85247
       85323
       85368
       85432
       85435
       85443
       85458
       85482
       85558
       85577
       85648
       85685
       85762
       85771
       85834
       85871
       85949
       86039
       86117
       86162
       86167
       86239
       86276
       86351
       86366
       86406
       86418
       86494
       86527
       86560
       86647
       86697
       86722
       86794
       86859
       86939
       86960
       86990
       87065
       87071
       87167
       87180
       87190
       87260
       87270
       87343
       87355
       87394
       87406
       87414
       87512
       87570
       87657
       87692
       87754
       87828
       87917
       88013
       88019
       88030
       88097
       88194
       88287
       88373
       88430
       88478
       88525
       88600
       88678
       88692
       88704
       88736
       88736
       88824
       88853
       88917
       88995
       89077
       89124
       89215
       89293
       89353
       89379
       89406
       89462
       89493
       89573
       89663
       89671
       89762
       89853
       89926
       90015
       90030
       90076
       90104
       90197
       90246
       90318
       90324
       90349
       90425
       90498
       90559
       90615
       90663
       90750
       90774
       90848
       90856
       90952
       91036
       91056
       91116
       91124
       91177
       91268
       91342
       91367
       91412
       91425
       91439
       91500
       91544
       91565
       91641
       91676
       91721
       91764
       91829
       91890
       91936
       92010
       92025
       92104
       92156
       92189
       92270
       92336
       92413
       92431
       92437
       92460
       92550
       92643
       92689
       92782
       92869
       92910
       93006
       93093
       93183
       93282
       93356
       93446
       93469
       93553
       93585
       93641
       93698
       93736
       93795
       93842
       93924
       94013
       94106
       94114
       94117
       94124
       94181
       94272
       94331
       94419
       94469
       94505
       94601
       94658
       94682
       94712
       94784
       94823
       94906
       94974
       95003
       95094
       95127
       95219
       95225
       95244
       95250
       95290
       95367
       95400
       95450
       95455
       95544
       95586
       95613
       95699
       95758
       95812
       95830
       95902
       95989
       96074
       96132
       96167
       96220
       96262
       96346
       96440
       96489
       96528
       96613
       96629
       96638
       96719
       96775
       96810
       96834
       96836
       96872
       96910
       96933
       97000
       97022
       97027
       97088
       97142
       97144
       97200
       97288
       97319
       97359
       97398
       97433
       97517
       97528
       97614
       97663
       97738
       97760
       97836
       97868
       97942
       98027
       98126
       98152
       98236
       98311
       98379
       98420
       98476
       98505
       98575
       98601
       98652
       98703
       98730
       98822
       98856
       98899
       98991
       99042
       99108
       99138
       99180
       99183
       99220
       99306
       99334
       99366
       99435
       99456
       99555
       99617
       99669
       99675
       99726
       99754
       99773
       99840
       99846
       99926
       99987
      100041
      100119
      100163
      100184
      100190
      100219
      100219
      100245
      100334
      100340
      100375
      100447
      100523
      100547
      100596
      100644
      100663
      100746
      100748
      100778
      100800
      100879
      100924
      101012
      101052
      101073
      101133
      101206
      101225
      101304
      101354
      101444
      101525
      101539
      101636
      101699
      101797
      101884
      101939
      101966
      102029
      102040
      102049
      102122
      102135
      102168
      102246
      102317
      102357
      102422
      102465
      102521
      102527
      102528
      102537
      102540
      102633
      102727
      102791
      102837
      102902
      102947
      103037
      103125
      103218
      103270
      103290
      103297
      103395
      103432
      103436
      103505
      103564
      103646
      103653
      103744
      103758
      103842
      103863
      103879
      103935
      103951
      103963
      103970
      104042
      104087
      104105
      104174
      104177
      104178
      104186
      104243
      104327
      104374
      104407
      104452
      104520
      104571
      104659
      104750
      104836
      104836
      104881
      104968
      105065
      105146
      105186
      105253
      105262
      105324
      105403
      105475
      105478
      105544
      105616
      105710
      105763
      105818
      105884
      105914
      106000
      106050
      106131
      106180
      106215
      106250
      106308
      106370
      106391
      106459
      106464
      106469
      106556
      106646
      106701
      106733
      106829
      106878
      106975
      107010
      107061
      107113
      107142
      107194
      107225
      107255
      107315
      107335
      107381
      107460
      107480
      107536
      107562
      107657
      107658
      107713
      107811
      107837
      107856
      107903
      107980
      108046
      108130
      108194
      108271
      108336
      108397
      108412
      108464
      108496
      108502
      108574
      108672
      108736
      108763
      108833
      108897
      108962
      108982
      109019
      109076
      109136
      109235
      109277
      109364
      109414
      109494
      109508
      109549
      109588
      109589
      109659
      109701
      109770
      109815
      109908
      109975
      110032
      110103
      110193
      110245
      110324
      110367
      110392
      110412
      110418
      110465
      110477
      110534
      110608
      110705
      110790
      110821
      110862
      110947
      111018
      111021
      111042
      111126
      111135
      111223
      111279
      111354
      111412
      111419
      111506
      111543
      111570
      111570
      111651
      111684
      111724
      111747
      111845
      111938
      111958
      111976
      111981
      111997
      112015
      112039
      112102
      112185
      112213
      112257
      112285
      112368
      112397
      112488
      112576
      112663
      112702
      112734
      112823
      112849
      112861
      112885
      112970
      112993
      113043
      113066
      113100
      113154
      113216
      113246
      113249
      113262
      113316
      113379
      113475
      113543
      113606
      113649
      113746
      113753
      113825
      113853
      113899
      113946
      113994
      114059
      114131
      114185
      114219
      114280
      114282
      114373
      114427
      114438
      114475
      114500
      114578
      114641
      114671
      114743
      114793
      114884
      114939
      114940
      114956
      115005
      115100
      115156
      115192
      115243
      115330
      115412
      115489
      115559
      115608
      115664
      115714
      115808
      115838
      115928
      115997
      116001
      116032
      116119
      116140
      116195
      116263
      116338
      116348
      116390
      116483
      116504
      116539
      116545
      116546
      116560
      116561
      116616
      116618
      116676
      116700
      116778
      116842
      116884
      116896
      116936
      116971
      117056
      117151
      117226
      117291
      117339
      117347
      117441
      117526
      117618
      117657
      117664
      117757
      117817
      117825
      117852
      117876
      117931
      117936
      117983
      118075
      118170
      118173
      118248
      118319
      118415
      118491
      118525
      118623
      118687
      118749
      118809
      118832
      118931
      118990
      119041
      119063
      119074
      119147
      119221
      119261
      119266
      119317
      119344
      119358
      119415
      119475
      119491
      119529
      119625
      119665
      119728
      119820
      119886
      119944
      119988
      120039
      120057
      120074
      120142
      120144
      120199
      120256
      120308
      120348
      120391
      120474
      120510
      120541
      120553
      120614
      120683
      120751
      120827
      120842
      120886
      120981
      120981
      121072
      121108
      121131
      121157
      121223
      121302
      121338
      121342
      121381
      121432
      121494
      121511
      121543
      121588
      121676
      121763
      121839
      121907
      121982
      122080
      122172
      122268
      122327
      122419
      122462
      122524
      122549
      122582
      122596
      122618
      122656
      122740
      122774
      122837
      122898
      122929
      123026
      123035
      123075
      123115
      123115
      123116
      123181
      123220
      123305
      123402
      123462
      123474
      123570
      123632
      123724
      123818
      123861
      123929
      123985
      124031
      124042
      124089
      124149
      124184
      124276
      124331
      124408
      124460
      124539
      124615
      124649
      124740
      124750
      124772
      124799
      124888
      124892
      124963
      124979
      125029
      125054
      125059
      125090
      125130
      125135
      125203
      125246
      125284
      125357
      125371
      125371
      125377
      125434
      125509
      125607
      125671
      125676
      125713
      125728
      125805
      125832
      125923
      125989
      126019
      126039
      126047
      126091
      126113
      126171
      126231
      126256
      126326
      126367
      126443
      126525
      126562
      126631
      126664
      126693
      126729
      126793
      126883
      126956
      127004
      127060
      127125
      127139
      127233
      127303
      127371
      127449
      127503
      127548
      127572
      127579
      127623
      127655
      127666
      127747
      127782
      127834
      127891
      127982
      128012
      128039
      128113
      128197
      128224
      128256
      128299
      128310
      128400
      128439
      128532
      128543
      128639
      128726
      128747
      128772
      128812
      128894
      128993
      129004
      129081
      129128
      129217
      129304
      129329
      129365
      129386
      129451
      129531
      129578
      129580
      129582
      129673
      129770
      129831
      129916
      129933
      129958
      129991
      130028
      130058
      130115
      130182
      130183
      130203
      130300
      130379
      130411
      130431
      130443
      130485
      130488
      130552
      130629
      130644
      130657
      130692
      130734
      130737
      130745
      130833
      130835
      130931
      130959
      130984
      131002
      131101
      131175
      131193
      131201
      131207
      131225
      131314
      131380
      131394
      131426
      131436
      131518
      131535
      131610
      131688
      131746
      131831
      131926
      131971
      132042
      132062
      132130
      132157
      132178
      132271
      132330
      132388
      132438
      132480
      132562
      132601
      132604
      132662
      132743
      132825
      132841
      132845
      132880
      132939
      132960
      132986
      133007
      133079
      133123
      133150
      133244
      133266
      133351
      133391
      133483
      133573
      133642
      133690
      133726
      133811
      133834
      133869
      133920
      133951
      134030
      134093
      134134
      134164
      134190
      134260
      134280
      134354
      134407
      134463
      134479
      134556
      134569
      134651
      134724
      134779
      134833
      134889
      134904
      134926
      134928
      134996
      135029
      135085
      135119
      135127
      135186
      135270
      135368
      135465
      135562
      135578
      135658
      135674
      135677
      135736
      135831
      135857
      135890
      135963
      135966
      136046
      136142
      136233
      136297
      136364
      136386
      136485
      136530
      136625
      136651
      136677
      136715
      136814
      136907
      136973
      136988
      137035
      137134
      137185
      137199
      137251
      137267
      137319
      137416
      137429
      137502
      137601
      137610
      137612
      137683
      137778
      137838
      137879
      137927
      137993
      138064
      138113
      138157
      138161
      138229
      138277
      138362
      138446
      138483
      138509
      138563
      138661
      138674
      138730
      138808
      138836
      138854
      138930
      138990
      139068
      139116
      139185
      139284
      139341
      139380
      139394
      139467
      139558
      139564
      139570
      139613
      139653
      139742
      139809
      139843
      139849
      139882
      139979
      140028
      140035
      140046
      140126
      140147
      140204
      140280
      140298
      140359
      140404
      140436
      140450
      140522
      140617
      140622
      140657
      140721
      140783
      140859
      140930
      140966
      141041
      141109
      141195
      141210
      141228
      141267
      141293
      141327
      141404
      141503
      141577
      141654
      141677
      141682
      141721
      141733
      141766
      141844
      141861
      141875
      141912
      141968
      142005
      142094
      142151
      142215
      142217
      142310
      142384
      142465
      142470
      142483
      142506
      142578
      142656
      142694
      142749
      142754
      142812
      142891
      142924
      142958
      143037
      143109
      143163
      143201
      143202
      143267
      143332
      143339
      143371
      143371
      143410
      143508
      143549
      143552
      143609
      143706
      143776
      143854
      143893
      143985
      144016
      144044
      144074
      144086
      144100
      144182
      144202
      144273
      144294
      144340
      144398
      144461
      144511
      144523
      144596
      144670
      144676
      144678
      144760
      144854
      144891
      144927
      144930
      144989
      145043
      145062
      145100
      145137
      145153
      145217
      145283
      145382
      145386
      145436
      145452
      145490
      145588
      145635
      145654
      145678
      145702
      145763
      145807
      145880
      145930
      146027
      146052
      146130
      146222
      146308
      146397
      146402
      146487
      146537
      146628
      146632
      146697
      146733
      146773
      146816
      146853
      146892
      146900
      146969
      147060
      147117
      147132
      147200
      147236
      147244
      147244
      147251
      147285
      147301
      147312
      147321
      147360
      147428
      147492
      147536
      147571
      147578
      147605
      147621
      147657
      147729
      147754
      147787
      147826
      147857
      147931
      147998
      148090
      148123
      148177
      148223
      148295
      148340
      148388
      148460
      148528
      148541
      148631
      148664
      148756
      148832
      148846
      148927
      148945
      149020
      149116
      149205
      149215
      149256
      149261
      149329
      149381
      149444
      149464
      149498
      149560
      149579
      149666
      149762
      149773
      149867
      149923
      149988
      150032
      150105
      150146
      150196
      150284
      150377
      150385
      150391
      150456
      150553
      150566
      150597
      150674
      150680
      150774
      150805
      150847
      150908
      150973
      151062
      151156
      151213
      151287
      151319
      151330
      151382
      151416
      151465
      151545
      151644
      151730
      151820
      151900
      151985
      152001
      152058
      152131
      152176
      152273
      152293
      152352
      152434
      152466
      152538
      152613
      152671
      152690
      152707
      152730
      152825
      152902
      152979
      153063
      153137
      153178
      153215
      153287
      153313
      153359
      153381
      153424
      153487
      153490
      153496
      153507
      153524
      153545
      153623
      153675
      153687
      153733
      153781
      153869
      153950
      154012
      154069
      154167
      154177
      154195
      154246
      154294
      154341
      154405
      154489
      154566
      154641
      154729
      154778
      154860
      154950
      154993
      154999
      155039
      155106
      155138
      155143
      155209
      155283
      155290
      155312
      155362
      155399
      155440
      155517
      155576
      155630
      155711
      155781
      155812
      155820
      155871
      155938
      156027
      156070
      156107
      156197
      156277
      156295
      156369
      156388
      156443
      156443
      156525
      156591
      156667
      156713
      156726
      156796
      156852
      156888
      156914
      156988
      157076
      157091
      157187
      157263
      157357
      157398
      157411
      157456
      157518
      157595
      157659
      157729
      157777
      157838
      157858
      157871
      157943
      157965
      158004
      158009
      158031
      158089
      158135
      158189
      158206
      158257
      158336
      158352
      158382
      158446
      158448
      158496
      158509
      158529
      158601
      158681
      158690
      158706
      158738
      158794
      158837
      158936
      158939
      158992
      158994
      158994
      159071
      159118
      159140
      159192
      159262
      159320
      159372
      159386
      159451
      159507
      159524
      159582
      159681
      159743
      159748
      159773
      159861
      159911
      159943
      159992
      160046
      160046
      160075
      160124
      160194
      160208
      160289
      160374
      160459
      160514
      160556
      160599
      160667
      160742
      160793
      160801
      160815
      160901
      160908
      160995
      161049
      161146
      161171
      161183
      161225
      161248
      161255
      161343
      161404
      161487
      161521
      161614
      161635
      161717
      161814
      161830
      161871
      161886
      161894
      161945
      162027
      162048
      162076
      162094
      162180
      162189
      162190
      162208
      162283
      162309
      162377
      162459
      162523
      162606
      162701
      162761
      162788
      162849
      162878
      162968
      162994
      163025
      163030
      163083
      163096
      163188
      163217
      163225
      163316
      163333
      163405
      163453
      163534
      163619
      163666
      163680
      163693
      163733
      163785
      163830
      163889
      163984
      164072
      164143
      164170
      164213
      164248
      164313
      164411
      164457
      164484
      164536
      164565
      164615
      164657
      164750
      164751
      164816
      164878
      164928
      164958
      165055
      165106
      165175
      165274
      165301
      165384
      165453
      165528
      165614
      165644
      165737
      165744
      165797
      165881
      165963
      166032
      166079
      166133
      166211
      166226
      166231
      166309
      166375
      166448
      166478
      166548
      166630
      166670
      166747
      166788
      166820
      166822
      166838
      166867
      166922
      166949
      166951
      166984
      166992
      167057
      167090
      167099
      167170
      167257
      167302
      167363
      167366
      167463
      167515
      167597
      167688
      167747
      167830
      167851
      167919
      167938
      167940
      167970
      168042
      168107
      168168
      168257
      168299
      168384
      168446
      168517
      168538
      168555
      168568
      168581
      168662
      168703
      168762
      168787
      168809
      168903
      168992
      169030
      169105
      169158
      169176
      169272
      169365
      169415
      169434
      169499
      169531
      169614
      169627
      169713
      169786
      169818
      169860
      169866
      169866
      169876
      169949
      169996
      170088
      170175
      170211
      170249
      170282
      170348
      170389
      170423
      170507
      170582
      170613
      170673
      170709
      170731
      170803
      170866
      170957
      171003
      171041
      171050
      171095
      171095
      171153
      171169
      171171
      171232
      171245
      171279
      171319
      171332
      171428
      171460
      171483
      171537
      171593
      171682
      171739
      171787
      171863
      171959
      172049
      172079
      172081
      172136
      172234
      172287
      172384
      172477
      172564
      172585
      172639
      172664
      172712
      172793
      172809
      172851
      172882
      172964
      173019
      173062
      173093
      173112
      173210
      173284
      173360
      173441
      173531
      173618
      173685
      173738
      173820
      173893
      173983
      173997
      174024
      174105
      174133
      174209
      174281
      174335
      174434
      174466
      174504
      174599
      174661
      174681
      174774
      174783
      174783
      174814
      174841
      174925
      174966
      174972
      175000
      175072
      175125
      175127
      175165
      175216
      175216
      175257
      175350
      175388
      175403
      175440
      175450
      175548
      175632
      175670
      175700
      175708
      175720
      175765
      175795
      175831
      175916
      175968
      176061
      176097
      176147
      176198
      176224
      176276
      176353
      176432
      176449
      176495
      176561
      176629
      176667
      176716
      176755
      176778
      176827
      176880
      176945
      176981
      177045
      177084
      177165
      177184
      177211
      177222
      177298
      177330
      177397
      177466
      177495
      177549
      177625
      177717
      177791
      177882
      177907
      177997
      178072
      178164
      178259
      178316
      178316
      178399
      178424
      178476
      178490
      178527
      178604
      178616
      178698
      178759
      178845
      178898
      178953
      179019
      179118
      179128
      179181
      179206
      179293
      179378
      179426
      179427
      179460
      179552
      179613
      179627
      179703
      179764
      179783
      179809
      179897
      179945
      180028
      180060
      180067
      180153
      180171
      180181
      180200
      180272
      180322
      180363
      180400
      180447
      180525
      180541
      180583
      180678
      180776
      180831
      180880
      180964
      181051
      181061
      181073
      181110
      181175
      181211
      181292
      181303
      181341
      181437
      181523
      181533
      181544
      181594
      181656
      181656
      181709
      181723
      181758
      181812
      181838
      181842
      181925
      182021
      182099
      182159
      182253
      182336
      182386
      182478
      182508
      182580
      182601
      182638
      182726
      182767
      182794
      182851
      182937
      182994
      183067
      183132
      183223
      183280
      183321
      183347
      183405
      183468
      183519
      183575
      183628
      183650
      183678
      183728
      183782
      183869
      183932
      184009
      184070
      184167
      184240
      184326
      184385
      184447
      184469
      184503
      184594
      184647
      184736
      184747
      184791
      184831
      184835
      184906
      184920
      184996
      185080
      185149
      185185
      185247
      185345
      185412
      185464
      185539
      185578
      185650
      185737
      185785
      185875
      185902
      185960
      185982
      186053
      186142
      186240
      186329
      186352
      186424
      186464
      186538
      186577
      186589
      186634
      186728
      186732
      186820
      186861
      186895
      186993
      187035
      187065
      187155
      187210
      187297
      187388
      187445
      187540
      187632
      187678
      187739
      187782
      187860
      187907
      187930
      188012
      188076
      188170
      188213
      188266
      188307
      188344
      188402
      188481
      188523
      188523
      188616
      188694
      188776
      188840
      188861
      188933
      189020
      189042
      189093
      189127
      189205
      189257
      189343
      189436
      189530
      189624
      189721
      189728
      189755
      189810
      189873
      189874
      189891
      189959
      190017
      190113
      190182
      190208
      190223
      190224
      190312
      190363
      190410
      190505
      190523
      190526
      190537
      190563
      190642
      190690
      190697
      190741
      190776
      190844
      190891
      190909
      191007
      191032
      191078
      191101
      191105
      191105
      191144
      191152
      191219
      191260
      191325
      191395
      191447
      191467
      191538
      191576
      191637
      191720
      191784
      191796
      191876
      191969
      192029
      192047
      192124
      192162
      192231
      192318
      192404
      192404
      192475
      192538
      192540
      192557
      192616
      192617
      192650
      192731
      192766
      192776
      192824
      192889
      192944
      193008
      193032
      193121
      193218
      193295
      193388
      193405
      193412
      193480
      193499
      193562
      193620
      193642
      193671
      193684
      193742
      193781
      193808
      193888
      193943
      194030
      194043
      194092
      194158
      194178
      194214
      194255
      194257
      194352
      194447
      194483
      194519
      194522
      194560
      194641
      194696
      194780
      194804
      194811
      194887
      194958
      194989
      195016
      195106
      195150
      195230
      195239
      195277
      195293
      195379
      195437
      195456
      195528
      195602
      195690
      195699
      195733
      195780
      195800
      195853
      195856
      195936
      196032
      196041
      196116
      196164
      196170
      196189
      196254
      196306
      196362
      196441
      196518
      196600
      196655
      196747
      196761
      196827
      196907
      196931
      196935
      197017
      197079
      197104
      197127
      197149
      197225
      197244
      197331
      197365
      197399
      197497
      197511
      197555
      197598
      197647
      197682
      197756
      197770
      197847
      197874
      197896
      197984
      198021
      198031
      198045
      198048
      198128
      198129
      198145
      198151
      198210
      198272
      198307
      198337
      198372
      198410
      198483
      198526
      198554
      198644
      198725
      198792
      198874
      198875
      198918
      198974
      198990
      199034
      199084
      199125
      199210
      199244
      199343
      199382
      199481
      199558
      199638
      199737
      199747
      199803
      199848
      199855
      199913
      199949
      200033
      200059
      200114
      200190
      200236
      200244
      200263
      200307
      200342
      200349
      200437
      200469
      200495
      200515
      200606
      200613
      200637
      200660
      200726
      200805
      200882
      200915
      200993
      201068
      201128
      201148
      201244
      201254
      201262
      201322
      201370
      201436
      201518
      201589
      201664
      201672
      201721
      201784
      201795
      201800
      201874
      201888
      201986
      202055
      202078
      202100
      202141
      202199
      202293
      202305
      202318
      202349
      202396
      202487
      202532
      202601
      202603
      202633
      202710
      202750
      202778
      202826
      202856
      202867
      202869
      202875
      202965
      202971
      203039
      203134
      203180
      203196
      203208
      203233
      203248
      203304
      203316
      203325
      203383
      203410
      203477
      203548
      203621
      203697
      203736
      203765
      203768
      203830
      203909
      203993
      204076
      204139
      204183
      204271
      204298
      204382
      204467
      204515
      204603
      204649
      204661
      204682
      204770
      204812
      204832
      204927
      204958
      205018
      205051
      205132
      205178
      205213
      205234
      205289
      205338
      205392
      205410
      205476
      205487
      205583
      205677
      205709
      205721
      205735
      205747
      205829
      205879
      205927
      205954
      205980
      206025
      206062
      206064
      206124
      206176
      206219
      206312
      206360
      206432
      206459
      206500
      206547
      206604
      206687
      206693
      206719
      206796
      206862
      206913
      206938
      206985
      207063
      207112
      207202
      207286
      207373
      207425
      207479
      207571
      207669
      207749
      207812
      207888
      207976
      207993
      208011
      208108
      208171
      208258
      208263
      208319
      208326
      208408
      208487
      208575
      208674
      208675
      208691
      208711
      208759
      208813
      208871
      208940
      208986
      208986
      209000
      209026
      209082
      209159
      209198
      209233
      209289
      209345
      209350
      209374
      209426
      209427
      209501
      209586
      209641
      209710
      209762
      209818
      209884
      209884
      209917
      209950
      210027
      210079
      210107
      210128
      210212
      210301
      210394
      210466
      210509
      210567
      210614
      210625
      210719
      210776
      210837
      210854
      210900
      210949
      210968
      211044
      211143
      211218
      211260
      211260
      211294
      211322
      211333
      211355
      211389
      211405
      211477
      211565
      211584
      211671
      211711
      211785
      211845
      211877
      211955
      212009
      212045
      212093
      212108
      212136
      212164
      212218
      212295
      212317
      212390
      212486
      212495
      212543
      212603
      212656
      212677
      212690
      212694
      212727
      212783
      212787
      212819
      212880
      212976
      213000
      213088
      213128
      213151
      213247
      213338
      213392
      213450
      213503
      213508
      213531
      213606
      213673
      213765
      213852
      213881
      213976
      214039
      214084
      214177
      214241
      214257
      214317
      214343
      214434
      214532
      214608
      214640
      214641
      214717
      214734
      214753
      214787
      214790
      214854
      214930
      214933
      214959
      214988
      215016
      215069
      215165
      215243
      215271
      215311
      215317
      215358
      215382
      215422
      215513
      215600
      215620
      215706
      215801
      215806
      215887
      215954
      216011
      216055
      216091
      216154
      216238
      216240
      216283
      216381
      216412
      216440
      216449
      216509
      216574
      216609
      216692
      216700
      216774
      216837
      216855
      216884
      216975
      217068
      217116
      217183
      217205
      217293
      217355
      217374
      217446
      217448
      217519
      217577
      217592
      217687
      217687
      217782
      217877
      217928
      217980
      218007
      218105
      218128
      218169
      218217
      218248
      218276
      218278
      218334
      218388
      218462
      218543
      218588
      218667
      218668
      218728
      218750
      218847
      218922
      218930
      218942
      219027
      219079
      219173
      219254
      219320
      219392
      219430
      219501
      219518
      219524
      219564
      219643
      219716
      219808
      219878
      219967
      219986
      220025
      220059
      220141
      220168
      220223
      220260
      220301
      220361
      220368
      220407
      220471
      220540
      220559
      220608
      220682
      220781
      220838
      220893
      220946
      221016
      221070
      221161
      221208
      221306
      221394
      221419
      221437
      221441
      221497
      221511
      221575
      221671
      221706
      221735
      221751
      221794
      221834
      221891
      221964
      221996
      221999
      222045
      222135
      222230
      222280
      222309
      222403
      222461
      222462
      222553
      222647
      222685
      222740
      222789
      222876
      222970
      222993
      222998
      223048
      223106
      223107
      223173
      223236
      223252
      223252
      223289
      223346
      223387
      223415
      223418
      223494
      223549
      223637
      223637
      223637
      223670
      223701
      223767
      223774
      223856
      223868
      223946
      224045
      224087
      224157
      224241
      224307
      224308
      224353
      224444
      224537
      224564
      224624
      224686
      224712
      224780
      224864
      224937
      225009
      225097
      225115
      225166
      225264
      225327
      225347
      225389
      225423
      225463
      225476
      225559
      225582
      225680
      225751
      225818
      225825
      225919
      225921
      225989
      225991
      225997
      226013
      226094
      226176
      226200
      226225
      226302
      226303
      226314
      226349
      226413
      226504
      226510
      226592
      226647
      226656
      226668
      226713
      226719
      226734
      226756
      226789
      226816
      226858
      226898
      226913
      226969
      227036
      227067
      227130
      227191
      227201
      227226
      227247
      227248
      227294
      227309
      227389
      227481
      227574
      227596
      227617
      227626
      227684
      227735
      227832
      227839
      227886
      227924
      227933
      227957
      228017
      228114
      228116
      228126
      228158
      228228
      228295
      228327
      228343
      228441
      228460
      228525
      228549
      228636
      228645
      228665
      228675
      228720
      228738
      228793
      228880
      228923
      228948
      228990
      229087
      229122
      229177
      229207
      229280
      229314
      229400
      229473
      229564
      229594
      229652
      229695
      229784
      229871
      229961
      230040
      230128
      230157
      230195
      230236
      230317
      230353
      230440
      230510
      230511
      230563
      230605
      230657
      230734
      230751
      230782
      230814
      230867
      230878
      230972
      231008
      231017
      231113
      231188
      231211
      231262
      231356
      231455
      231512
      231590
      231627
      231700
      231749
      231783
      231823
      231900
      231938
      232024
      232087
      232109
      232147
      232236
      232335
      232410
      232432
      232489
      232582
      232675
      232715
      232781
      232831
      232902
      232913
      233009
      233086
      233133
      233161
      233172
      233233
      233243
      233287
      233344
      233366
      233448
      233449
      233543
      233624
      233692
      233746
      233839
      233839
      233919
      233986
      234028
      234051
      234070
      234134
      234196
      234239
      234279
      234318
      234376
      234472
      234517
      234570
      234665
      234690
      234752
      234787
      234817
      234857
      234909
      234976
      235011
      235065
      235077
      235157
      235182
      235271
      235299
      235394
      235426
      235467
      235535
      235583
      235597
      235647
      235707
      235733
      235735
      235804
      235892
      235979
      236007
      236037
      236123
      236196
      236231
      236262
      236273
      236321
      236382
      236422
      236461
      236478
      236506
      236519
      236552
      236578
      236601
      236621
      236634
      236674
      236738
      236812
      236894
      236931
      237025
      237063
      237102
      237157
      237199
      237200
      237221
      237237
      237316
      237415
      237484
      237490
      237546
      237611
      237673
      237709
      237750
      237800
      237830
      237855
      237920
      237961
      237998
      238017
      238069
      238123
      238160
      238198
      238293
      238382
      238407
      238411
      238431
      238462
      238530
      238592
      238663
      238742
      238840
      238903
      238907
      238912
      238968
      239039
      239099
      239148
      239234
      239291
      239344
      239415
      239485
      239549
      239571
      239655
      239748
      239807
      239891
      239907
      239923
      239923
      239969
      240022
      240098
      240194
      240208
      240297
      240376
      240404
      240421
      240447
      240496
      240517
      240568
      240635
      240641
      240686
      240722
      240801
      240893
      240909
      240917
      240996
      241027
      241053
      241136
      241141
      241161
      241248
      241327
      241405
      241477
      241514
      241579
      241580
      241586
      241680
      241715
      241781
      241807
      241855
      241873
      241880
      241893
      241939
      241980
      241987
      242055
      242055
      242099
      242141
      242216
      242238
      242259
      242304
      242338
      242428
      242482
      242550
      242643
      242683
      242776
      242789
      242790
      242851
      242947
      242968
      243056
      243114
      243129
      243228
      243305
      243381
      243415
      243492
      243577
      243586
      243607
      243670
      243714
      243771
      243836
      243836
      243847
      243933
      243972
      244036
      244043
      244130
      244184
      244254
      244280
      244355
      244371
      244439
      244467
      244507
      244518
      244573
      244638
      244698
      244733
      244794
      244828
      244841
      244869
      244875
      244890
      244956
      244974
      244974
      245051
      245111
      245204
      245253
      245346
      245443
      245493
      245582
      245582
      245663
      245677
      245741
      245761
      245844
      245885
      245951
      246001
      246060
      246101
      246125
      246209
      246298
      246363
      246444
      246498
      246521
      246541
      246623
      246634
      246720
      246720
      246800
      246836
      246906
      246988
      247057
      247069
      247085
      247127
      247202
      247220
      247251
      247264
      247286
      247303
      247315
      247411
      247482
      247520
      247604
      247616
      247648
      247720
      247816
      247894
      247931
      247987
      248041
      248110
      248161
      248178
      248197
      248230
      248265
      248305
      248339
      248419
      248518
      248616
      248687
      248757
      248823
      248882
      248978
      249019
      249047
      249095
      249132
      249212
      249241
      249328
      249422
      249512
      249571
      249657
      249721
      249816
      249858
      249899
      249942
      250022
      250025
      250105
      250113
      250131
      250207
      250240
      250294
      250389
      250479
      250543
      250600
      250696
      250717
      250803
      250888
      250956
      250965
      251001
      251051
      251086
      251173
      251192
      251253
      251332
      251360
      251403
      251442
      251443
      251524
      251583
      251642
      251656
      251670
      251727
      251826
      251850
      251892
      251930
      252007
      252042
      252067
      252165
      252253
      252300
      252335
      252397
      252411
      252435
      252499
      252499
      252514
      252575
      252645
      252650
      252727
      252805
      252835
      252928
      252971
      252987
      253077
      253087
      253185
      253219
      253299
      253339
      253433
      253459
      253469
      253555
      253570
      253613
      253615
      253714
      253716
      253775
      253786
      253837
      253877
      253899
      253985
      254026
      254029
      254039
      254054
      254151
      254203
      254270
      254333
      254425
      254474
      254482
      254571
      254638
      254652
      254713
      254726
      254733
      254759
      254850
      254920
      254940
      255017
      255017
      255068
      255130
      255163
      255254
      255296
      255348
      255389
      255395
      255410
      255439
      255442
      255469
      255528
      255542
      255597
      255623
      255685
      255760
      255770
      255804
      255828
      255904
      255944
      255948
      255964
      256049
      256135
      256177
      256224
      256305
      256402
      256431
      256453
      256486
      256513
      256610
      256617
      256685
      256685
      256703
      256780
      256825
      256889
      256983
      257027
      257027
      257029
      257044
      257052
      257123
      257206
      257257
      257302
      257358
      257413
      257467
      257556
      257601
      257648
      257744
      257809
      257883
      257964
      258062
      258092
      258183
      258212
      258234
      258284
      258296
      258302
      258366
      258398
      258471
      258516
      258544
      258547
      258567
      258620
      258672
      258681
      258692
      258773
      258787
      258845
      258891
      258966
      258996
      259083
      259116
      259206
      259298
      259353
      259355
      259441
      259466
      259467
      259498
      259574
      259619
      259633
      259682
      259764
      259825
      259868
      259946
      259956
      260047
      260067
      260080
      260114
      260196
      260231
      260326
      260424
      260472
      260474
      260548
      260612
      260664
      260685
      260758
      260812
