          65
         115
         191
         246
         279
         318
         390
         433
         495
         578
         660
         732
         789
         822
         870
         952
         975
        1009
        1101
        1195
        1254
        1277
        1325
        1417
        1478
        1503
        1597
        1696
        1743
        1777
        1832
        1901
        1984
        2074
        2166
        2210
        2299
        2387
        2402
        2458
        2499
        2506
        2564
        2582
        2586
        2675
        2756
        2788
        2841
        2844
        2844
        2891
        2958
        2993
        3062
        3077
        3088
        3102
        3144
        3145
        3160
        3240
        3299
        3371
        3458
        3534
        3561
        3655
        3677
        3757
        3768
        3822
        3898
        3947
        3980
        4051
        4088
        4157
        4222
        4249
        4324
        4361
        4410
        4429
        4437
        4525
        4622
        4630
        4665
        4753
        4813
        4847
        4869
        4924
        4972
        4976
        5038
        5119
        5158
        5235
        5308
        5369
        5447
        5481
        5511
        5591
        5646
        5714
        5760
        5812
        5820
        5885
        5971
        5993
        6064
        6093
        6124
        6215
        6308
        6360
        6455
        6504
        6516
        6530
        6537
        6588
        6664
        6756
        6774
        6860
        6950
        7002
        7042
        7080
        7093
        7144
        7164
        7178
        7265
        7299
        7372
        7431
        7436
        7474
        7527
        7598
        7652
        7713
        7734
        7782
        7822
        7859
        7891
        7916
        7942
        7987
        8021
        8083
        8099
        8113
        8133
        8189
        8288
        8290
        8308
        8387
        8426
        8499
        8567
        8584
        8627
        8700
        8742
        8822
        8875
        8972
        9006
        9075
        9088
        9146
        9212
        9264
        9326
        9369
        9459
        9535
        9578
        9628
        9692
        9721
        9749
        9792
        9885
        9973
        9999
       10054
       10066
       10072
       10154
       10184
       10202
       10226
       10322
       10374
       10460
       10516
       10605
       10702
       10800
       10863
       10893
       10916
       10975
       11035
       11056
       11124
       11194
       11233
       11288
       11289
       11309
       11319
       11346
       11349
       11417
       11429
       11483
       11530
       11562
       11621
       11640
       11677
       11681
       11696
       11727
       11817
       11824
       11841
       11892
       11893
       11939
       11964
       12045
       12137
       12206
       12213
       12251
       12350
       12405
       12409
       12458
       12509
       12553
       12604
       12673
       12736
       12755
       12829
       12903
       12988
       13028
       13127
       13176
       13215
       13216
       13274
       13360
       13442
       13491
       13533
       13632
       13667
       13742
       13767
       13838
       13862
       13907
       13911
       13996
       14027
       14058
       14148
       14192
       14238
       14302
       14347
       14358
       14411
       14460
       14498
       14569
       14647
       14702
       14735
       14736
       14771
       14835
       14853
       14876
       14935
       14977
       15018
       15107
       15137
       15192
       15215
       15235
       15317
       15353
       15416
       15431
       15492
       15558
       15588
       15650
       15685
       15733
       15805
       15904
       15906
       15925
       15946
       16044
       16141
       16150
       16203
       16282
       16330
       16348
       16435
       16445
       16469
       16522
       16570
       16587
       16647
       16743
       16770
       16825
       16884
       16981
       17032
       17074
       17088
       17158
       17161
       17254
       17309
       17365
       17385
       17436
       17526
       17535
       17583
       17587
       17674
       17697
       17739
       17810
       17897
       17908
       17986
       18079
       18101
       18115
       18200
       18275
       18350
       18424
       18493
       18564
       18597
       18661
       18692
       18744
       18806
       18843
       18883
       18952
       19005
       19103
       19189
       19201
       19206
       19206
       19288
       19291
       19372
       19373
       19386
       19454
       19534
       19623
       19658
       19741
       19824
       19878
       19934
       19986
       20023
       20078
       20123
       20123
       20171
       20208
       20223
       20270
       20327
       20343
       20383
       20417
       20458
       20484
       20492
       20581
       20585
       20640
       20672
       20708
       20805
       20830
       20883
       20908
       20971
       21047
       21135
       21230
       21329
       21410
       21485
       21550
       21560
       21601
       21688
       21721
       21809
       21842
       21867
       21963
       22007
       22076
       22149
       22196
       22245
       22256
       22265
       22351
       22382
       22458
       22484
       22526
       22538
       22613
       22643
       22675
       22705
       22745
       22792
       22831
       22898
       22923
       22994
       23089
       23120
       23195
       23270
       23276
       23344
       23433
       23500
       23565
       23654
       23720
       23762
       23854
       23895
       23987
       23997
       24011
       24096
       24171
       24255
       24346
       24393
       24474
       24491
       24563
       24569
       24625
       24720
       24748
       24772
       24782
       24817
       24911
       24953
       24968
       25005
       25016
       25103
       25129
       25151
       25223
       25237
       25291
       25371
       25444
       25536
       25565
       25609
       25617
       25645
       25703
       25782
       25852
       25855
       25887
       25910
       25951
       26024
       26093
       26098
       26163
       26241
       26271
       26301
       26382
       26470
       26509
       26550
       26559
       26622
       26685
       26695
       26709
       26710
       26776
       26843
       26924
       26932
       27011
       27042
       27136
       27220
       27283
       27284
       27284
       27305
       27357
       27435
       27468
       27482
       27541
       27625
       27629
       27727
       27778
       27845
       27901
       27945
       27986
       28000
       28068
       28166
       28210
       28252
       28313
       28370
       28457
       28542
       28620
       28704
       28741
       28795
       28892
       28956
       28956
       29024
       29028
       29057
       29107
       29162
       29175
       29180
       29189
       29263
       29291
       29344
       29423
       29494
       29511
       29575
       29655
       29677
       29750
       29822
       29853
       29909
       29937
       29990
       30045
       30074
       30079
       30175
       30175
       30239
       30278
       30285
       30334
       30396
       30428
       30474
       30542
       30554
       30576
       30589
       30628
       30635
       30707
       30728
       30778
       30802
       30826
       30892
       30987
       31056
       31103
       31146
       31230
       31290
       31346
       31395
       31420
       31431
       31482
       31535
       31617
       31682
       31751
       31768
       31855
       31867
       31935
       32010
       32044
       32118
       32126
       32197
       32202
       32296
       32344
       32404
       32427
       32440
       32527
       32577
       32605
       32643
       32663
       32730
       32825
       32826
       32886
       32956
       33002
       33051
       33106
       33143
       33232
       33296
       33337
       33417
       33501
       33587
       33592
       33687
       33713
       33714
       33726
       33754
       33769
       33803
       33827
       33864
       33917
       33931
       33944
       33950
       34033
       34112
       34130
       34130
       34177
       34184
       34209
       34286
       34377
       34457
       34516
       34534
       34565
       34587
       34619
       34653
       34658
       34737
       34739
       34805
       34838
       34886
       34957
       35025
       35056
       35090
       35106
       35203
       35241
       35308
       35309
       35358
       35404
       35480
       35483
       35523
       35612
       35693
       35764
       35854
       35931
       35989
       35996
       36068
       36150
       36153
       36175
       36181
       36230
       36234
       36261
       36308
       36315
       36366
       36422
       36461
       36504
       36577
       36656
       36661
       36705
       36788
       36825
       36832
       36905
       36918
       36920
       36940
       36971
       36987
       37059
       37119
       37150
       37236
       37320
       37383
       37403
       37426
       37439
       37463
       37506
       37576
       37615
       37670
       37682
       37741
       37777
       37872
       37938
       37984
       38043
       38116
       38155
       38179
       38191
       38223
       38235
       38260
       38288
       38297
       38300
       38385
       38471
       38501
       38546
       38570
       38643
       38653
       38684
       38720
       38724
       38813
       38902
       38905
       38992
       39083
       39137
       39145
       39242
       39263
       39361
       39420
       39498
       39532
       39561
       39626
       39652
       39691
       39701
       39732
       39768
       39773
       39803
       39877
       39889
       39927
       39971
       39999
       40096
       40127
       40174
       40217
       40217
       40253
       40331
       40383
       40459
       40479
       40558
       40622
       40713
       40812
       40834
       40841
       40855
       40860
       40923
       40992
       41039
       41049
       41097
       41098
       41112
       41210
       41265
       41332
       41382
       41388
       41435
       41451
       41539
       41583
       41620
       41701
       41708
       41753
       41807
       41892
       41972
       42051
       42056
       42069
       42119
       42206
       42217
       42242
       42298
       42342
       42405
       42413
       42413
       42493
       42531
       42552
       42649
       42721
       42733
       42819
       42887
       42972
       43027
       43067
       43086
       43094
       43109
       43154
       43154
       43243
       43313
       43404
       43497
       43592
       43634
       43730
       43789
       43809
       43897
       43942
       44017
       44108
       44140
       44223
       44280
       44342
       44420
       44497
       44574
       44673
       44736
       44751
       44774
       44866
       44923
       44972
       45039
       45119
       45129
       45161
       45216
       45315
       45335
       45417
       45514
       45564
       45651
       45688
       45786
       45872
       45951
       45990
       46086
       46137
       46211
       46220
       46282
       46327
       46349
       46431
       46510
       46565
       46637
       46725
       46799
       46875
       46905
       46943
       46958
       47010
       47103
       47170
       47177
       47273
       47292
       47302
       47318
       47331
       47352
       47420
       47449
       47541
       47573
       47610
       47691
       47772
       47828
       47914
       47948
       48038
       48127
       48217
       48227
       48287
       48347
       48389
       48445
       48498
       48517
       48557
       48559
       48632
       48643
       48697
       48728
       48741
       48801
       48898
       48974
       49041
       49082
       49083
       49140
       49237
       49335
       49397
       49399
       49456
       49503
       49556
       49655
       49694
       49738
       49787
       49827
       49913
       49935
       49965
       49978
       50000
       50068
       50097
       50164
       50240
       50300
       50383
       50394
       50442
       50538
       50586
       50625
       50706
       50711
       50746
       50819
       50832
       50853
       50896
       50899
       50956
       51036
       51096
       51101
       51163
       51203
       51253
       51342
       51406
       51502
       51563
       51607
       51704
       51751
       51756
       51812
       51812
       51870
       51928
       51932
       51947
       52039
       52115
       52165
       52204
       52228
       52255
       52323
       52384
       52482
       52565
       52573
       52598
       52659
       52670
       52708
       52766
       52826
       52891
       52919
       52936
       53001
       53013
       53063
       53085
       53164
       53232
       53242
       53289
       53338
       53426
       53435
       53475
       53523
       53565
       53636
       53652
       53746
       53827
       53900
       53960
       54048
       54070
       54159
       54234
       54236
       54316
       54387
       54405
       54454
       54475
       54481
       54508
       54520
       54557
       54646
       54677
       54730
       54774
       54775
       54829
       54894
       54900
       54955
       54959
       55027
       55124
       55163
       55232
       55324
       55380
       55393
       55447
       55507
       55559
       55650
       55723
       55800
       55804
       55892
       55949
       56011
       56107
       56196
       56206
       56265
       56348
       56361
       56390
       56469
       56496
       56584
       56589
       56677
       56697
       56782
       56835
       56847
       56861
       56917
       56979
       57028
       57095
       57136
       57217
       57280
       57301
       57313
       57332
       57401
       57446
       57449
       57500
       57526
       57600
       57602
       57636
       57673
       57764
       57774
       57862
       57903
       57929
       57988
       58074
       58170
       58254
       58317
       58412
       58427
       58487
       58551
       58552
       58582
       58642
       58657
       58727
       58745
       58786
       58791
       58797
       58825
       58900
       58931
       58944
       59021
       59047
       59061
       59112
       59130
       59197
       59256
       59321
       59401
       59476
       59567
       59644
       59692
       59738
       59762
       59857
       59857
       59945
       60022
       60025
       60121
       60164
       60226
       60309
       60348
       60354
       60426
       60491
       60536
       60540
       60582
       60651
       60745
       60763
       60852
       60922
       60980
       61026
       61052
       61083
       61107
       61147
       61216
       61282
       61362
       61390
       61457
       61460
       61493
       61571
       61619
       61693
       61786
       61824
       61831
       61831
       61915
       61926
       61975
       61992
       62057
       62156
       62218
       62259
       62321
       62418
       62504
       62539
       62624
       62632
       62677
       62768
       62820
       62912
       62915
       62916
       63015
       63094
       63132
       63139
       63221
       63275
       63293
       63335
       63371
       63451
       63476
       63518
       63525
       63623
       63706
       63753
       63822
       63861
       63868
       63913
       63950
       64033
       64039
       64081
       64180
       64267
       64270
       64318
       64395
       64396
       64491
       64512
       64543
       64578
       64599
       64666
       64719
       64773
       64789
       64812
       64877
       64911
       64986
       65073
       65121
       65129
       65147
       65240
       65316
       65381
       65388
       65485
       65572
       65660
       65721
       65738
       65836
       65856
       65903
       65965
       65994
       66029
       66035
       66085
       66146
       66179
       66231
       66318
       66399
       66466
       66525
       66551
       66556
       66569
       66629
       66721
       66732
       66772
       66829
       66911
       66919
       66944
       67043
       67068
       67146
       67158
       67229
       67272
       67347
       67355
       67444
       67484
       67497
       67596
       67688
       67730
       67808
       67869
       67936
       67973
       67984
       68069
       68168
       68212
       68302
       68317
       68388
       68405
       68454
       68505
       68507
       68564
       68639
       68650
       68665
       68712
       68777
       68875
       68889
       68919
       68994
       69025
       69060
       69157
       69211
       69266
       69295
       69369
       69371
       69445
       69529
       69585
       69636
       69672
       69693
       69740
       69837
       69841
       69933
       70007
       70093
       70178
       70253
       70262
       70300
       70362
       70366
       70387
       70420
       70499
       70596
       70691
       70731
       70824
       70884
       70980
       71036
       71132
       71216
       71244
       71272
       71295
       71338
       71373
       71382
       71419
       71481
       71534
       71589
       71633
       71649
       71678
       71767
       71855
       71897
       71952
       72041
       72102
       72177
       72254
       72303
       72317
       72389
       72428
       72513
       72590
       72655
       72687
       72701
       72784
       72876
       72895
       72978
       73053
       73090
       73110
       73163
       73232
       73304
       73311
       73319
       73394
       73452
       73461
       73549
       73595
       73635
       73682
       73703
       73793
       73870
       73965
       74044
       74076
       74120
       74179
       74257
       74286
       74358
       74457
       74475
       74480
       74558
       74558
       74577
       74659
       74732
       74804
       74851
       74939
       74965
       75041
       75119
       75153
       75219
       75273
       75372
       75412
       75479
       75503
       75524
       75570
       75665
       75761
       75823
       75906
       75908
       75970
       76042
       76056
       76142
       76228
       76283
       76283
       76335
       76424
       76426
       76444
       76463
       76487
       76566
       76663
       76685
       76771
       76854
       76877
       76939
       76949
       77046
       77123
       77190
       77197
       77280
       77296
       77328
       77414
       77511
       77560
       77587
       77647
       77693
       77728
       77802
       77865
       77876
       77880
       77960
       78023
       78038
       78124
       78177
       78196
       78230
       78299
       78330
       78392
       78404
       78413
       78465
       78524
       78533
       78545
       78584
       78638
       78713
       78793
       78888
       78976
       79016
       79068
       79087
       79145
       79172
       79253
       79321
       79364
       79450
       79457
       79532
       79619
       79705
       79801
       79873
       79914
       80000
       80098
       80177
       80222
       80266
       80356
       80390
       80412
       80437
       80477
       80548
       80631
       80712
       80759
       80818
       80901
       80915
       80935
       81023
       81044
       81099
       81166
       81167
       81188
       81196
       81267
       81316
       81363
       81399
       81485
       81568
       81600
       81603
       81698
       81789
       81876
       81928
       81929
       81943
       81972
       82059
       82071
       82120
       82182
       82275
       82276
       82290
       82342
       82379
       82414
       82481
       82523
       82529
       82619
       82635
       82645
       82721
       82806
       82822
       82868
       82920
       82975
       83007
       83054
       83095
       83166
       83216
       83234
       83285
       83378
       83384
       83442
       83508
       83540
       83630
       83674
       83763
       83814
       83906
       83931
