          64
         107
         163
         260
         288
         366
         432
         499
         589
         606
         607
         662
         726
         758
         849
         886
         980
        1069
        1120
        1175
        1257
        1258
        1268
        1278
        1375
        1398
        1478
        1525
        1530
        1553
        1555
        1623
        1698
        1793
        1860
        1878
        1931
        1973
        1998
        2054
        2114
        2165
        2226
        2274
        2372
        2447
        2502
        2567
        2606
        2652
        2736
        2757
        2812
        2891
        2927
        3000
        3072
        3097
        3140
        3210
        3232
        3285
        3381
        3463
        3500
        3503
        3570
        3607
        3651
        3739
        3797
        3804
        3878
        3894
        3938
        3980
        4030
        4109
        4145
        4180
        4194
        4232
        4302
        4327
        4399
        4447
        4476
        4486
        4567
        4623
        4714
        4740
        4820
        4888
        4938
        4954
        5053
        5093
        5139
        5139
        5232
        5271
        5317
        5392
        5445
        5478
        5522
        5576
        5629
        5648
        5731
        5755
        5849
        5940
        5995
        6081
        6113
        6164
        6253
        6296
        6373
        6441
        6473
        6517
        6588
        6626
        6703
        6710
        6797
        6860
        6880
        6922
        6988
        7066
        7143
        7191
        7245
        7276
        7328
        7391
        7473
        7552
        7555
        7600
        7666
        7694
        7733
        7814
        7876
        7959
        7962
        7985
        8012
        8053
        8117
        8162
        8187
        8192
        8266
        8282
        8343
        8367
        8383
        8418
        8458
        8509
        8536
        8601
        8636
        8735
        8770
        8790
        8796
        8821
        8837
        8893
        8980
        9033
        9126
        9178
        9183
        9211
        9252
        9322
        9368
        9434
        9484
        9528
        9571
        9642
        9693
        9751
        9771
        9842
        9886
        9904
        9961
       10038
       10107
       10111
       10134
       10178
       10241
       10316
       10332
       10337
       10416
       10489
       10556
       10579
       10648
       10738
       10747
       10830
       10867
       10943
       11022
       11052
       11110
       11181
       11257
       11269
       11279
       11330
       11357
       11403
       11481
       11523
       11595
       11612
       11643
       11724
       11776
       11847
       11882
       11964
       12025
       12087
       12166
       12198
       12264
       12308
       12313
       12326
       12387
       12426
       12478
       12483
       12512
       12575
       12618
       12687
       12760
       12857
       12887
       12906
       12996
       13062
       13074
       13115
       13183
       13221
       13292
       13365
       13415
       13511
       13589
       13625
       13684
       13755
       13810
       13812
       13813
       13816
       13877
       13901
       13954
       14012
       14109
       14169
       14258
       14300
       14345
       14347
       14404
       14408
       14461
       14489
       14574
       14667
       14690
       14741
       14803
       14832
       14880
       14921
       14976
       15038
       15093
       15110
       15117
       15182
       15208
       15297
       15342
       15344
       15423
       15476
       15480
       15526
       15532
       15548
       15595
       15674
       15752
       15838
       15868
       15901
       15945
       15949
       16017
       16026
       16044
       16055
       16141
       16235
       16308
       16323
       16327
       16372
       16448
       16546
       16639
       16710
       16800
       16802
       16824
       16917
       16920
       17017
       17062
       17105
       17122
       17157
       17229
       17275
       17317
       17397
       17465
       17534
       17626
       17673
       17762
       17794
       17803
       17813
       17871
       17921
       17942
       18005
       18093
       18133
       18144
       18220
       18301
       18325
       18340
       18356
       18397
       18427
       18525
       18534
       18550
       18606
       18616
       18647
       18729
       18770
       18867
       18929
       18988
       19051
       19085
       19116
       19146
       19205
       19304
       19380
       19438
       19477
       19511
       19581
       19585
       19585
       19625
       19711
       19808
       19816
       19853
       19919
       20017
       20028
       20104
       20107
       20119
       20123
       20136
       20213
       20231
       20326
       20359
       20369
       20388
       20422
       20483
       20538
       20542
       20637
       20681
       20779
       20800
       20811
       20812
       20876
       20878
       20960
       21027
       21041
       21050
       21124
       21198
       21277
       21299
       21339
       21363
       21379
       21433
       21450
       21451
       21527
       21589
       21598
       21657
       21734
       21818
       21863
       21869
       21880
       21924
       21983
       22040
       22133
       22202
       22248
       22264
       22293
       22306
       22400
       22414
       22468
       22552
       22633
       22669
       22746
       22827
       22833
       22854
       22860
       22864
       22885
       22898
       22933
       23022
       23050
       23119
       23190
       23281
       23306
       23393
       23472
       23512
       23599
       23690
       23690
       23769
       23820
       23919
       23924
       23990
       24048
       24110
       24142
       24200
       24299
       24375
       24388
       24461
       24495
       24541
       24617
       24678
       24771
       24829
       24880
       24898
       24984
       25056
       25076
       25109
       25164
       25169
       25246
       25300
       25359
       25363
       25403
       25464
       25493
       25511
       25596
       25634
       25682
       25695
       25745
       25774
       25842
       25858
       25913
       25933
       25990
       26003
       26083
       26102
       26157
       26218
       26273
       26295
       26353
       26377
       26384
       26432
       26481
       26505
       26598
       26622
       26635
       26674
       26676
       26744
       26781
       26841
       26859
       26909
       26958
       26972
       26993
       27036
       27069
       27088
       27120
       27129
       27134
       27187
       27238
       27324
       27421
       27436
       27502
       27548
       27604
       27672
       27731
       27772
       27839
       27905
       27959
       27969
       28026
       28124
       28207
       28218
       28262
       28265
       28287
       28369
       28468
       28567
       28604
       28612
       28709
       28761
       28841
       28847
       28946
       29025
       29028
       29113
       29114
       29158
       29183
       29190
       29210
       29215
       29264
       29329
       29369
       29395
       29486
       29528
       29625
       29721
       29776
       29812
       29857
       29953
       30038
       30122
       30176
       30220
       30293
       30338
       30400
       30444
       30524
       30614
       30618
       30651
       30679
       30702
       30784
       30822
       30839
       30924
       31003
       31024
       31030
       31034
       31116
       31215
       31260
       31346
       31389
       31470
       31475
       31521
       31608
       31691
       31730
       31749
       31775
       31809
       31885
       31909
       31911
       31968
       32055
       32084
       32173
       32190
       32225
       32256
       32346
       32422
       32515
       32517
       32541
       32605
       32659
       32668
       32722
       32767
       32861
       32917
       32985
       32991
       33045
       33111
       33182
       33281
       33365
       33463
       33516
       33523
       33606
       33672
       33747
       33837
       33903
       33919
       33926
       33928
       34008
       34028
       34063
       34120
       34183
       34269
       34349
       34397
       34480
       34488
       34554
       34636
       34704
       34736
       34815
       34850
       34915
       34969
       35002
       35018
       35033
       35100
       35173
       35260
       35282
       35339
       35412
       35451
       35466
       35527
       35562
       35607
       35660
       35717
       35782
       35871
       35923
       36002
       36059
       36072
       36125
       36217
       36225
       36295
       36386
       36408
       36425
       36431
       36435
       36527
       36598
       36679
       36711
       36733
       36744
       36790
       36851
       36901
       36992
       36999
       37017
       37103
       37142
       37202
       37208
       37284
       37363
       37420
       37428
       37525
       37580
       37618
       37689
       37763
       37801
       37828
       37903
       37941
       38011
       38013
       38052
       38150
       38244
       38323
       38349
       38389
       38465
       38493
       38575
       38626
       38626
       38695
       38717
       38782
       38846
       38870
       38878
       38914
       38959
       39004
       39097
       39190
       39266
       39310
       39362
       39365
       39450
       39459
       39523
       39595
       39628
       39646
       39664
       39680
       39691
       39700
       39796
       39876
       39918
       40004
       40062
       40076
       40175
       40179
       40244
       40326
       40409
       40503
       40564
       40647
       40721
       40750
       40777
       40839
       40938
       40989
       41050
       41078
       41080
       41178
       41245
       41305
       41333
       41428
       41449
       41464
       41503
       41509
       41536
       41538
       41633
       41671
       41706
       41729
       41811
       41842
       41879
       41928
       42003
       42082
       42093
       42154
       42212
       42219
       42289
       42349
       42360
       42403
       42413
       42440
       42447
       42539
       42562
       42596
       42647
       42715
       42734
       42796
       42877
       42956
       43053
       43135
       43140
       43170
       43233
       43238
       43276
       43307
       43326
       43417
       43511
       43596
       43653
       43747
       43794
       43838
       43891
       43938
       43993
       44064
       44106
       44186
       44204
       44249
       44310
       44347
       44439
       44492
       44557
       44569
       44597
       44677
       44742
       44822
       44915
       44999
       45094
       45130
       45184
       45208
       45208
       45305
       45374
       45431
       45527
       45573
       45629
       45634
       45689
       45709
       45740
       45836
       45860
       45945
       45979
       46024
       46101
       46187
       46254
       46256
       46353
       46387
       46447
       46500
       46548
       46616
       46696
       46705
       46796
       46856
       46864
       46934
       46996
       47008
       47060
       47131
       47191
       47247
       47339
       47433
       47486
       47579
       47620
       47678
       47706
       47754
       47819
       47827
       47836
       47886
       47924
       47998
       48047
       48073
       48141
       48218
       48271
       48295
       48323
       48406
       48496
       48588
       48601
       48657
       48671
       48741
       48788
       48847
       48854
       48869
       48925
       48960
       49018
       49070
       49096
       49153
       49197
       49283
       49345
       49425
       49464
       49515
       49561
       49647
       49659
       49675
       49689
       49696
       49737
       49836
       49909
       49994
       50090
       50093
       50168
       50243
       50259
       50277
       50356
       50404
       50478
       50526
       50544
       50560
       50578
       50582
       50630
       50702
       50777
       50777
       50848
       50861
       50904
       50991
       50997
       51001
       51039
       51127
       51169
       51252
       51345
       51352
       51445
       51523
       51527
       51598
       51666
       51681
       51718
       51793
       51849
       51853
       51859
       51957
       51993
       52050
       52141
       52223
       52239
       52288
       52321
       52380
       52399
       52461
       52500
       52572
       52601
       52612
       52662
       52714
       52755
       52830
       52893
       52905
       52969
       52996
       53060
       53151
       53152
       53192
       53197
       53232
       53315
       53359
       53389
       53392
       53458
       53554
       53642
       53734
       53745
       53807
       53854
       53876
       53957
       54038
       54046
       54133
       54162
       54243
       54267
       54331
       54382
       54450
       54489
       54510
       54556
       54641
       54715
       54804
       54858
       54878
       54970
       54981
       55059
       55104
       55109
       55144
       55197
       55209
       55232
       55254
       55328
       55329
       55391
       55463
       55549
       55570
       55582
       55589
       55638
       55671
       55765
       55810
       55881
       55914
       55987
       56056
       56151
       56227
       56321
       56360
       56438
       56532
       56585
       56628
       56723
       56775
       56808
       56892
       56892
       56938
       56958
       56960
       57050
       57065
       57138
       57205
       57299
       57377
       57395
       57437
       57536
       57563
       57630
       57651
       57673
       57712
       57784
       57833
       57903
       57975
       58052
       58148
       58218
       58236
       58325
       58368
       58399
       58403
       58469
       58531
       58565
       58662
       58730
       58805
       58891
       58897
       58988
       59004
       59014
       59069
       59120
       59204
       59237
       59242
       59245
       59264
       59355
       59359
       59408
       59421
       59483
       59549
       59645
       59738
       59836
       59857
       59926
       59996
       60068
       60072
       60125
       60198
       60214
       60248
       60289
       60373
       60397
       60453
       60520
       60543
       60582
       60615
       60661
       60748
       60808
       60811
       60877
       60976
       61073
       61152
       61228
       61282
       61362
       61380
       61431
       61456
       61486
       61519
       61581
       61648
       61692
       61751
       61755
       61767
       61822
       61902
       61902
       61918
       61981
       61981
       61988
       62001
       62083
       62169
       62218
       62314
       62390
       62417
       62442
       62521
       62620
       62657
       62709
       62781
       62873
       62967
       63056
       63102
       63168
       63211
       63246
       63329
       63343
       63390
       63421
       63473
       63534
       63600
       63617
       63674
       63726
       63775
       63851
       63913
       63992
       64047
       64123
       64198
       64202
       64217
       64306
       64320
       64390
       64489
       64518
       64601
       64639
       64730
       64751
       64829
       64873
       64902
       64916
       64917
       64988
       65082
       65169
       65268
       65328
       65343
       65416
       65417
       65435
       65521
       65537
       65545
       65575
       65658
       65754
       65784
       65793
       65827
       65925
       65928
       65990
       66068
       66081
       66170
       66246
       66261
       66305
       66378
       66397
       66485
       66541
       66545
       66577
       66605
       66610
       66660
       66740
       66827
       66860
       66888
       66948
       67011
       67045
       67098
       67142
       67182
       67240
       67314
       67327
       67363
       67372
       67372
       67403
       67464
       67479
       67568
       67651
       67714
       67793
       67866
       67877
       67899
       67952
       67984
       68072
       68085
       68182
       68262
       68262
       68318
       68373
       68445
       68502
       68532
       68596
       68605
       68679
       68705
       68749
       68802
       68873
       68953
       68983
       69007
       69046
       69128
       69216
       69286
       69327
       69424
       69501
       69583
       69585
       69662
       69698
       69796
       69849
       69934
       70026
       70106
       70127
       70168
       70213
       70280
       70285
       70334
       70334
       70350
       70386
       70413
       70448
       70517
       70552
       70645
       70680
       70723
       70788
       70864
       70952
       70976
       71010
       71057
       71156
       71184
       71252
       71269
       71331
       71352
       71366
       71372
       71459
       71476
       71544
       71590
       71637
       71659
       71702
       71765
       71829
       71927
       72022
       72073
       72150
       72153
       72176
       72245
       72318
       72379
       72395
       72428
       72442
       72524
       72584
       72671
       72686
       72752
       72801
       72832
       72865
       72948
       72995
       73004
       73048
       73123
       73181
       73195
       73278
       73359
       73373
       73390
       73475
       73519
       73519
       73560
       73594
       73680
       73680
       73700
       73780
       73804
       73821
       73854
       73885
       73938
       73993
       74003
       74100
       74129
       74177
       74210
       74237
       74300
       74304
       74383
       74417
       74477
       74573
       74652
       74738
       74837
       74876
       74960
       74997
       75058
       75126
       75165
       75246
       75290
       75333
       75341
       75392
       75423
       75479
       75499
       75544
       75578
       75602
       75626
       75712
       75799
       75812
       75911
       75970
       76027
       76049
       76142
       76160
       76202
       76270
       76307
       76360
       76403
       76421
       76425
       76523
       76587
       76666
       76703
       76746
       76844
       76881
       76885
       76896
       76961
       76968
       76970
       77006
       77066
       77132
       77139
       77161
       77211
       77287
       77339
       77427
       77510
       77570
       77648
       77702
       77792
       77830
       77898
       77967
       78007
       78015
       78054
       78127
       78192
       78265
       78350
       78421
       78440
       78520
       78589
       78608
       78671
       78678
       78737
       78835
       78925
       78969
       78979
       78990
       79041
       79078
       79159
       79237
       79257
       79323
       79382
       79388
       79410
       79458
       79511
       79529
       79596
       79615
       79681
       79779
       79806
       79845
       79851
       79874
       79887
       79957
       80008
       80009
       80034
       80108
       80160
       80259
       80343
       80399
       80444
       80459
       80548
       80555
       80574
       80652
       80687
       80769
       80786
       80786
       80874
       80928
       80975
       81026
       81031
       81061
       81133
       81134
       81179
       81220
       81283
       81293
       81311
       81339
       81364
       81379
       81394
       81463
       81503
       81547
       81550
       81564
       81577
       81654
       81666
       81669
       81711
       81735
       81753
       81774
       81789
       81791
       81847
       81909
       81941
       82040
       82090
       82153
       82246
       82272
       82368
       82416
       82445
       82485
       82536
       82633
       82649
       82734
       82791
       82830
       82838
       82902
       82936
       82956
       82956
       82981
       82998
       83043
       83089
       83104
       83121
       83218
       83300
       83312
       83377
       83416
       83457
       83494
       83547
       83645
       83717
       83751
       83784
       83816
       83913
       83981
       84043
       84107
       84112
       84153
       84250
       84327
       84357
       84438
       84524
       84572
       84659
       84673
       84712
       84718
       84744
       84770
       84851
       84934
       84982
       85020
       85024
       85036
       85128
       85134
       85181
       85236
       85295
       85362
       85446
       85495
       85564
       85583
       85675
       85759
       85796
       85850
       85930
       86019
       86085
       86086
       86093
       86131
       86162
       86174
       86200
       86259
       86333
       86386
       86457
       86492
       86550
       86644
       86703
       86706
       86733
       86820
       86895
       86935
       86979
       86997
       87055
       87110
       87110
       87154
       87156
       87172
       87179
       87194
       87243
       87283
       87284
       87340
       87350
       87367
       87443
       87475
       87488
       87585
       87644
       87724
       87822
       87843
       87901
       87953
       88009
       88043
       88118
       88190
       88253
       88315
       88319
       88373
       88390
       88486
       88539
       88615
       88678
       88738
       88757
       88789
       88807
       88812
       88824
       88899
       88948
       88966
       88972
       89064
       89150
       89192
       89201
       89269
       89325
       89368
       89393
       89404
       89488
       89578
       89630
       89701
       89710
       89748
       89841
       89915
       89983
       90058
       90122
       90193
       90203
       90239
       90241
       90313
       90357
       90410
       90430
       90462
       90501
       90569
       90585
       90660
       90746
       90749
       90808
       90855
       90933
       90940
       90976
       90985
       90993
       91004
       91072
       91122
       91194
       91237
       91311
       91409
       91447
       91503
       91577
       91661
       91719
       91761
       91803
       91850
       91881
       91934
       92009
       92080
       92105
       92151
       92203
       92214
       92231
       92294
       92367
       92385
       92474
       92542
       92598
       92609
       92672
       92720
       92779
       92827
       92855
       92861
       92921
       93020
       93035
       93111
       93112
       93154
       93182
       93277
       93361
       93447
       93526
       93595
       93678
       93695
       93766
       93834
       93840
       93874
       93953
       94036
       94129
       94174
       94189
       94265
       94287
       94358
       94428
       94451
       94528
       94537
       94553
       94650
       94682
       94703
       94785
       94827
       94848
       94910
       94996
       95030
       95123
       95196
       95281
       95293
       95323
       95350
       95375
       95451
       95534
       95623
       95715
       95812
       95900
       95911
       95978
       96001
       96045
       96108
       96118
       96137
       96160
       96227
       96260
       96352
       96428
       96431
       96446
       96483
       96541
       96573
       96618
       96703
       96801
       96869
       96891
       96897
       96930
       96945
       97016
       97046
       97100
       97177
       97259
       97308
       97323
       97412
       97441
       97493
       97584
       97601
       97642
       97731
       97781
       97858
       97956
       98055
       98055
       98127
       98212
       98304
       98311
       98383
       98432
       98502
       98571
       98643
       98643
       98660
       98660
       98718
       98764
       98818
       98880
       98970
       99009
       99078
       99143
       99166
       99169
       99198
       99243
       99244
       99289
       99375
       99405
       99456
       99534
       99631
       99672
       99680
       99726
       99736
       99825
       99829
       99863
       99943
       99990
      100058
      100070
      100152
      100172
      100174
      100199
      100222
      100321
      100349
      100428
      100441
      100481
      100573
      100610
      100626
      100698
      100727
      100755
      100843
      100903
      100972
      101022
      101073
      101088
      101138
      101191
      101209
      101227
      101312
      101379
      101428
      101495
      101511
      101562
      101656
      101711
      101782
      101875
      101905
      101909
      101976
      102014
      102076
      102120
      102200
      102231
      102296
      102317
      102326
      102408
      102448
      102475
      102489
      102531
      102552
      102609
      102637
      102654
      102708
      102752
      102792
      102874
      102937
      102972
      103029
      103124
      103154
      103200
      103249
      103348
      103380
      103476
      103568
      103657
      103677
      103754
      103831
      103880
      103930
      103999
      104049
      104145
      104185
      104219
      104260
      104304
      104362
      104375
      104455
      104537
      104596
      104661
      104735
      104812
      104833
      104868
      104908
      104958
      105008
      105104
      105138
      105234
      105311
      105389
      105445
      105453
      105536
      105544
      105587
      105686
      105708
      105738
      105761
      105812
      105855
      105857
      105888
      105975
      106014
      106068
      106138
      106160
      106213
      106295
      106365
      106410
      106484
      106554
      106563
      106632
      106654
      106694
      106732
      106751
      106803
      106811
      106871
      106915
      106970
      107019
      107019
      107106
      107202
      107233
      107249
      107277
      107336
      107426
      107472
      107521
      107601
      107684
      107699
      107759
      107789
      107810
      107817
      107902
      107983
      108019
      108044
      108112
      108209
      108302
      108331
      108412
      108422
      108438
      108468
      108474
      108505
      108578
      108641
      108714
      108765
      108852
      108896
      108950
      109010
      109038
      109071
      109139
      109143
      109162
      109186
      109262
      109358
      109386
      109434
      109458
      109511
      109588
      109628
      109708
      109767
      109825
      109852
      109904
      109980
      110013
      110103
      110195
      110279
      110378
      110456
      110532
      110570
      110627
      110724
      110740
      110772
      110844
      110942
      111018
      111058
      111134
      111220
      111309
      111343
      111387
      111430
      111505
      111579
      111652
      111667
      111723
      111802
      111873
      111921
      111929
      111996
      112008
      112088
      112162
      112242
      112271
      112359
      112410
      112487
      112515
      112609
      112629
      112648
      112720
      112749
      112832
      112835
      112836
      112920
      112988
      113023
      113035
      113125
      113219
      113308
      113379
      113401
      113469
      113568
      113659
      113690
      113758
      113803
      113830
      113923
      113982
      114014
      114095
      114170
      114174
      114210
      114213
      114239
      114299
      114373
      114421
      114500
      114510
      114586
      114661
      114708
      114751
      114792
      114878
      114931
      114972
      115040
      115088
      115187
      115218
      115313
      115319
      115325
      115359
      115443
      115462
      115493
      115569
      115618
      115619
      115678
      115681
      115752
      115753
      115824
      115862
      115944
      116042
      116111
      116187
      116265
      116295
      116337
      116401
      116420
      116475
      116535
      116608
      116616
      116682
      116689
      116717
      116739
      116747
      116816
      116861
      116936
      116939
      116939
      117014
      117106
      117140
      117188
      117234
      117272
      117337
      117396
      117434
      117446
      117491
      117577
      117610
      117702
      117794
      117824
      117859
      117929
      117959
      118051
      118135
      118172
      118258
      118310
      118335
      118413
      118509
      118595
      118654
      118725
      118743
      118794
      118848
      118867
      118946
      119008
      119019
      119107
      119196
      119253
      119272
      119312
      119356
      119401
      119402
      119438
      119443
      119524
      119579
      119614
      119632
      119654
      119698
      119750
      119755
      119794
      119828
      119876
      119943
      119958
      120004
      120093
      120100
      120141
      120233
      120255
      120271
      120346
      120401
      120434
      120459
      120525
      120609
      120628
      120676
      120755
      120777
      120809
      120823
      120860
      120864
      120946
      120996
      121016
      121023
      121066
      121085
      121087
      121088
      121122
      121171
      121266
      121274
      121347
      121425
      121518
      121586
      121679
      121762
      121784
      121860
      121872
      121879
      121925
      121982
      122016
      122039
      122112
      122203
      122292
      122385
      122427
      122441
      122481
      122512
      122516
      122569
      122621
      122628
      122684
      122752
      122812
      122908
      122912
      122919
      123013
      123020
      123108
      123168
      123238
      123284
      123337
      123435
      123533
      123580
      123671
      123704
      123750
      123811
      123883
      123921
      123931
      123963
      124042
      124057
      124151
      124191
      124225
      124279
      124326
      124379
      124453
      124512
      124574
      124602
      124627
      124707
      124765
      124843
      124926
      124972
      125043
      125089
      125089
      125129
      125175
      125271
      125300
      125314
      125361
      125373
      125460
      125531
      125624
      125644
      125738
      125757
      125757
      125848
      125899
      125932
      126012
      126075
      126167
      126188
      126262
      126326
      126413
      126480
      126516
      126520
      126532
      126548
      126604
      126650
      126657
      126743
      126839
      126877
      126907
      126908
      126967
      126995
      127013
      127067
      127135
      127162
      127220
      127239
      127334
      127411
      127507
      127514
      127540
      127624
      127709
      127805
      127861
      127955
      127965
      127969
      127988
      127988
      128014
      128106
      128138
      128185
      128281
      128357
      128434
      128468
      128558
      128579
      128648
      128692
      128770
      128848
      128936
      129012
      129080
      129101
      129109
      129125
      129214
      129240
      129322
      129398
      129486
      129558
      129631
      129644
      129657
      129707
      129728
      129783
      129821
      129916
      129994
      130031
      130120
      130197
      130198
      130259
      130323
      130375
      130378
      130414
      130491
      130492
      130559
      130595
      130683
      130692
      130716
      130777
      130793
      130876
      130906
      130922
      130982
      131022
      131022
      131076
      131168
      131245
      131325
      131420
      131453
      131465
      131523
      131573
      131671
      131740
      131744
      131776
      131867
      131885
      131908
      131980
      131981
      132005
      132020
      132054
      132089
      132102
      132132
      132144
      132234
      132264
      132337
      132410
      132499
      132564
      132621
      132641
      132680
      132736
      132761
      132842
      132867
      132923
      132997
      133042
      133051
      133064
      133155
      133249
      133270
      133317
      133414
      133414
      133466
      133536
      133561
      133569
      133577
      133656
      133746
      133746
      133816
      133849
      133864
      133870
      133940
      133945
      133985
      134052
      134133
      134217
      134227
      134281
      134317
      134375
      134451
      134502
      134521
      134568
      134626
      134709
      134757
      134856
      134951
      134984
      134994
      135051
      135051
      135120
      135125
      135138
      135158
      135193
      135274
      135366
      135372
      135464
      135556
      135621
      135648
      135661
      135715
      135718
      135802
      135893
      135902
      135932
      135955
      135958
      136013
      136097
      136099
      136147
      136172
      136260
      136356
      136399
      136432
      136487
      136510
      136551
      136552
      136614
      136680
      136753
      136842
      136911
      136967
      137019
      137102
      137126
      137201
      137274
      137284
      137372
      137437
      137477
      137553
      137605
      137639
      137705
      137773
      137837
      137898
      137910
      137929
      138017
      138041
      138062
      138147
      138213
      138250
      138296
      138328
      138423
      138493
      138544
      138578
      138582
      138619
      138700
      138703
      138705
      138792
      138816
      138879
      138941
      138942
      139013
      139104
      139135
      139232
      139300
      139358
      139386
      139392
      139487
      139585
      139666
      139701
      139701
      139794
      139848
      139880
      139941
      139969
      140029
      140047
      140068
      140108
      140147
      140239
      140293
      140365
      140415
      140418
      140504
      140553
      140600
      140666
      140740
      140826
      140864
      140945
      140968
      141008
      141107
      141113
      141134
      141203
      141255
      141258
      141272
      141363
      141450
      141483
      141568
      141602
      141637
      141708
      141770
      141810
      141887
      141890
      141903
      142001
      142043
      142062
      142149
      142163
      142187
      142207
      142222
      142265
      142282
      142312
      142376
      142391
      142430
      142444
      142529
      142550
      142582
      142597
      142603
      142666
      142672
      142690
      142787
      142879
      142938
      142967
      143046
      143063
      143076
      143133
      143136
      143137
      143172
      143177
      143273
      143322
      143365
      143445
      143451
      143544
      143614
      143645
      143714
      143743
      143838
      143872
      143930
      143968
      144062
      144080
      144146
      144239
      144249
      144254
      144254
      144353
      144355
      144421
      144500
      144590
      144631
      144669
      144693
      144720
      144763
      144845
      144888
      144930
      145011
      145036
      145044
      145072
      145164
      145180
      145238
      145242
      145265
      145362
      145376
      145452
      145471
      145500
      145549
      145582
      145664
      145719
      145779
      145800
      145850
      145922
      145937
      145965
      145971
      145984
      146000
      146051
      146121
      146198
      146274
      146317
      146392
      146404
      146453
      146459
      146464
      146507
      146605
      146701
      146736
      146827
      146837
      146909
      146942
      147029
      147073
      147098
      147177
      147185
      147201
      147247
      147290
      147308
      147361
      147396
      147468
      147538
      147560
      147572
      147617
      147672
      147766
      147807
      147861
      147904
      147957
      147966
      147970
      148001
      148013
      148029
      148089
      148102
      148143
      148232
      148262
      148309
      148315
      148345
      148359
      148374
      148413
      148473
      148565
      148622
      148680
      148682
      148746
      148798
      148887
      148973
      148996
      149018
      149053
      149119
      149168
      149192
      149263
      149291
      149314
      149408
      149433
      149477
      149567
      149609
      149623
      149718
      149728
      149811
      149900
      149970
      150025
      150054
      150110
      150142
      150230
      150266
      150298
      150335
      150402
      150483
      150581
      150607
      150691
      150773
      150797
      150885
      150937
      150987
      151072
      151153
      151190
      151233
      151328
      151413
      151448
      151499
      151518
      151613
      151659
      151727
      151825
      151918
      151965
      151965
      152026
      152046
      152046
      152101
      152102
      152128
      152162
      152177
      152222
      152244
      152324
      152353
      152452
      152477
      152518
      152583
      152649
      152722
      152811
      152891
      152909
      152960
      153016
      153031
      153062
      153092
      153163
      153230
      153269
      153283
      153377
      153411
      153501
      153577
      153603
      153698
      153754
      153780
      153849
      153858
      153934
      154003
      154068
      154167
      154266
      154279
      154362
      154455
      154486
      154527
      154608
      154613
      154616
      154674
      154760
      154858
      154918
      154983
      155038
      155091
      155122
      155164
      155200
      155237
      155299
      155329
      155401
      155469
      155489
      155577
      155660
      155689
      155705
      155731
      155785
      155833
      155863
      155874
      155895
      155898
      155974
      156004
      156085
      156149
      156203
      156205
      156224
      156296
      156392
      156478
      156479
      156497
      156539
      156560
      156602
      156642
      156736
      156772
      156830
      156877
      156916
      156999
      157068
      157089
      157188
      157254
      157324
      157371
      157374
      157396
      157472
      157556
      157621
      157648
      157689
      157753
      157764
      157800
      157858
      157885
      157914
      157954
      157975
      157984
      158049
      158112
      158126
      158205
      158210
      158277
      158278
      158308
      158327
      158406
      158413
      158459
      158532
      158619
      158656
      158679
      158699
      158779
      158814
      158836
      158896
      158898
      158909
      158913
      159012
      159018
      159069
      159114
      159195
      159218
      159279
      159329
      159427
      159433
      159468
      159470
      159555
      159555
      159556
      159648
      159731
      159750
      159815
      159891
      159899
      159972
      160029
      160045
      160097
      160146
      160163
      160178
      160268
      160309
      160378
      160424
      160485
      160552
      160552
      160626
      160657
      160733
      160808
      160813
      160869
      160931
      160950
      160966
      161009
      161077
      161143
      161225
      161284
      161295
      161341
      161391
      161422
      161449
      161465
      161472
      161569
      161641
      161663
      161741
      161748
      161769
      161864
      161963
      162008
      162052
      162129
      162199
      162250
      162283
      162354
      162358
      162376
      162407
      162492
      162544
      162619
      162641
      162653
      162657
      162738
      162810
      162834
      162924
      162997
      163056
      163092
      163166
      163249
      163256
      163334
      163422
      163487
      163544
      163561
      163628
      163662
      163711
      163716
      163807
      163809
      163906
      163981
      164037
      164076
      164082
      164154
      164174
      164215
      164263
      164319
      164415
      164500
      164534
      164537
      164628
      164689
      164757
      164788
      164795
      164842
      164843
      164905
      164906
      164967
      165029
      165052
      165129
      165163
      165256
      165303
      165377
      165462
      165551
      165569
      165631
      165677
      165681
      165771
      165778
      165841
      165853
      165885
      165890
      165977
      165995
      166032
      166122
      166123
      166194
      166275
      166350
      166438
      166509
      166550
      166570
      166580
      166605
      166704
      166767
      166775
      166856
      166908
      167003
      167067
      167164
      167168
      167256
      167295
      167295
      167371
      167408
      167449
      167490
      167537
      167597
      167648
      167713
      167768
      167820
      167839
      167856
      167870
      167902
      167930
      167944
      167972
      168049
      168108
      168133
      168215
      168262
      168354
      168398
      168455
      168547
      168582
      168672
      168758
      168789
      168839
      168923
      168932
      169005
      169043
      169132
      169188
      169244
      169321
      169399
      169463
      169506
      169603
      169700
      169702
      169783
      169881
      169957
      170009
      170015
      170022
      170033
      170116
      170163
      170223
      170260
      170345
      170372
      170459
      170544
      170577
      170602
      170701
      170772
      170851
      170913
      170916
      170926
      171010
      171108
      171200
      171213
      171233
      171312
      171399
      171471
      171558
      171609
      171702
      171706
      171782
      171817
      171886
      171963
      172022
      172025
      172097
      172115
      172169
      172264
      172287
      172380
      172456
      172509
      172525
      172591
      172681
      172723
      172813
      172889
      172975
      173053
      173137
      173230
      173304
      173361
      173445
      173519
      173546
      173643
      173720
      173745
      173824
      173879
      173902
      173972
      173998
      174063
      174087
      174108
      174200
      174244
      174332
      174394
      174457
      174498
      174504
      174545
      174619
      174675
      174746
      174804
      174857
      174901
      174957
      174976
      175051
      175114
      175157
      175191
      175284
      175342
      175387
      175412
      175474
      175478
      175571
      175603
      175660
      175682
      175707
      175786
      175809
      175845
      175920
      175968
      176024
      176110
      176160
      176209
      176268
      176304
      176372
      176374
      176442
      176476
      176535
      176613
      176676
      176761
      176787
      176807
      176900
      176916
      176945
      176984
      177083
      177116
      177119
      177142
      177205
      177225
      177310
      177391
      177440
      177442
      177511
      177609
      177633
      177678
      177698
      177709
      177738
      177788
      177858
      177947
      178004
      178057
      178127
      178214
      178219
      178289
      178322
      178342
      178368
      178376
      178446
      178463
      178542
      178608
      178619
      178703
      178782
      178846
      178898
      178903
      178953
      179026
      179061
      179154
      179216
      179275
      179373
      179409
      179490
      179587
      179675
      179732
      179815
      179823
      179845
      179848
      179879
      179978
      180019
      180107
      180171
      180230
      180317
      180334
      180339
      180389
      180401
      180495
      180510
      180548
      180577
      180602
      180692
      180751
      180837
      180878
      180878
      180950
      180998
      181046
      181066
      181092
      181127
      181186
      181258
      181279
      181286
      181353
      181440
      181505
      181600
      181609
      181706
      181709
      181719
      181808
      181854
      181858
      181864
      181900
      181967
      182025
      182072
      182114
      182141
      182235
      182261
      182275
      182277
      182348
      182441
      182483
      182551
      182606
      182628
      182632
      182728
      182760
      182794
      182804
      182882
      182907
      182985
      183000
      183059
      183110
      183172
      183174
      183228
      183298
      183346
      183398
      183404
      183420
      183511
      183544
      183556
      183566
      183610
      183648
      183739
      183814
      183911
      184009
      184016
      184033
      184121
      184178
      184224
      184282
      184355
      184431
      184433
      184496
      184535
      184537
      184568
      184603
      184647
      184672
      184769
      184830
      184918
      184946
      184962
      184968
      184975
      185004
      185018
      185052
      185108
      185155
      185193
      185249
      185307
      185367
      185416
      185417
      185446
      185523
      185546
      185612
      185634
      185684
      185781
      185818
      185892
      185973
      186071
      186083
      186141
      186166
      186205
      186303
      186392
      186396
      186450
      186543
      186579
      186666
      186729
      186827
      186860
      186870
      186944
      187042
      187097
      187195
      187248
      187320
      187369
      187404
      187440
      187502
      187576
      187654
      187663
      187744
      187808
      187848
      187940
      187979
      187979
      187988
      188001
      188067
      188095
      188181
      188280
      188368
      188463
      188501
      188521
      188583
      188625
      188705
      188765
      188795
      188838
      188851
      188927
      188952
      189039
      189075
      189139
      189207
      189288
      189355
      189454
      189460
      189474
      189523
      189561
      189590
      189592
      189647
      189741
      189815
      189824
      189860
      189939
      189952
      189998
      190023
      190089
      190114
      190188
      190197
      190214
      190217
      190278
      190315
      190319
      190370
      190432
      190529
      190546
      190622
      190672
      190771
      190782
