          64
          76
          90
         172
         179
         193
         226
         232
         238
         324
         369
         441
         467
         506
         569
         609
         609
         656
         745
         800
         862
         943
         961
         971
        1045
        1048
        1103
        1142
        1162
        1231
        1323
        1393
        1407
        1458
        1491
        1512
        1527
        1606
        1643
        1654
        1689
        1749
        1825
        1909
        1953
        2044
        2084
        2149
        2240
        2247
        2321
        2372
        2388
        2414
        2423
        2522
        2548
        2606
        2700
        2737
        2832
        2888
        2898
        2941
        2962
        2971
        3026
        3067
        3104
        3110
        3153
        3221
        3258
        3269
        3283
        3311
        3329
        3417
        3428
        3429
        3497
        3526
        3528
        3576
        3625
        3644
        3710
        3766
        3802
        3835
        3899
        3940
        4036
        4123
        4140
        4151
        4234
        4264
        4310
        4319
        4326
        4326
        4348
        4427
        4486
        4498
        4542
        4636
        4687
        4689
        4752
        4780
        4829
        4900
        4989
        5027
        5100
        5104
        5106
        5197
        5288
        5317
        5405
        5479
        5548
        5593
        5688
        5728
        5787
        5875
        5950
        5963
        5977
        6051
        6065
        6133
        6229
        6256
        6325
        6415
        6450
        6536
        6573
        6588
        6655
        6692
        6701
        6742
        6829
        6859
        6864
        6878
        6883
        6951
        7046
        7090
        7184
        7191
        7217
        7245
        7300
        7393
        7425
        7522
        7598
        7625
        7631
        7659
        7703
        7754
        7843
        7891
        7899
        7921
        7936
        7975
        8038
        8129
        8172
        8202
        8272
        8312
        8378
        8441
        8451
        8545
        8610
        8666
        8739
        8741
        8830
        8864
        8892
        8968
        9028
        9053
        9122
        9154
        9168
        9230
        9288
        9341
        9384
        9422
        9448
        9509
        9522
        9618
        9670
        9682
        9690
        9732
        9804
        9857
        9877
        9933
        9941
        9962
       10010
       10079
       10094
       10167
       10171
       10216
       10305
       10398
       10436
       10437
       10442
       10533
       10561
       10563
       10587
       10678
       10775
       10840
       10896
       10978
       11014
       11072
       11134
       11181
       11221
       11262
       11311
       11341
       11408
       11504
       11576
       11582
       11602
       11655
       11705
       11755
       11791
       11835
       11859
       11958
       12042
       12122
       12189
       12274
       12346
       12410
       12501
       12593
       12665
       12744
       12816
       12898
       12988
       13045
       13059
       13130
       13188
       13210
       13235
       13235
       13307
       13315
       13385
       13459
       13488
       13547
       13551
       13641
       13690
       13759
       13823
       13903
       13930
       14011
       14055
       14095
       14141
       14214
       14234
       14289
       14333
       14363
       14411
       14430
       14452
       14548
       14641
       14730
       14761
       14775
       14785
       14875
       14945
       15041
       15041
       15052
       15096
       15134
       15162
       15226
       15300
       15377
       15392
       15482
       15509
       15563
       15645
       15735
       15825
       15909
       15998
       16025
       16071
       16108
       16163
       16182
       16251
       16271
       16356
       16437
       16453
       16456
       16505
       16568
       16573
       16587
       16652
       16698
       16789
       16793
       16808
       16814
       16832
       16865
       16885
       16933
       16942
       16951
       16999
       17075
       17171
       17237
       17241
       17244
       17262
       17339
       17428
       17458
       17530
       17569
       17625
       17679
       17710
       17771
       17848
       17902
       17924
       17974
       18043
       18103
       18164
       18210
       18210
       18273
       18301
       18373
       18398
       18419
       18450
       18463
       18507
       18528
       18532
       18542
       18579
       18665
       18685
       18750
       18765
       18853
       18925
       19018
       19113
       19157
       19207
       19300
       19387
       19444
       19487
       19538
       19624
       19640
       19724
       19791
       19872
       19922
       19972
       19980
       20027
       20115
       20207
       20294
       20359
       20370
       20451
       20483
       20554
       20606
       20668
       20693
       20791
       20794
       20840
       20896
       20898
       20975
       21014
       21032
       21115
       21192
       21287
       21384
       21423
       21521
       21569
       21614
       21638
       21671
       21765
       21860
       21909
       21975
       22038
       22104
       22167
       22232
       22244
       22341
       22377
       22475
       22493
       22541
       22587
       22684
       22714
       22766
       22822
       22828
       22869
       22900
       22933
       22960
       22985
       22992
       23026
       23075
       23121
       23218
       23270
       23319
       23379
       23391
       23452
       23509
       23587
       23620
       23634
       23692
       23701
       23767
       23800
       23867
       23938
       23960
       24003
       24084
       24119
       24204
       24300
       24398
       24412
       24427
       24496
       24562
       24642
       24647
       24680
       24698
       24758
       24808
       24901
       24969
       25038
       25125
       25143
       25209
       25230
       25261
       25333
       25427
       25443
       25458
       25496
       25507
       25544
       25547
       25636
       25647
       25678
       25755
       25827
       25860
       25905
       25911
       25951
       25977
       26000
       26060
       26061
       26140
       26204
       26290
       26300
       26352
       26436
       26519
       26545
       26577
       26643
       26667
       26706
       26719
       26725
       26762
       26778
       26819
       26904
       26948
       26964
       27018
       27060
       27153
       27168
       27231
       27290
       27318
       27341
       27388
       27403
       27439
       27457
       27481
       27558
       27621
       27713
       27804
       27808
       27864
       27956
       27956
       28016
       28064
       28101
       28182
       28242
       28304
       28400
       28459
       28536
       28609
       28624
       28629
       28631
       28646
       28683
       28688
       28785
       28849
       28918
       28969
       29039
       29107
       29169
       29261
       29273
       29298
       29299
       29360
       29432
       29467
       29532
       29553
       29580
       29603
       29701
       29701
       29727
       29765
       29765
       29773
       29818
       29844
       29928
       30010
       30052
       30138
       30141
       30201
       30212
       30247
       30321
       30354
       30354
       30355
       30370
       30425
       30426
       30500
       30573
       30661
       30712
       30746
       30844
       30862
       30891
       30941
       30968
       30992
       31091
       31139
       31156
       31239
       31274
       31286
       31373
       31454
       31550
       31578
       31592
       31679
       31762
       31781
       31869
       31947
       31951
       32004
       32068
       32121
       32203
       32226
       32251
       32292
       32370
       32400
       32439
       32452
       32528
       32553
       32608
       32643
       32685
       32778
       32789
       32879
       32918
       32953
       33030
       33045
       33113
       33207
       33214
       33257
       33329
       33369
       33406
       33406
       33460
       33529
       33572
       33667
       33713
       33796
       33853
       33926
       34010
       34019
       34067
       34165
       34239
       34269
       34273
       34305
       34345
       34410
       34500
       34552
       34636
       34655
       34739
       34792
       34798
       34821
       34883
       34925
       34982
       35077
       35121
       35136
       35211
       35225
       35314
       35390
       35454
       35523
       35530
       35579
       35605
       35644
       35724
       35812
       35852
       35930
       36019
       36085
       36126
       36126
       36199
       36274
       36312
       36370
       36375
       36395
       36439
       36528
       36568
       36633
       36724
       36748
       36791
       36820
       36831
       36930
       36966
       37037
       37048
       37086
       37090
       37106
       37178
       37183
       37185
       37242
       37267
       37332
       37415
       37498
       37556
       37561
       37577
       37620
       37621
       37628
       37663
       37678
       37760
       37828
       37831
       37917
       38008
       38061
       38157
       38158
       38192
       38195
       38242
       38320
       38410
       38464
       38474
       38506
       38544
       38564
       38586
       38596
       38671
       38723
       38810
       38861
       38934
       38989
       39008
       39106
       39202
       39283
       39364
       39371
       39455
       39551
       39596
       39604
       39675
       39699
       39722
       39741
       39746
       39757
       39763
       39778
       39786
       39804
       39859
       39938
       39951
       40039
       40065
       40118
       40209
       40220
       40295
       40308
       40397
       40485
       40556
       40566
       40591
       40594
       40626
       40692
       40768
       40795
       40874
       40951
       40968
       41035
       41038
       41105
       41138
       41155
       41179
       41210
       41301
       41386
       41459
       41503
       41530
       41546
       41585
       41617
       41671
       41694
       41790
       41809
       41905
       41921
       41980
       42062
       42092
       42122
       42170
       42232
       42251
       42299
       42317
       42363
       42453
       42511
       42548
       42598
       42652
       42662
       42683
       42718
       42805
       42870
       42880
       42940
       42956
       43022
       43023
       43080
       43102
       43200
       43294
       43390
       43471
       43518
       43544
       43548
       43641
       43641
       43732
       43791
       43877
       43956
       44001
       44004
       44057
       44114
       44180
       44227
       44256
       44345
       44371
       44375
       44401
       44499
       44540
       44627
       44711
       44773
       44783
       44832
       44891
       44981
       45065
       45065
       45096
       45157
       45213
       45275
       45327
       45328
       45347
       45353
       45406
       45435
       45450
       45510
       45541
       45613
       45625
       45635
       45679
       45749
       45783
       45792
       45813
       45895
       45961
       46032
       46054
       46150
       46186
       46206
       46233
       46259
       46280
       46358
       46380
       46423
       46492
       46515
       46575
       46667
       46700
       46745
       46776
       46779
       46829
       46872
       46957
       47054
       47116
       47204
       47285
       47290
       47333
       47428
       47484
       47491
       47551
       47603
       47643
       47671
       47681
       47698
       47757
       47795
       47871
       47956
       48053
       48110
       48122
       48210
       48298
       48397
       48477
       48496
       48551
       48555
       48631
       48681
       48684
       48744
       48818
       48829
       48890
       48920
       48997
       48997
       49037
       49069
       49121
       49140
       49166
       49264
       49329
       49363
       49414
       49434
       49500
       49523
       49605
       49612
       49638
       49704
       49738
       49749
       49846
       49941
       49972
       49983
       50035
       50058
       50115
       50149
       50221
       50221
       50299
       50341
       50403
       50410
       50449
       50521
       50611
       50688
       50735
       50772
       50794
       50873
       50911
       50915
       51000
       51064
       51158
       51235
       51238
       51289
       51384
       51419
       51452
       51518
       51566
       51569
       51604
       51635
       51717
       51728
       51801
       51816
       51841
       51849
       51920
       51960
       52014
       52104
       52113
       52160
       52218
       52294
       52318
       52324
       52328
       52426
       52509
       52604
       52630
       52665
       52724
       52772
       52783
       52823
       52867
       52884
       52910
       52929
       52945
       53031
       53035
       53131
       53139
       53217
       53266
       53293
       53360
       53366
       53370
       53376
       53473
       53556
       53648
       53682
       53753
       53827
       53895
       53954
       53991
       54066
       54151
       54176
       54260
       54268
       54309
       54356
       54440
       54481
       54575
       54658
       54715
       54779
       54829
       54899
       54963
       55007
       55092
       55190
       55260
       55294
       55348
       55442
       55477
       55494
       55538
       55595
       55674
       55684
       55708
       55710
       55747
       55815
       55872
       55886
       55916
       55931
       55974
       55988
       56013
       56018
       56073
       56085
       56128
       56144
       56180
       56260
       56275
       56350
       56409
       56500
       56523
       56576
       56578
       56619
       56667
       56730
       56757
       56790
       56856
       56942
       57014
       57031
       57114
       57143
       57159
       57187
       57254
       57284
       57375
       57382
       57445
       57469
       57531
       57621
       57642
       57661
       57747
       57809
       57861
       57916
       57947
       58013
       58098
       58163
       58164
       58243
       58247
       58267
       58362
       58455
       58482
       58568
       58571
       58636
       58719
       58813
       58882
       58974
       59031
       59064
       59130
       59193
       59283
       59312
       59380
       59436
       59442
       59522
       59567
       59611
       59687
       59732
       59802
       59889
       59953
       59974
       59977
       59999
       60012
       60093
       60137
       60193
       60253
       60318
       60323
       60338
       60386
       60413
       60443
       60538
       60613
       60682
       60781
       60872
       60878
       60916
       60962
       60965
       61054
       61152
       61166
       61256
       61277
       61358
       61367
       61377
       61454
       61459
       61556
       61566
       61610
       61692
       61696
       61712
       61722
       61761
       61852
       61943
       61944
       62034
       62113
       62141
       62190
       62254
       62308
       62357
       62388
       62479
       62556
       62592
       62608
       62691
       62757
       62849
       62871
       62958
       62989
       63038
       63075
       63109
       63191
       63253
       63316
       63376
       63438
       63526
       63610
       63697
       63713
       63758
       63781
       63853
       63914
       64012
       64052
       64097
       64102
       64106
       64191
       64242
       64287
       64367
       64371
       64373
       64417
       64479
       64545
       64616
       64674
       64736
       64819
       64854
       64866
       64911
       65000
       65021
       65083
       65159
       65253
       65340
       65375
       65436
       65452
       65515
       65533
       65555
       65634
       65642
       65686
       65704
       65754
       65823
       65835
       65855
       65937
       66029
       66053
       66140
       66187
       66282
       66371
       66383
       66394
       66444
       66519
       66614
       66623
       66651
       66685
       66736
       66812
       66899
       66907
       66937
       66940
       67002
       67075
       67106
       67163
       67165
       67250
       67287
       67372
       67452
       67465
       67491
       67509
       67604
       67671
       67765
       67802
       67876
       67940
       67941
       68032
       68100
       68179
       68199
       68252
       68268
       68305
       68390
       68488
       68541
       68549
       68646
       68698
       68704
       68771
       68776
       68796
       68881
       68931
       68951
       69015
       69102
       69172
       69223
       69314
       69397
       69432
       69437
       69500
       69549
       69571
       69615
       69618
       69695
       69779
       69814
       69875
       69926
       70015
       70016
       70109
       70201
       70241
       70268
       70313
       70409
       70477
       70533
       70623
       70685
       70701
       70747
       70760
       70826
       70842
       70933
       70998
       71013
       71055
       71100
       71146
       71207
       71293
       71306
       71357
       71399
       71475
       71542
       71594
       71671
       71682
       71770
       71851
       71872
       71938
       71943
       72016
       72105
       72118
       72210
       72218
       72262
       72296
       72384
       72391
       72393
       72460
       72529
       72584
       72588
       72671
       72750
       72831
       72882
       72952
       73013
       73092
       73105
       73114
       73146
       73242
       73315
       73378
       73448
       73488
       73515
       73614
       73702
       73749
       73840
       73841
       73925
       73945
       74035
       74122
       74135
       74228
       74302
       74335
       74342
       74375
       74435
       74470
       74496
       74567
       74587
       74627
       74630
       74672
       74704
       74801
       74872
       74960
       75031
       75068
       75152
       75250
       75315
       75400
       75480
       75513
       75592
       75637
       75664
       75750
       75800
       75831
       75924
       75972
       76023
       76056
       76099
       76151
       76182
       76214
       76214
       76284
       76320
       76391
       76403
       76411
       76434
       76507
       76573
       76643
       76660
       76758
       76769
       76802
       76854
       76876
       76881
       76954
       77009
       77097
       77123
       77201
       77249
       77297
       77319
       77331
       77358
       77442
       77493
       77573
       77615
       77691
       77752
       77755
       77797
       77843
       77859
       77923
       77974
       78019
       78114
       78210
       78285
       78286
       78310
       78385
       78451
       78460
       78460
       78510
       78525
       78576
       78611
       78668
       78761
       78843
       78937
       78977
       78985
       79071
       79163
       79246
       79305
       79358
       79435
       79531
       79593
       79599
       79683
       79764
       79849
       79914
       79917
       79948
       80044
       80143
       80209
       80231
       80329
       80360
       80429
       80524
       80610
       80686
       80759
       80794
       80865
       80942
       80980
       81035
       81122
       81146
       81147
       81169
       81225
       81283
       81287
       81332
       81403
       81426
       81448
       81467
       81520
       81538
       81561
       81585
       81681
       81764
       81852
       81899
       81949
       81998
       82007
       82024
       82119
       82179
       82273
       82327
       82340
       82362
       82432
       82456
       82480
       82538
       82547
       82617
       82635
       82654
       82707
       82805
       82874
       82939
       82960
       82986
       83024
       83064
       83078
       83159
       83224
       83233
       83263
       83273
       83288
       83293
       83337
       83422
       83429
       83451
       83515
       83579
       83643
       83736
       83760
       83767
       83858
       83916
       83984
       84042
       84072
       84134
       84163
       84259
       84325
       84382
       84410
       84437
       84530
       84570
       84584
       84638
       84734
       84827
       84896
       84970
       85014
       85091
       85169
       85209
       85305
       85403
       85416
       85455
       85506
       85520
       85578
       85608
       85666
       85714
       85793
       85865
       85871
       85879
       85885
       85924
       86001
       86009
       86093
       86133
       86142
       86146
       86155
       86242
       86271
       86350
       86399
       86402
       86415
       86503
       86535
       86600
       86605
       86640
       86689
       86755
       86825
       86883
       86935
       86994
       87063
       87091
       87095
       87109
       87188
       87285
       87379
       87389
       87481
       87520
       87603
       87673
       87715
       87737
       87796
       87800
       87838
       87927
       87950
       88011
       88035
       88092
       88121
       88191
       88236
       88275
       88337
       88414
       88494
       88549
       88625
       88719
       88806
       88844
       88884
       88936
       88990
       89042
       89128
       89216
       89240
       89268
       89319
       89350
       89398
       89425
       89466
       89479
       89565
       89646
       89733
       89832
       89835
       89926
       89935
       89970
       89987
       90080
       90134
       90204
       90297
       90304
       90369
       90454
       90495
       90547
       90596
       90695
       90757
       90798
       90862
       90869
       90921
       91016
       91090
       91141
       91154
       91211
       91289
       91294
       91357
       91408
       91447
       91509
       91530
       91560
       91658
       91678
       91679
       91728
       91766
       91810
       91884
       91979
       92026
       92030
       92045
       92068
       92108
       92150
       92190
       92268
       92321
       92364
       92366
       92450
       92454
       92493
       92563
       92629
       92726
       92739
       92786
       92823
       92855
       92888
       92888
       92922
       93007
       93039
       93127
       93157
       93170
       93218
       93262
       93335
       93394
       93471
       93509
       93539
       93590
       93595
       93632
       93664
       93763
       93816
       93878
       93954
       94033
       94108
       94203
       94231
       94319
       94415
       94494
       94575
       94575
       94591
       94623
       94663
       94749
       94758
       94837
       94918
       94934
       94985
       95038
       95102
       95122
       95136
       95191
       95198
       95218
       95256
       95262
       95314
       95352
       95358
       95432
       95474
       95551
       95635
       95727
       95774
       95809
       95813
       95844
       95857
       95879
       95902
       95964
       95979
       96032
       96055
       96094
       96168
       96175
       96179
       96258
       96323
       96421
       96465
       96507
       96520
       96587
       96665
       96727
       96759
       96827
       96919
       97012
       97014
       97060
       97144
       97177
       97192
       97215
       97260
       97260
       97303
       97363
       97411
       97419
       97430
       97469
       97521
       97565
       97589
       97593
       97639
       97736
       97783
       97873
       97882
       97910
       97988
       98080
       98164
       98227
       98281
       98326
       98336
       98337
       98347
       98423
       98459
       98526
       98601
       98632
       98649
       98702
       98717
       98814
       98910
       98921
       99000
       99044
       99133
       99172
       99263
       99281
       99302
       99335
       99417
       99446
       99534
       99541
       99596
       99597
       99637
       99639
       99702
       99786
       99853
       99869
       99947
       99981
       99998
      100050
      100086
      100113
      100201
      100248
      100319
      100328
      100408
      100458
      100477
      100478
      100550
      100564
      100610
      100674
      100699
      100737
      100795
      100865
      100873
      100930
      100954
      100968
      101043
      101078
      101129
      101198
      101232
      101319
      101417
      101486
      101576
      101602
      101695
      101764
      101777
      101855
      101942
      102040
      102106
      102188
      102276
      102305
      102339
      102386
      102412
      102446
      102521
      102527
      102554
      102619
      102683
      102727
      102741
      102751
      102770
      102799
      102819
      102871
      102928
      102950
      103002
      103018
      103073
      103085
      103142
      103158
      103216
      103281
      103284
      103343
      103381
      103452
      103508
      103581
      103650
      103650
      103747
      103818
      103886
      103952
      103972
      103981
      104010
      104082
      104156
      104237
      104311
      104329
      104369
      104442
      104476
      104519
      104536
      104618
      104712
      104766
      104831
      104867
      104904
      104939
      104946
      105030
      105031
      105068
      105070
      105162
      105250
      105257
      105323
      105421
      105484
      105569
      105638
      105668
      105743
      105743
      105782
      105863
      105902
      105916
      105954
      106033
      106097
      106156
      106160
      106168
      106241
      106258
      106295
      106334
      106334
      106392
      106397
      106398
      106413
      106480
      106539
      106614
      106657
      106669
      106761
      106783
      106860
      106893
      106954
      106962
      107024
      107072
      107095
      107190
      107245
      107301
      107342
      107435
      107459
      107543
      107634
      107638
      107679
      107715
      107770
      107868
      107924
      107924
      108004
      108044
      108130
      108161
      108258
      108284
      108301
      108347
      108394
      108482
      108559
      108652
      108699
      108737
      108830
      108889
      108955
      109033
      109077
      109123
      109177
      109188
      109236
      109298
      109372
      109391
      109440
      109464
      109547
      109593
      109644
      109695
      109720
      109788
      109860
      109946
      109953
      109986
      110025
      110118
      110204
      110281
      110335
      110374
      110456
      110544
      110605
      110634
      110708
      110722
      110736
      110778
      110877
      110908
      110928
      111004
      111017
      111073
      111146
      111178
      111274
      111324
      111330
      111372
      111383
      111450
      111525
      111532
      111623
      111656
      111739
      111802
      111803
      111860
      111903
      111975
      112010
      112070
      112122
      112198
      112289
      112319
      112371
      112470
      112565
      112576
      112675
      112726
      112817
      112841
      112909
      112964
      113031
      113123
      113207
      113273
      113301
      113366
      113403
      113458
      113546
      113640
      113671
      113677
      113776
      113819
      113912
      113976
      114040
      114068
      114068
      114136
      114201
      114211
      114228
      114269
      114339
      114368
      114445
      114520
      114574
      114662
      114677
      114773
      114802
      114869
      114918
      115015
      115063
      115140
      115173
      115266
      115294
      115294
      115368
      115370
      115391
      115452
      115550
      115575
      115651
      115748
      115841
      115895
      115912
      115946
      115976
      116041
      116086
      116161
      116198
      116243
      116323
      116347
      116390
      116397
      116404
      116412
      116429
      116466
      116532
      116629
      116653
      116741
      116826
      116877
      116966
      117002
      117071
      117127
      117193
      117214
      117273
      117335
      117360
      117390
      117429
      117441
      117467
      117548
      117600
      117636
      117710
      117790
      117795
      117840
      117866
      117866
      117931
      117975
      117998
      118000
      118089
      118147
      118152
      118156
      118170
      118207
      118215
      118249
      118258
      118269
      118328
      118329
      118354
      118368
      118441
      118539
      118561
      118586
      118606
      118645
      118685
      118774
      118840
      118928
      119025
      119050
      119113
      119205
      119283
      119336
      119368
      119379
      119379
      119438
      119508
      119539
      119543
      119609
      119614
      119701
      119731
      119823
      119902
      119933
      119964
      120052
      120127
      120134
      120154
      120166
      120261
      120326
      120358
      120405
      120447
      120509
      120551
      120569
      120642
      120687
      120770
      120848
      120929
      121012
      121032
      121097
      121194
      121256
      121306
      121388
      121466
      121480
      121534
      121587
      121660
      121718
      121809
      121897
      121904
      121996
      122068
      122072
      122137
      122190
      122283
      122283
      122283
      122335
      122431
      122472
      122482
      122519
      122530
      122553
      122581
      122666
      122736
      122778
      122857
      122903
      122929
      122967
      122978
      123053
      123066
      123159
      123198
      123290
      123340
      123360
      123433
      123449
      123517
      123538
      123614
      123621
      123692
      123749
      123837
      123922
      123967
      124003
      124064
      124154
      124173
      124218
      124296
      124387
      124474
      124531
      124587
      124633
      124637
      124638
      124645
      124726
      124741
      124761
      124802
      124833
      124860
      124901
      124910
      124951
      125008
      125027
      125047
      125051
      125064
      125091
      125105
      125120
      125179
      125236
      125319
      125344
      125428
      125526
      125580
      125640
      125657
      125693
      125697
      125730
      125825
      125863
      125903
      126000
      126071
      126117
      126137
      126154
      126208
      126216
      126310
      126395
      126432
      126454
      126463
      126507
      126569
      126594
      126595
      126663
      126663
      126721
      126795
      126822
      126916
      126947
      126963
      126988
      127055
      127147
      127226
      127271
      127341
      127395
      127464
      127560
      127609
      127619
      127669
      127742
      127838
      127858
      127872
      127905
      127915
      128008
      128106
      128187
      128283
      128357
      128367
      128380
      128394
      128483
      128486
      128515
      128549
      128630
      128722
      128774
      128800
      128896
      128954
      128987
      129046
      129107
      129149
      129240
      129329
      129332
      129339
      129389
      129389
      129389
