          21
         109
         165
         180
         256
         286
         327
         379
         477
         530
         563
         625
         676
         748
         840
         927
        1008
        1030
        1067
        1158
        1181
        1205
        1229
        1276
        1322
        1354
        1390
        1413
        1511
        1553
        1587
        1657
        1702
        1721
        1811
        1814
        1905
        1910
        2005
        2043
        2056
        2069
        2076
        2168
        2178
        2204
        2219
        2231
        2270
        2309
        2313
        2364
        2431
        2437
        2490
        2517
        2544
        2581
        2664
        2695
        2753
        2809
        2826
        2889
        2933
        2961
        3047
        3075
        3154
        3154
        3186
        3257
        3343
        3375
        3450
        3453
        3548
        3608
        3686
        3730
        3742
        3799
        3831
        3872
        3907
        3960
        4020
        4086
        4147
        4230
        4329
        4368
        4429
        4446
        4506
        4590
        4647
        4665
        4689
        4754
        4790
        4811
        4862
        4877
        4898
        4944
        4972
        5046
        5127
        5146
        5223
        5300
        5332
        5415
        5499
        5528
        5545
        5610
        5696
        5771
        5819
        5866
        5909
        5911
        5983
        6014
        6102
        6145
        6193
        6232
        6274
        6353
        6373
        6379
        6433
        6470
        6472
        6503
        6525
        6607
        6641
        6730
        6812
        6908
        6972
        7028
        7039
        7134
        7220
        7294
        7351
        7392
        7457
        7470
        7532
        7574
        7663
        7663
        7696
        7775
        7782
        7880
        7932
        7944
        8018
        8093
        8167
        8240
        8272
        8274
        8277
        8335
        8403
        8486
        8506
        8576
        8609
        8616
        8645
        8665
        8698
        8716
        8765
        8847
        8935
        8944
        9021
        9089
        9119
        9119
        9130
        9165
        9208
        9295
        9322
        9390
        9442
        9478
        9577
        9578
        9587
        9674
        9700
        9754
        9831
        9921
       10013
       10073
       10097
       10155
       10173
       10223
       10257
       10303
       10355
       10414
       10467
       10483
       10553
       10564
       10620
       10639
       10646
       10739
       10749
       10816
       10874
       10879
       10961
       10978
       11060
       11149
       11225
       11252
       11288
       11340
       11388
       11444
       11484
       11487
       11487
       11515
       11593
       11618
       11693
       11716
       11757
       11786
       11836
       11930
       12019
       12052
       12124
       12132
       12138
       12157
       12200
       12239
       12311
       12344
       12410
       12434
       12479
       12531
       12621
       12710
       12739
       12799
       12853
       12929
       12980
       13062
       13123
       13143
       13211
       13293
       13296
       13314
       13380
       13459
       13476
       13527
       13610
       13641
       13733
       13798
       13831
       13865
       13932
       14017
       14079
       14146
       14233
       14279
       14343
       14398
       14421
       14509
       14520
       14555
       14650
       14658
       14671
       14682
       14729
       14789
       14797
       14807
       14886
       14907
       14981
       15075
       15131
       15179
       15251
       15335
       15371
       15402
       15497
       15595
       15638
       15672
       15723
       15741
       15811
       15833
       15915
       15947
       15998
       16011
       16079
       16102
       16172
       16204
       16265
       16336
       16429
       16429
       16528
       16573
       16628
       16680
       16736
       16835
       16923
       16984
       17027
       17093
       17190
       17262
       17284
       17324
       17340
       17406
       17481
       17566
       17618
       17691
       17745
       17823
       17905
       17917
       17972
       18044
       18076
       18106
       18126
       18209
       18215
       18288
       18339
       18398
       18412
       18489
       18529
       18579
       18614
       18689
       18715
       18731
       18749
       18817
       18843
       18853
       18871
       18887
       18928
       18950
       19035
       19104
       19188
       19285
       19289
       19326
       19367
       19388
       19455
       19528
       19566
       19576
       19664
       19736
       19829
       19887
       19926
       20007
       20095
       20108
       20120
       20185
       20221
       20296
       20382
       20452
       20531
       20569
       20607
       20644
       20689
       20776
       20806
       20861
       20921
       20974
       21061
       21090
       21117
       21123
       21123
       21221
       21317
       21391
       21479
       21485
       21568
       21667
       21715
       21812
       21822
       21905
       21962
       21991
       22059
       22085
       22150
       22202
       22265
       22301
       22391
       22436
       22524
       22541
       22566
       22626
       22663
       22670
       22691
       22708
       22752
       22841
       22915
       22955
       23026
       23030
       23072
       23099
       23192
       23226
       23322
       23399
       23443
       23475
       23569
       23639
       23643
       23674
       23682
       23712
       23795
       23829
       23880
       23926
       24009
       24034
       24078
       24174
       24259
       24303
       24318
       24415
       24423
       24428
       24488
       24524
       24616
       24638
       24723
       24739
       24743
       24815
       24888
       24981
       25021
       25116
       25183
       25246
       25268
       25273
       25327
       25358
       25359
       25377
       25471
       25485
       25523
       25580
       25645
       25719
       25744
       25784
       25874
       25972
       25972
       26042
       26055
       26138
       26183
       26227
       26270
       26295
       26329
       26390
       26464
       26479
       26503
       26586
       26664
       26707
       26780
       26810
       26896
       26995
       27091
       27136
       27139
       27173
       27264
       27351
       27383
       27408
       27436
       27504
       27523
       27555
       27590
       27663
       27725
       27799
       27885
       27903
       27953
       28046
       28074
       28165
       28232
       28266
       28314
       28389
       28471
       28562
       28563
       28661
       28716
       28766
       28785
       28881
       28978
       28991
       29046
       29070
       29125
       29179
       29214
       29245
       29336
       29356
       29444
       29506
       29522
       29529
       29608
       29618
       29652
       29730
       29820
       29843
       29908
       29981
       29994
       30034
       30038
       30038
       30093
       30140
       30153
       30227
       30291
       30354
       30448
       30448
       30502
       30553
       30574
       30651
       30717
       30793
       30823
       30840
       30857
       30879
       30938
       31029
       31068
       31080
       31162
       31252
       31320
       31338
       31415
       31455
       31542
       31597
       31648
       31728
       31818
       31862
       31905
       31968
       31973
       32050
       32058
       32061
       32103
       32174
       32197
       32257
       32323
       32359
       32382
       32418
       32421
       32425
       32521
       32562
       32603
       32654
       32731
       32795
       32807
       32860
       32885
       32896
       32945
       33012
       33074
       33170
       33245
       33300
       33319
       33327
       33380
       33479
       33496
       33540
       33573
       33585
       33658
       33673
       33739
       33792
       33827
       33889
       33970
       34060
       34073
       34102
       34107
       34193
       34218
       34242
       34300
       34374
       34466
       34548
       34580
       34640
       34701
       34770
       34830
       34919
       35015
       35112
       35126
       35152
       35241
       35309
       35398
       35462
       35537
       35609
       35637
       35726
       35745
       35779
       35837
       35838
       35926
       35988
       36061
       36104
       36171
       36232
       36266
       36277
       36340
       36385
       36461
       36470
       36510
       36594
       36682
       36740
       36827
       36855
       36904
       36935
       36991
       37061
       37137
       37158
       37218
       37312
       37378
       37424
       37497
       37567
       37656
       37732
       37785
       37865
       37933
       37984
       38075
       38075
       38079
       38120
       38197
       38258
       38299
       38383
       38469
       38566
       38566
       38571
       38670
       38754
       38840
       38898
       38979
       38989
       39019
       39056
       39089
       39100
       39158
       39219
       39282
       39282
       39283
       39353
       39407
       39457
       39498
       39554
       39630
       39712
       39725
       39757
       39829
       39867
       39905
       39973
       39979
       40050
       40065
       40152
       40240
       40248
       40255
       40339
       40421
       40463
       40486
       40533
       40599
       40690
       40782
       40798
       40869
       40966
       41034
       41073
       41159
       41231
       41237
       41294
       41378
       41439
       41527
       41585
       41660
       41676
       41708
       41747
       41759
       41841
       41935
       41982
       42015
       42097
       42108
       42176
       42205
       42231
       42244
       42256
       42292
       42356
       42373
       42386
       42467
       42492
       42503
       42557
       42620
       42672
       42680
       42720
       42760
       42812
       42905
       42926
       42953
       43034
       43062
       43077
       43163
       43213
       43229
       43270
       43367
       43376
       43377
       43451
       43469
       43550
       43641
       43659
       43750
       43751
       43785
       43860
       43935
       43986
       44000
       44025
       44031
       44120
       44180
       44264
       44277
       44333
       44375
       44414
       44471
       44528
       44576
       44650
       44703
       44753
       44757
       44796
       44878
       44976
       45013
       45035
       45089
       45151
       45232
       45263
       45311
       45410
       45505
       45582
       45658
       45693
       45744
       45814
       45882
       45947
       45950
       46047
       46080
       46157
       46242
       46322
       46395
       46425
       46523
       46533
       46625
       46636
       46723
       46804
       46892
       46937
       46971
       47033
       47097
       47179
       47222
       47302
       47310
       47349
       47373
       47442
       47539
       47596
       47671
       47677
       47724
       47823
       47882
       47928
       47995
       48042
       48113
       48196
       48281
       48343
       48420
       48518
       48594
       48676
       48689
       48705
       48760
       48785
       48865
       48952
       48996
       49014
       49035
       49122
       49177
       49265
       49310
       49386
       49431
       49440
       49451
       49458
       49476
       49552
       49619
       49672
       49694
       49730
       49786
       49871
       49929
       50008
       50084
       50154
       50220
       50253
       50337
       50416
       50507
       50546
       50593
       50637
       50669
       50723
       50820
       50835
       50863
       50962
       50974
       50986
       51079
       51115
       51156
       51216
       51313
       51329
       51405
       51407
       51423
       51472
       51472
       51558
       51627
       51653
       51701
       51703
       51724
       51780
       51856
       51880
       51940
       51977
       52053
       52065
       52150
       52158
       52211
       52296
       52340
       52357
       52454
       52516
       52590
       52624
       52675
       52696
       52746
       52824
       52866
       52933
       53009
       53078
       53145
       53243
       53275
       53371
       53416
       53473
       53520
       53567
       53651
       53651
       53707
       53716
       53815
       53885
       53918
       54006
       54007
       54084
       54180
       54194
       54248
       54278
       54305
       54322
       54326
       54331
       54334
       54381
       54407
       54464
       54532
       54606
       54645
       54655
       54670
       54673
       54760
       54811
       54882
       54977
       55040
       55097
       55139
       55158
       55169
       55220
       55271
       55322
       55374
       55407
       55407
       55462
       55517
       55613
       55622
       55657
       55659
       55705
       55724
       55803
       55817
       55914
       55927
       56007
       56078
       56155
       56167
       56255
       56272
       56341
       56392
       56423
       56497
       56518
       56545
       56614
       56626
       56700
       56766
       56786
       56854
       56910
       56957
       56979
       57037
       57104
       57191
       57263
       57276
       57337
       57429
       57481
       57566
       57665
       57679
       57766
       57853
       57948
       58018
       58072
       58146
       58236
       58241
       58323
       58370
       58380
       58438
       58515
       58612
       58645
       58659
       58717
       58811
       58832
       58843
       58910
       58974
       58986
       58999
       59047
       59072
       59149
       59226
       59307
       59362
       59363
       59401
       59439
       59507
       59523
       59581
       59625
       59687
       59723
       59796
       59836
       59870
       59925
       59937
       59940
       59943
       60037
       60060
       60125
       60156
       60157
       60205
       60224
       60228
       60313
       60338
       60397
       60464
       60526
       60616
       60702
       60724
       60756
       60839
       60866
       60909
       61005
       61070
       61135
       61215
       61293
       61338
       61399
       61498
       61507
       61590
       61659
       61739
       61837
       61846
       61925
       61985
       62069
       62120
       62144
       62194
       62287
       62345
       62363
       62426
       62464
       62503
       62527
       62577
       62604
       62653
       62722
       62725
       62807
       62821
       62870
       62958
       63039
       63133
       63205
       63286
       63333
       63380
       63380
       63450
       63465
       63548
       63554
       63570
       63593
       63644
       63736
       63777
       63829
       63902
       63987
       64017
       64019
       64102
       64184
       64225
       64236
       64288
       64345
       64396
       64439
       64483
       64576
       64616
       64616
       64711
       64791
       64867
       64931
       64990
       65023
       65087
       65157
       65181
       65214
       65219
       65258
       65335
       65402
       65495
       65502
       65593
       65676
       65736
       65738
       65772
       65867
       65932
       65978
       65991
       66073
       66094
       66099
       66175
       66179
       66251
       66333
       66417
       66476
       66518
       66577
       66673
       66758
       66843
       66937
       67031
       67124
       67182
       67258
       67305
       67337
       67385
       67471
       67491
       67510
       67528
       67558
       67637
       67665
       67733
       67810
       67827
       67874
       67946
       67986
       68014
       68047
       68099
       68115
       68173
       68208
       68292
       68354
       68416
       68420
       68486
       68494
       68526
       68582
       68655
       68708
       68748
       68763
       68861
       68886
       68886
       68933
       69027
       69074
       69097
       69192
       69226
       69230
       69270
       69316
       69337
       69408
       69424
       69439
       69522
       69537
       69634
       69732
       69770
       69816
       69893
       69893
       69967
       70015
       70083
       70149
       70196
       70292
       70319
       70329
       70414
       70503
       70555
       70568
       70667
       70715
       70751
       70849
       70941
       71024
       71058
       71069
       71164
       71236
       71299
       71375
       71473
       71516
       71610
       71680
       71725
       71751
       71841
       71891
       71975
       72021
       72032
       72104
       72108
       72154
       72179
       72267
       72307
       72332
       72395
       72396
       72457
       72458
       72459
       72473
       72473
       72490
       72542
       72590
       72601
       72603
       72694
       72767
       72782
       72823
       72917
       72963
       73038
       73038
       73096
       73136
       73224
       73240
       73339
       73427
       73505
       73602
       73687
       73781
       73795
       73835
       73870
       73964
       74012
       74066
       74101
       74159
       74246
       74278
       74349
       74411
       74426
       74523
       74604
       74640
       74730
       74776
       74844
       74914
       74954
       75002
       75101
       75176
       75203
       75293
       75380
       75463
       75540
       75603
       75664
       75723
       75743
       75799
       75824
       75863
       75954
       75980
       76023
       76113
       76187
       76225
       76245
       76246
       76262
       76356
       76401
       76498
       76500
       76534
       76538
       76546
       76583
       76648
       76742
       76793
       76810
       76891
       76939
       76996
       77086
       77149
       77169
       77190
       77236
       77281
       77295
       77389
       77441
       77510
       77568
       77624
       77688
       77728
       77760
       77809
       77859
       77902
       77998
       78075
       78128
       78139
       78188
       78260
       78341
       78376
       78393
       78399
       78482
       78498
       78585
       78666
       78701
       78721
       78722
       78812
       78827
       78919
       78968
       78970
       79063
       79069
       79161
       79192
       79239
       79323
       79384
       79479
       79528
       79551
       79589
       79612
       79689
       79691
       79769
       79802
       79810
       79903
       79967
       79974
       80012
       80047
       80079
       80099
       80108
       80117
       80209
       80303
       80382
       80476
       80570
       80622
       80661
       80721
       80777
       80825
       80852
       80928
       80970
       81004
       81050
       81113
       81165
       81239
       81271
       81340
       81364
       81400
       81440
       81501
       81513
       81605
       81659
       81717
       81762
       81818
       81898
       81950
       81963
       81981
       82071
       82122
       82177
       82223
       82233
       82303
       82318
       82337
       82359
       82400
       82458
       82552
       82650
       82679
       82727
       82739
       82786
       82808
       82858
       82891
       82918
       82985
       83032
       83041
       83133
       83200
       83216
       83305
       83403
       83436
       83482
       83525
       83596
       83679
       83704
       83788
       83844
       83904
       83914
       83931
       83978
       84033
       84116
       84214
       84227
       84317
       84364
       84383
       84426
       84475
       84566
       84642
       84677
       84723
       84803
       84897
       84946
       84974
       84993
       85027
       85047
       85087
       85179
       85211
       85229
       85296
       85392
       85405
       85445
       85535
       85548
       85633
       85708
       85728
       85766
       85789
       85797
       85860
       85871
       85960
       86000
       86007
       86041
       86100
       86164
       86201
       86292
       86380
       86457
       86463
       86549
       86552
       86564
       86605
       86613
       86663
       86663
       86745
       86758
       86851
       86879
       86880
       86947
       86960
       86999
       87027
       87062
       87119
       87203
       87258
       87298
       87340
       87359
       87393
       87429
       87465
       87552
       87617
       87713
       87798
       87840
       87841
       87863
       87902
       87991
       88053
       88084
       88148
       88149
       88218
       88219
       88278
       88289
       88298
       88324
       88358
       88444
       88528
       88543
       88612
       88621
       88630
       88673
       88703
       88800
       88849
       88899
       88903
       88975
       89013
       89029
       89032
       89058
       89098
       89179
       89222
       89318
       89336
       89422
       89434
       89511
       89547
       89646
       89662
       89685
       89686
       89785
       89865
       89902
       89999
       90018
       90032
       90078
       90145
       90235
       90272
       90346
       90374
       90429
       90447
       90512
       90512
       90561
       90585
       90643
       90707
       90787
       90866
       90942
       91025
       91119
       91123
       91197
       91245
       91284
       91331
       91355
       91439
       91439
       91456
       91528
       91566
       91576
       91646
       91731
       91800
       91819
       91861
       91927
       92015
       92076
       92170
       92193
       92212
       92261
       92286
       92333
       92335
       92360
       92396
       92446
       92508
       92526
       92589
       92626
       92627
       92720
       92799
       92836
       92862
       92895
       92971
       93019
       93115
       93126
       93210
       93305
       93352
       93398
       93472
       93560
       93615
       93714
       93787
       93829
       93887
       93956
       93994
       94047
       94129
       94172
       94258
       94306
       94379
       94392
       94424
       94517
       94605
       94652
       94663
