          35
         121
         192
         225
         290
         346
         403
         502
         592
         632
         655
         670
         698
         777
         796
         827
         914
         917
        1011
        1029
        1068
        1138
        1145
        1224
        1277
        1334
        1428
        1433
        1434
        1522
        1565
        1627
        1694
        1729
        1736
        1785
        1843
        1847
        1916
        1996
        2068
        2101
        2127
        2204
        2284
        2320
        2325
        2396
        2484
        2534
        2619
        2703
        2708
        2709
        2768
        2866
        2911
        3007
        3023
        3055
        3106
        3131
        3181
        3238
        3324
        3331
        3400
        3473
        3558
        3570
        3597
        3681
        3779
        3830
        3881
        3964
        4005
        4020
        4033
        4095
        4152
        4179
        4251
        4348
        4392
        4481
        4561
        4614
        4614
        4644
        4723
        4753
        4807
        4835
        4882
        4906
        4969
        5026
        5120
        5163
        5238
        5313
        5381
        5445
        5523
        5567
        5585
        5651
        5713
        5748
        5834
        5911
        5999
        6068
        6104
        6195
        6284
        6287
        6369
        6402
        6491
        6525
        6553
        6651
        6693
        6749
        6790
        6809
        6854
        6902
        6985
        7041
        7127
        7172
        7257
        7319
        7417
        7498
        7515
        7548
        7566
        7645
        7724
        7738
        7743
        7802
        7866
        7878
        7948
        7957
        8022
        8101
        8128
        8199
        8206
        8302
        8388
        8444
        8519
        8603
        8693
        8740
        8742
        8768
        8835
        8907
        8962
        9056
        9101
        9159
        9230
        9328
        9359
        9408
        9426
        9523
        9551
        9635
        9733
        9754
        9800
        9858
        9871
        9928
       10027
       10124
       10167
       10236
       10251
       10298
       10393
       10464
       10470
       10546
       10588
       10595
       10637
       10645
       10669
       10749
       10758
       10777
       10829
       10907
       10910
       10958
       11022
       11037
       11046
       11075
       11082
       11135
       11144
       11238
       11277
       11282
       11287
       11376
       11460
       11472
       11509
       11532
       11576
       11618
       11668
       11674
       11702
       11720
       11790
       11802
       11843
       11893
       11926
       11938
       12031
       12040
       12133
       12171
       12175
       12245
       12265
       12326
       12423
       12503
       12571
       12669
       12677
       12750
       12788
       12860
       12905
       12977
       13067
       13094
       13153
       13171
       13181
       13200
       13269
       13283
       13331
       13337
       13381
       13440
       13518
       13542
       13559
       13562
       13650
       13749
       13787
       13862
       13902
       13986
       14057
       14089
       14155
       14249
       14269
       14321
       14365
       14420
       14473
       14556
       14651
       14696
       14779
       14842
       14855
       14862
       14909
       14945
       14994
       15037
       15074
       15166
       15265
       15312
       15395
       15403
       15411
       15416
       15429
       15470
       15540
       15593
       15633
       15657
       15742
       15753
       15830
       15925
       16003
       16058
       16156
       16251
       16267
       16333
       16425
       16438
       16500
       16527
       16621
       16691
       16787
       16803
       16878
       16911
       16931
       16971
       16986
       17057
       17072
       17096
       17167
       17212
       17273
       17282
       17295
       17377
       17444
       17534
       17597
       17673
       17752
       17850
       17896
       17931
       17988
       18067
       18079
       18126
       18216
       18287
       18329
       18357
       18373
       18462
       18518
       18586
       18600
       18683
       18693
       18772
       18798
       18822
       18890
       18937
       18967
       18994
       19007
       19091
       19106
       19124
       19203
       19262
       19302
       19391
       19457
       19536
       19549
       19569
       19615
       19678
       19679
       19713
       19794
       19835
       19852
       19910
       19960
       19977
       20028
       20095
       20097
       20191
       20283
       20288
       20317
       20332
       20398
       20480
       20577
       20623
       20714
       20748
       20831
       20849
       20857
       20938
       20987
       21006
       21073
       21094
       21189
       21257
       21262
       21337
       21376
       21388
       21434
       21444
       21449
       21453
       21549
       21565
       21653
       21705
       21724
       21773
       21834
       21861
       21935
       21982
       22004
       22044
       22049
       22135
       22187
       22265
       22303
       22385
       22412
       22442
       22530
       22569
       22643
       22649
       22734
       22817
       22820
       22861
       22947
       22999
       23043
       23072
       23165
       23250
       23296
       23389
       23427
       23524
       23605
       23612
       23686
       23703
       23726
       23763
       23830
       23852
       23945
       23953
       23984
       24032
       24121
       24148
       24231
       24323
       24386
       24410
       24504
       24577
       24665
       24754
       24804
       24896
       24942
       24980
       25060
       25113
       25119
       25218
       25282
       25368
       25399
       25480
       25550
       25561
       25655
       25709
       25780
       25839
       25923
       25955
       26006
       26065
       26123
       26155
       26181
       26216
       26269
       26359
       26449
       26472
       26563
       26648
       26718
       26807
       26833
       26877
       26899
       26912
       26994
       27029
       27046
       27096
       27149
       27206
       27206
       27252
       27260
       27284
       27319
       27360
       27387
       27449
       27470
       27537
       27594
       27692
       27723
       27806
       27875
       27877
       27884
       27920
       27964
       27982
       28030
       28093
       28146
       28203
       28256
       28286
       28337
       28359
       28359
       28404
       28444
       28508
       28530
       28610
       28616
       28685
       28737
       28829
       28898
       28969
       29065
       29089
       29128
       29156
       29174
       29237
       29238
       29281
       29336
       29396
       29418
       29439
       29473
       29560
       29614
       29626
       29719
       29775
       29819
       29878
       29917
       29992
       30080
       30174
       30229
       30271
       30306
       30380
       30426
       30465
       30512
       30562
       30614
       30691
       30728
       30739
       30803
       30807
       30812
       30903
       30973
       31004
       31072
       31154
       31228
       31316
       31384
       31442
       31465
       31537
       31576
       31626
       31686
       31735
       31826
       31831
       31834
       31844
       31920
       31996
       32081
       32121
       32195
       32261
       32346
       32394
       32476
       32517
       32525
       32530
       32587
       32682
       32726
       32825
       32912
       32983
       32984
       32993
       33027
       33105
       33140
       33154
       33173
       33262
       33357
       33415
       33454
       33493
       33520
       33537
       33633
       33724
       33801
       33888
       33954
       34032
       34072
       34141
       34239
       34269
       34344
       34434
       34465
       34524
       34582
       34583
       34643
       34692
       34788
       34798
       34801
       34857
       34882
       34926
       35000
       35079
       35134
       35207
       35216
       35305
       35375
       35396
       35419
       35458
       35534
       35593
       35643
       35680
       35736
       35808
       35850
       35867
       35902
       35903
       35910
       35925
       35980
       36078
       36127
       36200
       36232
       36312
       36353
       36430
       36474
       36510
       36524
       36542
       36566
       36594
       36604
       36693
       36776
       36843
       36936
       36980
       37032
       37082
       37149
       37226
       37277
       37290
       37297
       37384
       37476
       37503
       37549
       37594
       37655
       37737
       37801
       37836
       37850
       37911
       37957
       37980
       37986
       38077
       38139
       38182
       38218
       38225
       38280
       38340
       38432
       38505
       38574
       38590
       38637
       38735
       38756
       38773
       38815
       38908
       38970
       38989
       39006
       39075
       39108
       39131
       39132
       39202
       39218
       39278
       39371
       39402
       39491
       39554
       39612
       39671
       39698
       39713
       39793
       39805
       39902
       39920
       39955
       40044
       40109
       40158
       40241
       40306
       40331
       40380
       40411
       40422
       40438
       40451
       40470
       40477
       40520
       40597
       40604
       40694
       40784
       40869
       40910
       40988
       41041
       41053
       41141
       41216
       41283
       41319
       41331
       41391
       41456
       41531
       41586
       41608
       41706
       41719
       41808
       41872
       41958
       41974
       42054
       42137
       42146
       42166
       42243
       42331
       42428
       42437
       42468
       42537
       42630
       42638
       42706
       42717
       42793
       42885
       42927
       43012
       43039
       43060
       43143
       43186
       43209
       43269
       43293
       43329
       43344
       43415
       43471
       43502
       43560
       43597
       43650
       43734
       43809
       43872
       43901
       43984
       44022
       44055
       44110
       44129
       44192
       44211
       44227
       44282
       44365
       44446
       44511
       44609
       44703
       44749
       44835
       44838
       44850
       44893
       44901
       44920
       44949
       44962
       45007
       45038
       45052
       45112
       45130
       45215
       45233
       45314
       45364
       45393
       45469
       45565
       45640
       45682
       45693
       45739
       45746
       45822
       45901
       45936
       46017
       46019
       46113
       46169
       46189
       46211
       46276
       46332
       46345
       46387
       46440
       46441
       46507
       46595
       46611
       46702
       46784
       46835
       46922
       46970
       47005
       47047
       47128
       47184
       47272
       47364
       47386
       47406
       47481
       47538
       47585
       47631
       47713
       47739
       47748
       47836
       47871
       47878
       47952
       48029
       48042
       48085
       48104
       48183
       48242
       48301
       48306
       48402
       48482
       48552
       48561
       48589
       48642
       48718
       48797
       48826
       48833
       48839
       48839
       48848
       48879
       48928
       48934
       48962
       49041
       49044
       49126
       49169
       49214
       49256
       49346
       49436
       49450
       49460
       49514
       49559
       49638
       49692
       49785
       49853
       49887
       49908
       50006
       50105
       50148
       50179
       50265
       50345
       50383
       50418
       50460
       50477
       50548
       50581
       50613
       50691
       50692
       50757
       50780
       50787
       50820
       50842
       50908
       50930
       51028
       51076
       51142
       51220
       51236
       51255
       51291
       51364
       51393
       51428
       51429
       51463
       51560
       51601
       51662
       51712
       51762
       51805
       51899
       51973
       52066
       52086
       52148
       52174
       52185
       52216
       52274
       52372
       52447
       52448
       52527
       52594
       52608
       52611
       52644
       52716
       52726
       52822
       52836
       52887
       52912
       52979
       52987
       53045
       53070
       53109
       53183
       53189
       53276
       53353
       53362
       53424
       53457
       53519
       53561
       53615
       53702
       53750
       53828
       53829
       53890
       53939
       53965
       54023
       54080
       54146
       54223
       54313
       54393
       54439
       54458
       54491
       54515
       54517
       54566
       54599
       54684
       54713
       54741
       54784
       54831
       54893
       54971
       55065
       55080
       55127
       55206
       55281
       55345
       55413
       55463
       55497
       55505
       55600
       55629
       55704
       55776
       55802
       55877
       55929
       56017
       56054
       56117
       56133
       56165
       56209
       56236
       56277
       56337
       56340
       56386
       56460
       56543
       56566
       56624
       56687
       56691
       56770
       56799
       56804
       56859
       56880
       56939
       56950
       56960
       56984
       56987
       57066
       57160
       57229
       57267
       57316
       57320
       57352
       57353
       57389
       57469
       57478
       57506
       57516
       57595
       57679
       57703
       57769
       57866
       57896
       57945
       57962
       57985
       58036
       58045
       58079
       58157
       58194
       58210
       58299
       58304
       58375
       58462
       58537
       58615
       58699
       58756
       58817
       58854
       58859
       58881
       58963
       58971
       59066
       59097
       59129
       59207
       59213
       59230
       59308
       59391
       59420
       59492
       59533
       59608
       59671
       59730
       59827
       59926
       59956
       60054
       60093
       60114
       60130
       60160
       60191
       60282
       60348
       60438
       60502
       60570
       60668
       60740
       60826
       60878
       60880
       60962
       61015
       61073
       61075
       61169
       61220
       61297
       61316
       61331
       61342
       61373
       61388
       61472
       61525
       61572
       61602
       61699
       61780
       61841
       61882
       61911
       61971
       62002
       62012
       62058
       62155
       62159
       62210
       62266
       62362
       62409
       62428
       62511
       62571
       62591
       62630
       62637
       62677
       62721
       62753
       62785
       62864
       62908
       62937
       63035
       63051
       63097
       63187
       63209
       63224
       63254
       63308
       63374
       63374
       63431
       63465
       63484
       63505
       63593
       63616
       63636
       63653
       63730
       63823
       63909
       63964
       64056
       64154
       64237
       64323
       64339
       64406
       64433
       64458
       64512
       64578
       64631
       64668
       64744
       64810
       64849
       64914
       64927
       64982
       65044
       65122
       65182
       65277
       65310
       65329
       65416
       65425
       65513
       65532
       65586
       65591
       65689
       65728
       65813
       65888
       65913
       65949
       66042
       66141
       66195
       66243
       66337
       66404
       66414
       66455
       66463
       66508
       66515
       66607
       66621
       66681
       66711
       66764
       66802
       66839
       66876
       66903
       67001
       67083
       67151
       67204
       67225
       67250
       67299
       67371
       67383
       67432
       67511
       67558
       67650
       67738
       67786
       67810
       67871
       67892
       67940
       68035
       68078
       68136
       68227
       68283
       68284
       68359
       68403
       68446
       68518
       68521
       68590
       68603
       68637
       68734
       68797
       68894
       68950
       69041
       69106
       69148
       69190
       69276
       69370
       69446
       69486
       69515
       69603
       69604
       69617
       69702
       69736
       69822
       69891
       69931
       69975
       70059
       70155
       70225
       70285
       70336
       70377
       70404
       70436
       70498
       70517
       70539
       70564
       70609
       70618
       70680
       70777
       70788
       70887
       70934
       70991
       71077
       71100
       71125
       71178
       71243
       71295
       71394
       71462
       71492
       71541
       71554
       71626
       71677
       71763
       71845
       71851
       71905
       71957
       71991
       72047
       72140
       72221
       72282
       72333
       72391
       72445
       72492
       72556
       72609
       72609
       72689
       72783
       72858
       72953
       72991
       73073
       73090
       73180
       73243
       73271
       73318
       73351
       73417
       73438
       73443
       73457
       73549
       73606
       73687
       73771
       73796
       73890
       73942
       74010
       74020
       74066
       74111
       74184
       74262
       74284
       74361
       74448
       74500
       74591
       74669
       74745
       74796
       74823
       74840
       74897
       74908
       74940
       74965
       74970
       75038
       75115
       75118
       75192
       75200
       75218
       75270
       75308
       75388
       75425
       75487
       75555
       75575
       75644
       75665
       75708
       75797
       75810
       75827
       75886
       75887
       75903
       75993
       76087
       76165
       76215
       76229
       76275
       76335
       76376
       76395
       76406
       76427
       76486
       76519
       76543
       76555
       76654
       76693
       76784
       76846
       76879
       76885
       76930
       76985
       77006
       77013
       77108
       77137
       77200
       77231
       77304
       77389
       77480
       77555
       77585
       77608
       77679
       77760
       77829
       77843
       77901
       77939
       78026
       78065
       78076
       78096
       78179
       78188
       78258
       78346
       78412
       78489
       78546
       78570
       78602
       78614
       78668
       78755
       78769
       78787
       78872
       78903
       78987
       79000
       79002
       79011
       79015
       79044
       79095
       79173
       79232
       79248
       79274
       79348
       79357
       79384
       79475
       79559
       79563
       79630
       79684
       79734
       79782
       79849
       79921
       79962
       80044
       80124
       80188
       80284
       80361
       80375
       80405
       80468
       80482
       80491
       80590
       80611
       80658
       80683
       80687
       80750
       80784
       80876
       80971
       81064
       81115
       81154
       81169
       81260
       81357
       81424
       81440
       81470
       81480
       81528
       81584
       81628
       81634
       81725
       81742
       81809
       81848
       81878
       81955
       82049
       82138
       82214
       82241
       82280
       82351
       82407
       82475
       82560
       82562
       82614
       82682
       82705
       82738
       82806
       82817
       82859
       82910
       83006
       83038
       83126
       83191
       83233
       83271
       83347
       83393
       83476
       83528
       83622
       83625
       83671
       83768
       83811
       83888
       83934
       83985
       84002
       84021
       84092
       84127
       84187
       84270
       84330
       84355
       84362
       84418
       84438
       84530
       84605
       84628
       84705
       84769
       84863
       84897
       84922
       84959
       85010
       85055
       85151
       85211
       85276
       85359
       85402
       85496
       85529
       85601
       85693
       85765
       85850
       85914
       85991
       86048
       86106
       86167
       86242
       86295
       86376
       86475
       86488
       86586
       86593
       86678
       86751
       86779
       86829
       86881
       86975
       87040
       87049
       87085
       87155
       87221
       87311
       87386
       87483
       87538
       87572
       87580
       87615
       87628
       87696
       87780
       87848
       87900
       87908
       87921
       87982
       88014
       88079
       88170
       88263
       88284
       88338
       88357
       88370
       88435
       88473
       88485
       88506
       88599
       88640
       88712
       88772
       88823
       88829
       88908
       88995
       89045
       89114
       89127
       89144
       89232
       89308
       89334
       89426
       89445
       89526
       89595
       89614
       89684
       89710
       89790
       89878
       89974
       90001
       90072
       90150
       90243
       90258
       90336
       90348
       90418
       90480
       90574
       90610
       90641
       90644
       90653
       90733
       90744
       90829
       90842
       90882
       90934
       90935
       91012
       91105
       91137
       91217
       91231
       91251
       91335
       91372
       91383
       91409
       91443
       91445
       91472
       91527
       91536
       91634
       91658
       91677
       91750
       91817
       91892
       91978
       92015
       92017
       92021
       92040
       92079
       92118
       92179
       92225
       92243
       92286
       92360
       92456
       92463
       92486
       92521
       92550
       92628
       92694
       92712
       92740
       92836
       92836
       92885
       92890
       92949
       93006
       93060
       93080
       93087
       93169
       93261
       93330
       93402
       93473
       93499
       93537
       93560
       93586
       93618
       93621
       93679
       93710
       93782
       93785
       93840
       93890
       93893
       93944
       93997
       94088
       94102
       94178
       94211
       94275
       94326
       94343
       94370
       94380
       94387
       94442
       94537
       94589
       94618
       94631
       94690
       94776
       94852
       94882
       94917
       94957
       95049
       95109
       95141
       95155
       95197
       95288
       95367
       95397
       95400
       95452
       95525
       95606
       95625
       95655
       95717
       95740
       95813
       95813
       95907
       95985
       96078
       96174
       96252
       96329
       96428
       96475
       96503
       96504
       96585
       96635
       96672
       96762
       96841
       96843
       96865
       96906
       96936
       96956
       96981
       96996
       97022
       97050
       97129
       97181
       97241
       97305
       97391
       97403
       97502
       97572
       97604
       97678
       97687
       97777
       97875
       97931
       98002
       98094
       98135
       98170
       98184
       98248
       98258
       98300
       98338
       98402
       98478
       98478
       98488
       98511
       98584
       98623
       98635
       98715
       98803
       98834
       98861
       98876
       98887
       98964
       99000
       99014
       99111
       99178
       99208
       99264
       99284
       99354
       99409
       99433
       99495
       99573
       99623
       99630
       99632
       99697
       99778
       99790
       99832
       99921
       99987
      100004
      100033
      100055
      100071
      100071
      100160
      100187
      100239
      100322
      100399
      100455
      100503
      100507
      100595
      100601
      100617
      100650
      100734
      100752
      100774
      100777
      100824
      100834
      100841
      100866
      100941
      100967
      101016
      101106
      101139
      101236
      101265
      101283
      101341
      101440
      101519
      101617
      101684
      101717
      101780
      101877
      101919
      101979
      101991
      102082
      102126
      102135
      102145
      102208
      102226
      102234
      102276
      102371
      102419
      102497
      102595
      102616
      102639
      102646
      102679
      102714
      102787
      102799
      102863
      102874
      102915
      102988
      103069
      103138
      103150
      103222
      103247
      103307
      103349
      103434
      103500
      103533
      103588
      103618
      103698
      103754
      103805
      103830
      103859
      103909
      103998
      104088
      104187
      104267
      104357
      104416
      104437
      104523
      104538
      104604
      104618
      104671
      104768
      104832
      104847
      104895
      104937
      105029
      105089
      105173
      105184
      105253
      105302
      105360
      105390
      105467
      105565
      105577
      105637
      105721
      105740
      105755
      105830
      105902
      105909
      105956
      106004
      106060
      106129
      106162
      106231
      106325
      106373
      106384
      106400
      106422
      106478
      106563
      106608
      106680
      106756
      106851
      106934
      106971
      106985
      107007
      107104
      107174
      107237
      107246
      107313
      107337
      107390
      107422
      107462
      107556
      107603
      107636
      107697
      107741
      107791
      107838
      107849
      107883
      107921
      108011
      108097
      108121
      108168
      108239
      108263
      108343
      108413
      108415
      108496
      108550
      108614
      108619
      108628
      108704
      108732
      108823
      108921
      109000
      109067
      109092
      109153
      109244
      109260
      109305
      109338
      109437
      109484
      109560
      109626
      109656
      109688
      109749
      109783
      109818
      109842
      109891
      109949
      110031
      110045
      110123
      110165
      110213
      110301
      110303
      110396
      110404
      110419
      110484
      110572
      110573
      110638
      110648
      110672
      110719
      110807
      110894
      110983
      111054
      111074
      111104
      111178
      111190
      111233
      111282
      111296
      111362
      111404
      111455
      111502
      111575
      111615
      111616
      111681
      111688
      111751
      111815
      111831
      111908
      111959
      112046
      112062
      112086
      112103
      112139
      112218
      112311
      112325
      112423
      112470
      112557
      112557
      112654
      112678
      112717
      112758
      112847
      112860
      112901
      112932
      113003
      113020
      113045
      113059
      113106
      113144
      113157
      113160
      113221
      113269
      113337
      113403
      113500
      113520
      113541
      113572
      113579
      113662
      113711
      113744
      113780
      113845
      113911
      113925
      113980
      114022
      114046
      114109
      114120
      114163
      114205
      114296
      114346
      114429
      114429
      114519
      114522
      114557
      114599
      114673
      114735
      114744
      114794
      114869
      114967
      115010
      115034
      115056
      115120
      115178
      115249
      115280
      115351
      115445
      115478
      115522
      115567
      115572
      115595
      115674
      115745
      115771
      115801
      115851
      115865
      115927
      115965
      116028
      116121
      116150
      116150
      116198
      116229
      116251
      116345
      116438
      116529
      116613
      116624
      116670
      116765
      116789
      116832
      116894
      116951
      116962
      117016
      117025
      117097
      117146
      117186
      117247
      117290
      117332
      117389
      117481
      117562
      117600
      117686
      117759
      117816
      117908
      118000
      118011
      118057
      118057
      118118
      118123
      118219
      118288
      118304
      118330
      118403
      118493
      118590
      118620
      118694
      118754
      118844
      118912
      118920
      118983
      119044
      119125
      119125
      119198
      119252
      119316
      119403
      119452
      119473
      119496
      119583
      119670
      119716
      119782
      119816
      119876
      119970
      120010
      120100
      120107
      120120
      120140
      120143
      120226
      120324
      120371
      120446
      120506
      120509
      120594
      120629
      120698
      120701
      120733
      120781
      120790
      120817
      120915
      120916
      120991
      121057
      121117
      121202
      121239
      121264
      121300
      121353
      121356
      121429
      121504
      121524
      121569
      121590
      121685
      121782
      121832
      121915
      121983
      122001
      122083
      122086
      122179
      122228
      122253
      122311
      122410
      122413
      122428
      122431
      122482
      122540
      122633
      122691
      122785
      122794
      122861
      122884
      122980
      122992
      123053
      123057
      123146
      123201
      123300
      123337
      123363
      123363
      123433
      123507
      123554
      123602
      123658
      123701
      123773
      123858
      123903
      123972
      123998
      124065
      124108
      124162
      124218
      124246
      124314
      124321
      124356
      124390
      124417
      124436
      124479
      124553
      124555
      124594
      124601
      124641
      124699
      124720
      124797
      124896
      124978
      124980
      125030
      125086
      125140
      125159
      125180
      125181
      125239
      125265
      125304
      125310
      125366
      125456
      125466
      125487
      125546
      125554
      125587
      125603
      125653
      125657
      125715
      125811
      125897
      125944
      125979
      126067
      126156
      126229
      126246
      126271
      126326
      126376
      126404
      126487
      126537
      126585
      126668
      126704
      126786
      126862
      126931
      127027
      127116
      127205
      127250
      127259
      127305
      127332
      127354
      127383
      127477
      127512
      127558
      127654
      127665
      127682
      127688
      127750
      127800
      127854
      127939
      127997
      128033
      128126
      128134
      128171
      128214
      128225
      128225
      128292
      128342
      128353
      128364
      128429
      128436
      128531
      128581
      128613
      128639
      128703
      128729
      128783
      128869
      128890
      128902
      128966
      128999
      129050
      129056
      129117
      129207
      129218
      129229
      129237
      129255
      129343
      129343
      129350
      129442
      129464
      129535
      129561
      129655
      129695
      129719
      129720
      129761
      129835
      129901
      129963
      129978
      130008
      130050
      130090
      130108
      130141
      130183
      130277
      130350
      130356
      130363
      130433
      130455
      130486
      130552
      130639
      130722
      130782
      130788
      130815
      130879
      130975
      131034
      131047
      131051
      131086
      131157
      131216
      131294
      131383
      131446
      131508
      131524
      131553
      131562
      131640
      131738
      131793
      131831
      131845
      131851
      131889
      131935
      131948
      132017
      132115
      132171
      132244
      132343
      132429
      132441
      132487
      132488
      132534
      132543
      132551
      132641
      132726
      132780
      132832
      132862
      132927
      132947
      133029
      133081
      133163
      133217
      133230
      133288
      133371
      133379
      133449
      133534
      133554
      133579
      133665
      133708
      133803
      133879
      133954
      133979
      134028
      134058
      134062
      134089
      134114
      134170
      134224
      134291
      134319
      134357
      134414
      134509
      134537
      134583
      134641
      134683
      134737
      134743
      134743
      134764
      134855
      134940
      134983
      135029
      135040
      135081
      135105
      135141
      135210
      135250
      135321
      135365
      135382
      135470
      135511
      135602
      135664
      135724
      135784
      135859
      135884
      135954
      135956
      135959
      135969
      136032
      136086
      136132
      136194
      136225
      136298
      136335
      136369
      136379
      136475
      136504
      136587
      136602
      136693
      136774
      136785
      136816
      136889
      136947
      137021
      137060
      137070
      137148
      137168
      137252
      137255
      137339
      137430
      137472
      137497
      137552
      137594
      137633
      137687
      137687
      137710
      137715
      137783
      137814
      137906
      137937
      137999
      138009
      138060
      138157
      138204
      138224
      138267
      138353
      138415
      138437
      138484
      138555
      138637
      138682
      138748
      138847
      138853
      138913
      138941
      139033
      139055
      139079
      139153
      139227
      139307
      139391
      139473
      139539
      139574
      139589
      139636
      139729
      139738
      139742
      139776
      139803
      139829
      139920
      139965
      140035
      140035
      140127
      140217
      140267
      140335
      140357
      140389
      140446
      140525
      140562
      140602
      140624
      140663
      140683
      140766
      140831
      140877
      140941
      141033
      141112
      141163
      141230
      141239
      141278
      141339
      141340
      141388
      141390
      141467
      141501
      141542
      141552
      141591
      141603
      141656
      141739
      141750
      141773
      141776
      141835
      141843
      141915
      141961
      142056
      142155
      142219
      142280
      142340
      142407
      142444
      142524
      142532
      142592
      142617
      142649
      142706
      142765
      142812
      142829
      142909
      142929
      142954
      143017
      143039
      143138
      143167
      143242
      143279
      143360
      143434
      143522
      143550
      143627
      143701
      143768
      143845
      143877
      143898
      143991
      144083
      144129
      144136
      144141
      144192
      144272
      144274
      144323
      144397
      144403
      144470
      144539
      144593
      144674
      144702
      144760
      144827
      144853
      144930
      144969
      144983
      145020
      145070
      145113
      145178
      145190
      145199
      145287
      145348
      145437
      145497
      145506
      145524
      145572
      145629
      145664
      145724
      145768
      145842
      145873
      145921
      145985
      146077
      146092
      146105
      146140
      146173
      146194
      146217
      146289
      146307
      146329
      146408
      146443
      146453
      146461
      146501
      146593
      146600
      146603
      146685
      146781
      146877
      146907
      146933
      146957
      147025
      147099
      147149
      147239
      147311
      147327
      147379
      147456
      147465
      147493
      147556
      147578
      147650
      147681
      147768
      147865
      147887
      147909
      147981
      148073
      148073
      148108
      148141
      148165
      148197
      148289
      148295
      148358
      148436
      148444
      148470
      148520
      148585
      148594
      148654
      148704
      148740
      148764
      148807
      148904
      148980
      149046
      149058
      149154
      149182
      149227
      149320
      149379
      149412
      149429
      149488
      149507
      149542
      149639
      149656
      149659
      149736
      149747
      149811
      149904
      149965
      150058
      150092
      150180
      150187
      150233
      150240
      150243
      150336
      150385
      150482
      150525
      150573
      150611
      150639
      150732
      150760
      150775
      150795
      150820
      150854
      150935
      151015
      151094
      151152
      151170
      151259
      151274
      151362
      151394
      151435
      151529
      151602
      151620
      151657
      151751
      151825
      151910
      151937
      151989
      152083
      152089
      152158
      152256
      152332
      152352
      152441
      152445
      152538
      152552
      152589
      152644
      152728
      152754
      152812
      152868
      152923
      153004
      153038
      153119
      153135
      153177
      153198
      153294
      153364
      153384
      153427
      153502
      153568
      153597
      153601
      153615
      153639
      153660
      153667
      153695
      153784
      153877
      153894
      153904
      153963
      153966
      153977
      154053
      154119
      154211
      154298
      154369
      154387
      154426
      154471
      154548
      154595
      154675
      154742
      154789
      154857
      154923
      154963
      155027
      155028
      155069
      155148
      155196
      155209
      155287
      155337
      155386
      155416
      155450
      155543
      155610
      155637
      155724
      155734
      155756
      155834
      155884
      155904
      155975
      156015
      156095
      156167
      156235
      156256
      156281
      156314
      156350
      156417
      156447
      156460
      156461
      156543
      156558
      156608
      156678
      156741
      156777
      156824
      156900
      156998
      157074
      157161
      157238
      157275
      157374
      157392
      157483
      157525
      157622
      157660
      157721
      157727
      157741
      157822
      157829
      157919
      158013
      158017
      158074
      158135
      158164
      158210
      158268
      158297
      158315
      158326
      158345
      158369
      158436
      158438
      158490
      158496
      158574
      158655
      158722
      158723
      158776
      158845
      158905
      158998
      159040
      159136
      159136
      159146
      159157
      159240
      159268
      159326
      159422
      159494
      159573
      159617
      159695
      159763
      159835
      159921
      160020
      160092
      160141
      160237
      160241
      160297
      160362
      160376
      160431
      160477
      160564
      160578
      160603
      160625
      160690
      160730
      160804
      160864
      160931
      161025
      161057
      161120
      161202
      161231
      161234
      161277
      161358
      161456
      161487
      161586
      161649
      161691
      161770
      161781
      161868
      161918
      162003
      162089
      162184
      162195
      162221
      162253
      162348
      162386
      162481
      162518
      162570
      162583
      162652
      162689
      162693
      162720
      162768
      162848
      162885
      162905
      162949
      163003
      163074
      163127
      163130
      163188
      163249
      163252
      163351
      163447
      163472
      163486
      163534
      163576
      163664
      163668
      163736
      163797
      163876
      163966
      164015
      164016
      164029
      164092
      164138
      164230
      164296
      164311
      164409
      164488
      164501
      164524
      164572
      164657
      164698
      164705
      164769
      164784
      164833
      164902
      164934
      165022
      165068
      165166
      165232
      165293
      165371
      165402
      165468
      165492
      165496
      165556
      165602
      165604
      165685
      165713
      165736
      165754
      165762
      165832
      165893
      165951
      166017
      166092
      166115
      166211
      166296
      166372
      166420
      166509
      166548
      166611
      166659
      166694
      166726
      166729
      166816
      166888
      166899
      166961
      167030
      167086
      167123
      167186
      167266
      167266
      167315
      167327
      167383
      167411
      167490
      167589
      167670
      167724
      167728
      167750
      167798
      167816
      167821
      167847
      167848
      167851
      167877
      167951
      168021
      168077
      168136
      168140
      168164
      168216
      168301
      168319
      168383
      168393
      168445
      168538
      168591
      168642
      168732
      168738
      168830
      168916
      168963
      169011
      169053
      169139
      169226
      169315
      169363
      169398
      169465
      169484
      169578
      169643
      169681
      169758
      169781
      169838
      169904
      170002
      170013
      170080
      170090
      170095
      170154
      170166
      170230
      170321
      170324
      170337
      170386
      170441
      170494
      170536
      170613
      170670
      170752
      170843
      170933
      171029
      171053
      171067
      171115
      171196
      171260
      171313
      171378
      171472
      171485
      171491
      171572
      171627
      171662
      171699
      171700
      171791
      171888
      171920
      171937
      172002
      172002
      172100
      172139
      172232
      172308
      172311
      172409
      172504
      172552
      172570
      172592
      172592
      172681
      172765
      172766
      172851
      172944
      173022
      173042
      173117
      173182
      173235
      173325
      173332
      173390
      173443
      173465
      173544
      173615
      173651
      173721
      173724
      173784
      173850
      173876
      173908
      173994
      173999
      174045
      174115
      174188
      174245
      174259
      174266
      174361
      174436
      174481
      174572
      174615
      174679
      174742
      174826
      174842
      174919
      174975
      175032
      175057
      175122
      175206
      175282
      175377
      175386
      175446
      175481
      175539
      175628
      175630
      175633
      175644
      175654
      175719
      175771
      175858
      175881
      175979
      175994
      176020
      176057
      176105
      176124
      176222
      176301
      176356
      176386
      176409
      176486
      176577
      176602
      176616
      176649
      176738
      176744
      176744
      176791
      176808
      176830
      176889
      176942
      177035
      177094
      177112
      177128
      177141
      177189
      177209
      177257
      177267
      177291
      177384
      177474
      177529
      177607
      177622
      177645
      177673
      177768
      177798
      177861
      177884
      177937
      178032
      178129
      178158
      178184
      178239
      178243
      178267
      178366
      178385
      178395
      178461
      178556
      178614
      178692
      178713
      178781
      178837
      178868
      178900
      178924
      178935
      179005
      179079
      179125
      179180
      179234
      179252
      179268
      179289
      179329
      179358
      179387
      179408
      179444
      179476
      179488
      179546
      179561
      179575
      179646
      179724
      179776
      179824
      179907
      179954
      179989
      180067
      180139
      180147
      180190
      180210
      180296
      180308
      180346
      180391
      180408
      180497
      180503
      180505
      180561
      180571
      180651
      180747
      180779
      180868
      180947
      180975
      181005
      181058
      181073
      181082
      181093
      181157
      181176
      181183
      181234
      181320
      181387
      181394
      181440
      181506
      181592
      181678
      181748
      181802
      181835
      181908
      181965
      182029
      182039
      182094
      182147
      182178
      182234
      182253
      182277
      182367
      182448
      182510
      182529
      182567
      182650
      182695
      182759
      182844
      182928
      183026
      183090
      183113
      183161
      183173
      183271
      183312
      183368
      183447
      183469
      183565
      183638
      183710
      183752
      183794
      183827
      183918
      183974
      184070
      184111
      184206
      184206
      184219
      184255
      184255
      184258
      184290
      184313
      184354
      184416
      184509
      184536
      184539
      184547
      184577
      184660
      184682
      184716
      184793
      184876
      184918
      184922
      184989
      185070
      185129
      185184
      185220
      185255
      185299
      185381
      185390
      185448
      185468
      185474
      185507
      185595
      185622
      185692
      185736
      185784
      185868
      185904
      185964
      186037
      186081
      186169
      186204
      186219
      186274
      186363
      186403
      186462
      186486
      186541
      186581
      186675
      186678
      186736
      186785
      186868
      186953
      187037
      187095
      187155
      187224
      187318
      187337
      187376
      187396
      187455
      187489
      187536
      187571
      187597
      187686
      187726
      187757
      187757
      187847
      187894
      187907
      187964
      187995
      188045
      188075
      188128
      188130
      188138
      188232
      188273
      188348
      188360
      188371
      188438
      188471
      188570
      188653
      188699
      188710
      188763
      188794
      188834
      188921
      188978
      189024
      189073
      189108
      189199
      189247
      189252
      189350
      189355
      189392
      189436
      189461
      189522
      189612
      189700
      189747
      189818
      189838
      189866
      189903
      189949
      190045
      190047
      190094
      190162
      190249
      190260
      190297
      190325
      190333
      190345
      190431
      190508
      190565
      190565
      190603
      190682
      190746
      190759
      190769
      190784
      190840
      190902
      190997
      191078
      191100
      191153
      191232
      191300
      191367
      191460
      191554
      191617
      191635
      191648
      191687
      191747
      191821
      191901
      191947
      191995
      192075
      192091
      192098
      192148
      192185
      192193
      192271
      192309
      192392
      192418
      192486
      192544
      192618
      192668
      192673
      192693
      192778
      192785
      192864
      192926
      192959
      193002
      193023
      193075
      193077
      193099
      193150
      193214
      193218
      193277
      193312
      193405
      193437
      193534
      193616
      193688
      193727
      193819
      193880
      193901
      193961
      194057
      194122
      194134
      194159
      194190
      194225
      194312
      194334
      194341
      194410
      194508
      194563
      194617
      194627
      194659
      194688
      194754
      194820
      194821
      194904
      194966
      194971
      195036
      195127
      195159
      195172
      195224
      195234
      195244
      195280
      195356
      195359
      195362
      195365
      195382
      195476
      195546
      195639
      195701
      195790
      195803
      195816
      195848
      195884
      195916
      195993
      196040
      196132
      196181
      196238
      196276
      196311
      196366
      196402
      196472
      196545
      196557
      196632
      196694
      196703
      196786
      196854
      196867
      196920
      197017
      197058
      197152
      197206
      197208
      197239
      197246
      197289
      197334
      197428
      197460
      197464
      197512
      197550
      197580
      197664
      197748
      197790
      197887
      197922
      197952
      197984
      198019
      198059
      198110
      198131
      198181
      198218
      198247
      198305
      198336
      198341
      198415
      198434
      198455
      198489
      198574
      198575
      198613
      198640
      198699
      198733
      198827
      198842
      198844
      198921
      199020
      199070
      199126
      199138
      199148
      199149
      199172
      199222
      199313
      199405
      199458
      199539
      199563
      199647
      199652
      199676
      199724
      199796
      199799
      199799
      199816
      199874
      199943
      199962
      200001
      200060
      200083
      200118
      200164
      200204
      200295
      200380
      200460
      200464
      200465
      200515
      200598
      200657
      200710
      200765
      200855
      200946
      200973
      200992
      201041
      201134
      201196
      201254
      201347
      201370
      201405
      201427
      201496
      201567
      201582
      201647
      201653
      201712
      201713
      201755
      201773
      201821
      201834
      201851
      201884
      201891
      201968
      202010
      202058
      202108
      202171
      202197
      202253
      202257
      202298
      202350
      202382
      202410
      202421
      202426
      202509
      202514
      202560
      202610
      202679
      202743
      202761
      202781
      202833
      202834
      202912
      202999
      203016
      203072
      203156
      203220
      203316
      203390
      203485
      203506
      203545
      203641
      203733
      203736
      203766
      203774
      203784
      203822
      203863
      203937
      203989
      204077
      204115
      204153
      204219
      204308
      204313
      204329
      204401
      204444
      204528
      204604
      204678
      204748
      204789
      204874
      204930
      205000
      205092
      205183
      205207
      205227
      205301
      205340
      205417
      205506
      205591
      205642
      205682
      205724
      205733
      205795
      205804
      205818
      205821
      205870
      205926
      205990
      206071
      206084
      206145
      206145
      206186
      206253
      206271
      206300
      206333
      206413
      206504
      206511
      206535
      206592
      206606
      206617
      206690
      206729
      206741
      206791
      206890
      206978
      207049
      207138
      207150
      207187
      207283
      207337
      207404
      207501
      207548
      207584
      207595
      207597
      207690
      207705
      207724
      207745
      207789
      207802
      207810
      207843
      207920
      207971
      207971
      207994
      208085
      208124
      208215
      208285
      208356
      208437
      208476
      208574
      208575
      208580
      208679
      208684
      208722
      208758
      208828
      208897
      208931
      208944
      209020
      209054
      209123
      209180
      209181
      209274
      209338
      209338
      209379
      209468
      209533
      209604
      209652
      209741
      209748
      209839
      209869
      209882
      209936
      210015
      210031
      210075
      210098
      210104
      210155
      210251
      210274
      210291
      210375
      210471
      210552
      210579
      210609
      210632
      210727
      210750
      210790
      210858
      210934
      210953
      211028
      211082
      211159
      211249
      211274
      211277
      211350
      211363
      211390
      211425
      211466
      211513
      211542
      211629
      211663
      211689
      211724
      211737
      211783
      211784
      211824
      211849
      211876
      211923
      212008
      212077
      212077
      212083
      212179
      212217
      212300
      212396
      212448
      212493
      212582
      212667
      212741
      212762
      212831
      212871
      212942
      212998
      213042
      213119
      213179
      213260
      213315
      213377
      213463
      213528
      213623
      213630
      213664
      213742
      213796
      213822
      213865
      213885
      213952
      213953
      213989
      214086
      214135
      214165
      214216
      214255
      214333
      214428
      214525
      214545
      214614
      214684
      214692
      214742
      214815
      214845
      214935
      215028
      215042
      215062
      215148
      215204
      215208
      215211
      215211
      215298
      215352
      215424
      215441
      215525
      215623
      215625
      215724
      215808
      215887
      215891
      215919
      215972
      215995
      216044
      216094
      216113
      216210
      216299
      216324
      216351
      216450
      216538
      216623
      216682
      216688
      216704
      216746
      216821
      216848
      216851
      216870
      216879
      216957
      217042
      217046
      217144
      217220
      217262
      217319
      217403
      217413
      217435
      217470
      217564
      217603
      217700
      217778
      217816
      217901
      217902
      217921
      218009
      218044
      218063
      218111
      218155
      218181
      218229
      218280
      218364
      218455
      218548
      218627
      218627
      218716
      218806
      218857
      218861
      218887
      218938
      218979
      219029
      219084
      219173
      219203
      219261
      219335
      219415
      219514
      219539
      219631
      219682
      219694
      219745
      219752
      219768
      219842
      219854
      219950
      220038
      220131
      220157
      220234
      220261
      220265
      220307
      220333
      220431
      220432
      220441
      220514
      220591
      220604
      220671
      220686
      220698
      220747
      220821
      220919
      220985
      221050
      221078
      221107
      221202
      221272
      221339
      221355
      221396
      221489
      221528
      221590
      221649
      221732
      221760
      221818
      221876
      221920
      221971
      222044
      222090
      222136
      222228
      222256
      222258
      222269
      222359
      222362
      222443
      222532
      222615
      222713
      222750
      222803
      222870
      222967
      223016
      223092
      223114
      223163
      223243
      223270
      223347
      223444
      223524
      223571
      223586
      223610
      223659
      223737
      223808
      223890
      223909
      223919
      224017
      224079
      224111
      224138
      224237
      224311
      224399
      224478
      224574
      224585
      224586
      224650
      224733
      224773
      224869
      224901
      224949
      224949
      225036
      225073
      225077
      225155
      225241
      225282
      225328
      225384
      225461
      225546
      225636
      225708
      225781
      225847
      225898
      225973
      226040
      226113
      226128
      226198
      226214
      226243
      226327
      226415
      226470
      226517
      226582
      226671
      226690
      226762
      226770
      226829
      226917
      226982
      227065
      227094
      227117
      227172
      227262
      227353
      227375
      227407
      227460
      227466
      227505
      227581
      227663
      227663
      227703
      227783
      227849
      227924
      227953
      227963
      228006
      228015
      228083
      228182
      228213
      228228
      228250
      228259
      228340
      228372
      228390
      228397
      228481
      228531
      228589
      228607
      228629
      228662
      228687
      228751
      228796
      228840
      228886
      228906
      228994
      229024
      229123
      229212
      229228
      229296
      229370
      229417
      229471
      229567
      229579
      229615
      229636
      229675
      229718
      229806
      229825
      229854
      229938
      229989
      230025
      230120
      230211
      230265
      230329
      230372
      230413
      230472
      230557
      230608
      230658
      230694
      230723
      230796
      230863
      230931
      231020
      231092
      231154
      231251
      231292
      231335
      231363
      231384
      231465
      231466
      231489
      231527
      231562
      231570
      231605
      231693
      231788
      231873
      231956
      232036
      232076
      232143
      232234
      232236
      232318
      232402
      232415
      232504
      232570
      232582
      232590
      232641
      232654
      232748
      232822
      232911
      232921
      232950
      233040
      233120
      233168
      233210
      233292
      233353
      233398
      233445
      233536
      233618
      233661
      233687
      233691
      233705
      233795
      233838
      233855
      233904
      233927
      234016
      234023
      234064
      234118
      234200
      234263
      234330
      234401
      234406
      234496
      234525
      234566
      234599
      234642
      234723
      234818
      234890
      234896
      234938
      234946
      234952
      234983
      235005
      235044
      235080
      235118
      235206
      235217
      235258
      235279
      235324
      235374
      235378
      235421
      235480
      235493
      235556
      235578
      235668
      235764
      235780
      235810
      235884
      235980
      236058
      236138
      236147
      236176
      236191
      236248
      236286
      236314
      236364
      236456
      236479
      236528
      236583
      236611
      236611
      236696
      236697
      236794
      236815
      236876
      236947
      237037
      237067
      237127
      237222
      237287
      237356
      237382
      237447
      237529
      237583
      237621
      237626
      237680
      237772
      237867
      237935
      237995
      238053
      238078
      238147
      238229
      238252
      238294
      238355
      238407
      238436
      238455
      238476
      238503
      238547
      238579
      238644
      238728
      238751
      238771
      238777
      238819
      238851
      238897
      238909
      238966
      238967
      239059
      239065
      239127
      239202
      239256
      239266
      239296
      239386
      239456
      239486
      239558
      239635
      239666
      239668
      239760
      239829
      239914
      239946
      240031
      240062
      240115
      240195
      240255
      240348
      240382
      240462
      240560
      240614
      240655
      240725
      240784
      240809
      240883
      240940
      241039
      241058
      241125
      241196
      241285
      241366
      241460
      241541
      241570
      241648
      241732
      241795
      241863
      241924
      241929
      241954
      241954
      242014
      242051
      242108
      242114
      242202
      242203
      242301
      242310
      242367
      242466
      242478
      242541
      242558
      242566
      242604
      242646
      242719
      242742
      242837
      242910
      242966
      243042
      243115
      243202
      243220
      243255
      243258
      243258
      243325
      243327
      243372
      243382
      243426
      243523
      243575
      243620
      243638
      243659
      243716
      243765
      243860
      243910
      243987
      244072
      244080
      244138
      244229
      244311
      244311
      244379
      244401
      244431
      244437
      244469
      244542
      244609
      244639
      244673
      244713
      244788
      244882
      244934
      244977
      244999
      245037
      245134
      245219
      245300
      245394
      245480
      245528
      245553
      245580
      245590
      245668
      245759
      245777
      245858
      245886
      245914
      245996
      246051
      246066
      246158
      246190
      246289
      246300
      246305
      246315
      246381
      246455
      246503
      246505
      246536
      246616
      246709
      246777
      246820
      246865
      246932
      247023
      247051
      247051
      247086
      247141
      247228
      247304
      247331
      247348
      247432
      247486
      247537
      247589
      247649
      247653
      247750
      247755
      247843
      247846
      247911
      247911
      247938
      247995
      248058
      248105
      248168
      248233
      248317
      248359
      248403
      248469
      248563
      248565
      248636
      248639
      248673
      248726
      248792
      248844
      248899
      248949
      248980
      249038
      249058
      249155
      249253
      249348
      249374
      249448
      249515
      249587
      249589
      249614
      249673
      249755
      249825
      249872
      249948
      250046
      250103
      250131
      250182
      250209
      250305
      250344
      250437
      250457
      250481
      250553
      250645
      250652
      250738
      250831
      250833
      250862
      250925
      250965
      251017
      251080
      251149
      251166
      251196
      251266
      251267
      251310
      251315
      251396
      251421
      251442
      251472
      251555
      251623
      251687
      251744
      251775
      251802
      251882
      251947
      252001
      252083
      252083
      252091
      252183
      252202
      252242
      252308
      252394
      252396
      252443
      252542
      252557
      252593
      252692
      252775
      252835
      252861
      252891
      252959
      253056
      253093
      253126
      253159
      253203
      253285
      253369
      253401
      253430
      253440
      253502
      253593
      253602
      253656
      253670
      253756
      253813
      253901
      253934
      254016
      254083
      254145
      254184
      254236
      254249
      254328
      254374
      254432
      254438
      254479
      254485
      254498
      254526
      254580
      254595
      254595
      254599
      254629
      254661
      254687
      254752
      254806
      254823
      254879
      254936
      255005
      255072
      255108
      255128
      255164
      255224
      255255
      255316
      255349
      255410
      255453
      255517
      255546
      255559
      255603
      255663
      255748
      255763
      255856
      255910
      255981
      255990
      256056
      256093
      256172
      256217
      256290
      256387
      256472
      256506
      256561
      256621
      256638
      256655
      256715
      256739
      256741
      256761
      256804
      256876
      256961
      256983
      257047
      257129
      257221
      257248
      257286
      257385
      257429
      257441
      257526
      257586
      257609
      257679
      257761
      257804
      257871
      257925
      257993
      258085
      258172
      258178
      258241
      258278
      258322
      258403
      258474
      258534
      258545
      258574
      258649
      258702
      258767
      258772
      258858
      258903
      258967
      259050
      259098
      259123
      259179
      259242
      259291
      259369
      259400
      259481
      259512
      259578
      259610
      259679
      259700
      259794
      259845
      259913
      259996
      260047
      260085
      260159
      260245
      260336
      260397
      260475
      260512
      260531
      260602
      260683
      260747
      260785
      260808
      260851
      260918
      260925
      261023
      261059
      261111
      261160
      261167
      261264
      261362
      261388
      261446
      261462
      261560
      261607
      261701
      261701
      261748
      261771
      261826
      261873
      261952
      262011
      262108
      262110
      262119
      262140
      262200
      262289
      262294
      262371
      262437
      262499
      262509
      262531
      262545
      262554
      262644
      262659
      262691
      262771
      262786
      262840
      262913
      263010
      263015
      263048
      263145
      263154
      263160
      263210
      263305
      263371
      263464
      263539
      263591
      263667
      263764
      263837
      263894
      263921
      263993
      264065
      264069
      264117
      264137
      264218
      264222
      264287
      264326
      264397
      264441
      264468
      264496
      264544
      264622
      264646
      264723
      264805
      264881
      264904
      264920
      264920
      264947
      264977
      264978
      265006
      265092
      265164
      265193
      265220
      265221
      265317
      265377
      265437
      265466
      265554
      265606
      265670
      265673
      265759
      265810
      265873
      265891
      265985
      266011
      266022
      266035
      266056
      266147
      266203
      266205
      266236
      266317
      266344
      266368
      266444
      266537
      266569
      266602
      266639
      266663
      266681
      266756
      266760
      266830
      266872
      266911
      266911
      266947
      267034
      267132
      267204
      267225
      267233
      267293
      267326
      267373
      267461
      267479
      267525
      267566
      267631
      267718
      267718
      267740
      267770
      267804
      267901
      267980
      268061
      268150
      268205
      268252
      268299
      268390
      268410
      268460
      268512
      268570
      268633
      268642
      268700
      268777
      268876
      268967
      269005
      269033
      269115
      269202
      269299
      269346
      269442
      269537
      269545
      269598
      269635
      269674
      269713
      269742
      269766
      269827
      269926
      269943
      270000
      270019
      270027
      270035
      270045
      270059
      270111
      270123
      270194
      270226
      270241
      270294
      270297
      270318
      270318
      270338
      270421
      270494
      270576
      270653
      270707
      270732
      270809
      270878
      270934
      270995
      271051
      271145
      271164
      271197
      271272
      271287
      271373
      271391
      271404
      271445
      271519
      271603
      271682
      271720
      271731
      271744
      271807
      271835
      271886
      271921
      271957
      272006
      272039
      272058
      272089
      272093
      272182
      272258
      272284
      272314
      272326
      272327
      272361
      272414
      272420
      272455
      272486
      272495
      272566
      272627
      272653
      272684
      272726
      272731
      272777
      272818
      272917
      272998
      273049
      273145
      273148
      273221
      273228
      273297
      273361
      273379
      273447
      273485
      273525
      273559
      273566
      273584
      273600
      273664
      273683
      273690
      273703
      273723
      273726
      273766
      273828
      273881
      273936
      273975
      274009
      274044
      274134
      274149
      274236
      274304
      274379
      274411
      274413
      274497
      274530
      274596
      274654
      274730
      274797
      274834
      274904
      274982
      274983
      275045
      275128
      275202
      275209
      275258
      275272
      275277
      275329
      275349
      275407
      275430
      275523
      275535
      275597
      275643
      275677
      275724
      275766
      275779
      275791
      275825
      275891
      275894
      275962
      276053
      276147
      276160
      276176
      276262
      276351
      276408
      276507
      276556
      276655
      276700
      276779
      276791
      276882
      276922
      276986
      277071
      277143
      277202
      277261
      277341
      277369
      277435
      277479
      277540
      277598
      277666
      277722
      277801
      277858
      277896
      277972
      278002
      278053
      278055
      278100
      278158
      278184
      278266
      278306
      278360
      278367
      278368
      278445
      278485
      278525
      278579
      278647
      278696
      278699
      278719
      278762
      278806
      278873
      278906
      279005
      279039
      279070
      279095
      279168
      279171
      279190
      279231
      279273
      279331
      279364
      279457
      279506
      279575
      279656
      279688
      279722
      279775
      279826
      279852
      279872
      279938
      279969
      280017
      280057
      280142
      280147
      280200
      280235
      280242
      280249
      280317
      280343
      280400
      280442
      280442
      280522
      280591
      280678
      280728
      280738
      280794
      280871
      280893
      280982
      280995
      281035
      281083
      281122
      281220
      281291
      281357
      281413
      281415
      281423
      281473
      281520
      281560
      281579
      281592
      281624
      281686
      281718
      281720
      281734
      281786
      281818
      281912
      281984
      282011
      282011
      282030
      282042
      282059
      282061
      282160
      282229
      282253
      282347
      282357
      282423
      282428
      282436
      282436
      282485
      282487
      282576
      282597
      282622
      282703
      282709
      282744
      282756
      282821
      282825
      282889
      282889
      282938
      282960
      283034
      283112
      283211
      283220
      283284
      283370
      283463
      283467
      283477
      283529
      283611
      283621
      283642
      283674
      283737
      283777
      283841
      283871
      283924
      284020
      284117
      284188
      284220
      284258
      284306
      284386
      284402
      284477
      284532
      284559
      284617
      284685
      284714
      284743
      284839
      284917
      284957
      284969
      285013
      285046
      285101
      285105
      285203
      285286
      285334
      285348
      285429
      285511
      285525
      285539
      285548
      285591
      285648
      285714
      285757
      285831
      285918
      285988
      285994
      286007
      286056
      286074
      286173
      286228
      286250
      286259
      286273
      286360
      286404
      286483
      286558
      286560
      286587
      286648
      286662
      286674
      286705
      286754
      286758
      286847
      286893
      286927
      287002
      287037
      287052
      287095
      287096
      287169
      287192
      287275
      287290
      287347
      287444
      287516
      287537
      287538
      287616
      287643
      287676
      287710
      287777
      287778
      287795
      287883
      287913
      287994
      288059
      288069
      288162
      288240
      288314
      288401
      288459
      288555
      288613
      288693
      288746
      288827
      288836
      288898
      288931
      288997
      289077
      289091
      289110
      289159
      289189
      289241
      289273
      289302
      289392
      289415
      289438
      289443
      289498
      289518
      289588
      289595
      289632
      289642
      289685
      289711
      289738
      289741
      289791
      289888
      289890
      289983
      290009
      290037
      290113
      290168
      290254
      290351
      290361
      290376
      290393
      290450
      290513
      290521
      290619
      290673
      290725
      290784
      290879
      290934
      291007
      291070
      291095
      291178
      291257
      291296
      291350
      291414
      291462
      291541
      291570
      291600
      291608
      291633
      291706
      291802
      291894
      291948
      291957
      292014
      292068
      292076
      292125
      292175
      292230
      292270
      292300
      292389
      292481
      292550
      292582
      292655
      292681
      292773
      292801
      292875
      292881
      292966
      292974
      292990
      293019
      293046
      293053
      293106
      293174
      293246
      293297
      293310
      293315
      293364
      293448
      293542
      293572
      293604
      293639
      293651
      293680
      293706
      293772
      293817
      293894
      293920
      293953
      294035
      294092
      294100
      294187
      294190
      294289
      294370
      294405
      294410
      294466
      294476
      294485
      294581
      294641
      294732
      294756
      294840
      294919
      294931
      295017
      295036
      295102
      295104
      295198
      295217
      295287
      295289
      295307
      295370
      295456
      295550
      295621
      295690
      295762
      295835
      295837
      295851
      295897
      295964
      295990
      296004
      296081
      296095
      296193
      296207
      296242
      296324
      296423
      296511
      296531
      296583
      296593
      296683
      296711
      296747
      296838
      296885
      296948
      297002
      297047
      297104
      297133
      297201
      297263
      297270
      297329
      297423
      297428
      297471
      297505
      297537
      297538
      297577
      297585
      297589
      297657
      297734
      297795
      297836
      297873
      297950
      297988
      298051
      298085
      298102
      298193
      298200
      298248
      298321
      298343
      298400
      298420
      298455
      298476
      298496
      298539
      298539
      298565
      298615
      298617
      298660
      298713
      298775
      298850
      298918
      298956
      299021
      299064
      299066
      299154
      299156
      299161
      299258
      299332
      299391
      299465
      299478
      299537
      299539
      299549
      299644
      299697
      299780
      299804
      299826
      299837
      299909
      299959
      300004
      300100
      300167
      300222
      300294
      300336
      300435
      300510
      300604
      300607
      300650
      300692
      300722
      300745
      300823
      300828
      300861
      300920
      301019
      301057
      301068
      301128
      301218
      301240
      301303
      301401
      301422
      301425
      301452
      301550
      301645
      301698
      301765
      301797
      301887
      301961
      302006
      302020
      302116
      302146
      302185
      302239
      302307
      302346
      302386
      302481
      302486
      302559
      302625
      302665
      302732
      302777
      302858
      302926
      302974
      303051
      303084
      303099
      303195
      303198
      303296
      303356
      303384
      303413
      303489
      303528
      303532
      303570
      303624
      303677
      303703
      303740
      303759
      303791
      303878
      303945
      303966
      303975
      303999
      304023
      304030
      304121
      304127
      304141
      304229
      304315
      304409
      304452
      304537
      304569
      304627
      304695
      304751
      304764
      304810
      304896
      304944
      304963
      305047
      305060
      305117
      305132
      305165
      305199
      305261
      305289
      305376
      305403
      305423
      305449
      305455
      305546
      305588
      305681
      305731
      305802
      305840
      305921
      305935
      305956
      306018
      306073
      306171
      306267
      306282
      306355
      306419
      306489
      306565
      306591
      306632
      306727
      306741
      306784
      306807
      306886
      306945
      306961
      307005
      307062
      307087
      307093
      307129
      307191
      307259
      307281
      307355
      307434
      307465
      307495
      307523
      307556
      307579
      307594
      307683
      307756
      307805
      307875
      307909
      307922
      307955
      308033
      308050
      308127
      308129
      308135
      308167
      308223
      308290
      308311
      308385
      308480
      308576
      308618
      308706
      308776
      308785
      308881
      308923
      308963
      308976
      308982
      309044
      309099
      309123
      309151
      309249
      309306
      309380
      309397
      309400
      309416
      309455
      309553
      309603
      309665
      309717
      309785
      309834
      309914
      309918
      309978
      310073
      310114
      310152
      310248
      310250
      310325
      310369
      310382
      310471
      310568
      310614
      310634
      310672
      310691
      310692
      310700
      310776
      310809
      310813
      310860
      310959
      310974
      311049
      311135
      311179
      311275
      311371
      311457
      311462
      311474
      311500
      311584
      311649
      311693
      311773
      311850
      311910
      311975
      312034
      312038
      312112
      312188
      312251
      312286
      312343
      312437
      312526
      312570
      312603
      312617
      312694
      312785
      312800
      312893
      312948
      313003
      313023
      313065
      313160
      313178
      313247
      313261
      313275
      313317
      313342
      313388
      313477
      313526
      313611
      313654
      313731
      313785
      313797
      313840
      313871
      313875
      313942
      314011
      314080
      314091
      314167
      314243
      314256
      314259
      314339
      314367
      314397
      314402
      314410
      314420
      314514
      314601
      314616
      314628
      314694
      314777
      314784
      314784
      314809
      314907
      314931
      314967
      315049
      315074
      315127
      315176
      315237
      315310
      315341
      315429
      315442
      315529
      315565
      315614
      315661
      315759
      315782
      315864
      315954
      316016
      316096
      316113
      316196
      316294
      316389
      316441
      316454
      316536
      316565
      316600
      316691
      316744
      316755
      316804
      316838
      316850
      316897
      316927
      316960
      317028
      317045
      317119
      317196
      317294
      317366
      317432
      317456
      317504
      317548
      317596
      317602
      317699
      317761
      317764
      317841
      317909
      317941
      317962
      318015
      318079
      318107
      318201
      318230
      318286
      318313
      318378
      318470
      318474
      318553
      318618
      318627
      318655
      318656
      318750
      318786
      318884
      318903
      318913
      318959
      319013
      319023
      319044
      319118
      319125
      319152
      319214
      319257
      319311
      319359
      319389
      319389
      319435
      319531
      319561
      319579
      319675
      319756
      319835
      319916
      320009
      320028
      320034
      320105
      320138
      320221
      320308
      320372
      320415
      320476
      320563
      320583
      320615
      320687
      320708
      320745
      320839
      320914
      320921
      320979
      320999
      321090
      321127
      321153
      321227
      321238
      321255
      321269
      321270
      321342
      321437
      321503
      321519
      321546
      321560
      321582
      321673
      321689
      321755
      321792
      321815
      321824
      321855
      321950
      322023
      322037
      322091
      322168
      322173
      322262
      322297
      322304
      322341
      322416
      322454
      322550
      322596
      322599
      322641
      322693
      322767
      322777
      322790
      322872
      322920
      322934
      323015
      323027
      323067
      323117
      323143
      323157
      323185
      323193
      323274
      323284
      323371
      323461
      323495
      323539
      323547
      323636
      323711
      323797
      323853
      323914
      324012
      324047
      324090
      324120
      324180
      324270
      324336
      324378
      324434
      324444
      324534
      324598
      324616
      324676
      324738
      324817
      324868
      324948
      324991
      325066
      325140
      325170
      325260
      325349
      325424
      325440
      325484
      325583
      325601
      325614
      325659
      325750
      325788
      325835
      325925
      325977
      326046
      326068
      326094
      326104
      326182
      326202
      326207
      326302
      326365
      326387
      326421
      326461
      326485
      326528
      326536
      326580
      326650
      326724
      326749
      326826
      326908
      326911
      326973
      327052
      327150
      327176
      327208
      327266
      327291
      327297
      327300
      327354
      327394
      327403
      327468
      327503
      327578
      327659
      327670
      327757
      327831
      327923
      327923
      327967
      328019
      328039
      328137
      328178
      328212
      328214
      328293
      328330
      328410
      328455
      328483
      328574
      328599
      328622
      328647
      328740
      328838
      328876
      328926
      328931
      328977
      328991
      329080
      329167
      329186
      329201
      329206
      329243
      329293
      329309
      329372
      329453
      329490
      329536
      329600
      329609
      329693
      329774
      329837
      329936
      330013
      330045
      330075
      330096
      330141
      330198
      330297
      330324
      330370
      330463
      330498
      330557
      330560
      330652
      330749
      330840
      330920
      330981
      331057
      331145
      331224
      331296
      331364
      331403
      331408
      331449
      331483
      331580
      331643
      331654
      331662
      331699
      331738
      331795
      331893
      331960
      332004
      332084
      332158
      332158
      332204
      332228
      332267
      332307
      332371
      332408
      332425
      332459
      332540
      332556
      332589
      332598
      332679
      332752
      332774
      332871
      332946
      332975
      332991
      333024
      333060
      333063
      333086
      333172
      333182
      333199
      333281
      333334
      333377
      333432
      333454
      333455
      333554
      333640
      333641
      333656
      333723
      333752
      333758
      333824
      333854
      333891
      333942
      334003
      334059
      334116
      334205
      334252
      334284
      334345
      334442
      334516
      334554
      334597
      334607
      334666
      334742
      334745
      334808
      334861
      334877
      334932
      335014
      335102
      335179
      335199
      335254
      335318
      335326
      335343
      335364
      335386
      335467
      335513
      335540
      335631
      335661
      335723
      335791
      335868
      335915
      335943
      335995
      336011
      336035
      336037
      336125
      336174
      336246
      336299
      336352
      336356
      336454
      336504
      336528
      336546
      336560
      336651
      336664
      336748
      336843
      336912
      336982
      336989
      337006
      337090
      337172
      337207
      337209
      337234
      337244
      337337
      337405
      337408
      337492
      337564
      337591
      337622
      337636
      337668
      337746
      337786
      337841
      337908
      337983
      337996
      337999
      338065
      338100
      338175
      338225
      338280
      338318
      338364
      338409
      338439
      338527
      338581
      338625
      338631
      338716
      338803
      338881
      338953
      338992
      339043
      339076
      339109
      339176
      339254
      339270
      339354
      339414
      339513
      339548
      339559
      339620
      339637
      339696
      339752
      339763
      339822
      339877
      339944
      340011
      340026
      340066
      340162
      340209
      340232
      340327
      340369
      340447
      340541
      340549
      340610
      340657
      340671
      340704
      340713
      340759
      340833
      340911
      340942
      340953
      341042
      341138
      341158
      341207
      341228
      341318
      341331
      341412
      341444
      341477
      341489
      341502
      341514
      341586
      341657
      341744
      341753
      341838
      341910
      341945
      341949
      341950
      341980
      341996
      342089
      342169
      342226
      342290
      342331
      342413
      342505
      342522
      342534
      342583
      342682
      342758
      342772
      342780
      342873
      342966
      343063
      343126
      343167
      343184
      343231
      343283
      343331
      343376
      343428
      343479
      343506
      343555
      343614
      343690
      343699
      343782
      343784
      343859
      343861
      343863
      343922
      343994
      344064
      344118
      344182
      344215
      344258
      344353
      344383
      344387
      344470
      344476
      344561
      344639
      344658
      344716
      344797
      344863
      344937
      344976
      345002
      345030
      345107
      345119
      345149
      345230
      345235
      345284
      345345
      345390
      345435
      345460
      345521
      345536
      345584
      345679
      345685
      345751
      345795
      345887
      345891
      345947
      346030
      346061
      346067
      346139
      346214
      346254
      346261
      346269
      346363
      346446
      346544
      346621
      346689
      346767
      346799
      346867
      346881
      346977
      346987
      347055
      347061
      347125
      347213
      347223
      347224
      347254
      347294
      347347
      347432
      347517
      347589
      347618
      347710
      347805
      347846
      347924
      347954
      348023
      348122
      348220
      348258
      348263
      348333
      348337
      348352
      348435
      348504
      348509
      348540
      348614
      348641
      348732
      348801
      348846
      348890
      348975
      349065
      349077
      349101
      349129
      349133
      349170
      349188
      349273
      349279
      349329
      349399
      349454
      349488
      349494
      349502
      349550
      349553
      349623
      349681
      349762
      349812
      349845
      349884
      349958
      350047
      350127
      350203
      350268
      350362
      350412
      350496
      350497
      350550
      350593
      350604
      350642
      350716
      350805
      350823
      350878
      350887
      350900
      350927
      350944
      351024
      351054
      351072
      351111
      351208
      351291
      351360
      351440
      351474
      351486
      351542
      351636
      351643
      351655
      351714
      351797
      351874
      351928
      352021
      352037
      352047
      352121
      352151
      352190
      352272
      352371
      352427
      352478
      352527
      352542
      352609
      352638
      352680
      352708
      352726
      352802
      352814
      352906
      352975
      353046
      353061
      353103
      353132
      353162
      353252
      353264
      353281
      353300
      353354
      353415
      353417
      353426
      353513
      353605
      353655
      353705
      353749
      353769
      353855
      353918
      353959
      353973
      354001
      354055
      354070
      354072
      354133
      354135
      354167
      354193
      354208
      354249
      354317
      354348
      354406
      354469
      354552
      354640
      354661
      354668
      354702
      354702
      354708
      354802
      354829
      354869
      354954
      354955
      355014
      355024
      355088
      355157
      355215
      355293
      355322
      355355
      355401
      355437
      355501
      355526
      355577
      355609
      355640
      355730
      355753
      355804
      355860
      355936
      356033
      356034
      356054
      356058
      356155
      356223
      356276
      356291
      356344
      356409
      356443
      356488
      356557
      356586
      356593
      356621
      356674
      356732
      356777
      356869
      356952
      357051
      357104
      357105
      357126
      357198
      357287
      357352
      357366
      357461
      357535
      357586
      357645
      357645
      357653
      357672
      357697
      357704
      357740
      357741
      357752
      357798
      357842
      357843
      357928
      358007
      358078
      358116
      358204
      358239
      358266
      358359
      358446
      358487
      358527
      358552
      358620
      358667
      358737
      358804
      358892
      358920
      358931
      358951
      358976
      359031
      359067
      359109
      359132
      359223
      359238
      359269
      359317
      359386
      359460
      359531
      359551
      359591
      359631
      359662
      359692
      359753
      359765
      359830
      359925
      359948
      360014
      360102
      360133
      360229
      360250
      360271
      360364
      360400
      360493
      360537
      360573
      360634
      360707
      360725
      360767
      360801
      360898
      360919
      360974
      361070
      361133
      361196
      361243
      361251
      361271
      361370
      361448
      361485
      361569
      361571
      361616
      361699
      361761
      361848
      361879
      361887
      361937
      361957
      361976
      362016
      362033
      362037
      362114
      362150
      362206
      362245
      362313
      362376
      362381
      362438
      362472
      362525
      362578
      362609
      362611
      362691
      362782
      362804
      362845
      362848
      362942
      362956
      362975
      363034
      363060
      363145
      363172
      363177
      363229
      363271
      363368
      363396
      363476
      363499
      363536
      363556
      363622
      363669
      363685
      363689
      363697
      363743
      363837
      363927
      364003
      364031
      364043
      364077
      364119
      364149
      364175
      364236
      364238
      364243
      364340
      364392
      364475
      364568
      364650
      364745
      364745
      364775
      364821
      364879
      364914
      364929
      365006
      365079
      365152
      365161
      365231
      365238
      365328
      365378
      365431
      365505
      365555
      365578
      365665
      365668
      365717
      365793
      365844
      365847
      365880
      365913
      365928
      366017
      366022
      366085
      366148
      366169
      366172
      366220
      366231
      366298
      366344
      366365
      366401
      366404
      366489
      366588
      366615
      366622
      366676
      366708
      366734
      366799
      366846
      366850
      366883
      366940
      367008
      367014
      367084
      367132
      367162
      367162
      367226
      367260
      367346
      367405
      367482
      367526
      367581
      367614
      367617
      367632
      367726
      367739
      367833
      367840
      367896
      367899
      367932
      367943
      368035
      368071
      368124
      368191
      368217
      368272
      368286
      368333
      368384
      368394
      368464
      368538
      368577
      368616
      368712
      368774
      368794
      368809
      368881
      368895
      368952
      369037
      369092
      369180
      369246
      369270
      369273
      369329
      369423
      369484
      369560
      369615
      369688
      369786
      369812
      369818
      369850
      369867
      369939
      369997
      370054
      370058
      370096
      370137
      370223
      370277
      370368
      370426
      370429
      370429
      370478
      370487
      370535
      370605
      370662
      370750
      370764
      370863
      370879
      370908
      370958
      371040
      371044
      371116
      371185
      371264
      371276
      371290
      371368
      371461
      371504
      371535
      371586
      371674
      371719
      371760
      371848
      371909
      371987
      372075
      372124
      372168
      372221
      372319
      372342
      372401
      372486
      372584
      372679
      372734
      372826
      372828
      372899
      372991
      373035
      373123
      373198
      373291
      373355
      373392
      373479
      373494
      373546
      373609
      373672
      373694
      373766
      373781
      373857
      373956
      374024
      374120
      374144
      374210
      374244
      374247
      374319
      374374
      374448
      374462
      374513
      374601
      374673
      374743
      374762
      374859
      374876
      374898
      374947
      374961
      375040
      375105
      375194
      375227
      375268
      375361
      375441
      375496
      375592
      375593
      375615
      375664
      375690
      375710
      375780
      375852
      375924
      375940
      375997
      376026
      376043
      376080
      376158
      376210
      376287
      376316
      376383
      376425
      376467
      376505
      376520
      376582
      376659
      376685
      376714
      376809
      376905
      376989
      377046
      377052
      377132
      377213
      377268
      377300
      377372
      377374
      377398
      377424
      377428
      377518
      377566
      377637
      377693
      377737
      377773
      377816
      377845
      377879
      377889
      377943
      377982
      378063
      378121
      378179
      378245
      378292
      378341
      378352
      378369
      378401
      378442
      378468
      378560
      378630
      378682
      378758
      378819
      378857
      378859
      378935
      378963
      379014
      379107
