          12
          93
         169
         240
         243
         285
         333
         360
         443
         450
         451
         477
         557
         646
         731
         782
         788
         876
         924
         986
        1041
        1063
        1150
        1225
        1288
        1318
        1417
        1506
        1545
        1587
        1674
        1708
        1727
        1748
        1833
        1871
        1932
        2005
        2026
        2041
        2099
        2136
        2170
        2187
        2190
        2240
        2253
        2264
        2333
        2379
        2383
        2439
        2510
        2551
        2637
        2689
        2787
        2843
        2888
        2945
        3028
        3051
        3055
        3139
        3142
        3148
        3157
        3229
        3318
        3416
        3467
        3543
        3604
        3686
        3686
        3704
        3783
        3786
        3870
        3923
        3988
        4030
        4107
        4193
        4249
        4298
        4325
        4329
        4363
        4364
        4411
        4479
        4530
        4603
        4688
        4705
        4754
        4778
        4802
        4839
        4842
        4903
        4982
        5011
        5086
        5180
        5258
        5267
        5360
        5425
        5431
        5520
        5609
        5652
        5680
        5763
        5775
        5870
        5925
        5982
        6071
        6136
        6205
        6252
        6349
        6379
        6450
        6450
        6471
        6565
        6628
        6631
        6724
        6790
        6830
        6872
        6957
        7005
        7081
        7116
        7145
        7181
        7270
        7274
        7306
        7378
        7425
        7522
        7594
        7626
        7708
        7795
        7815
        7820
        7904
        7951
        8017
        8080
        8122
        8193
        8256
        8296
        8315
        8338
        8406
        8470
        8523
        8550
        8648
        8724
        8792
        8855
        8928
        8939
        8941
        9040
        9118
        9142
        9164
        9256
        9344
        9354
        9370
        9454
        9489
        9549
        9570
        9598
        9628
        9697
        9780
        9792
        9842
        9888
        9975
        9980
       10048
       10127
       10171
       10208
       10283
       10357
       10420
       10435
       10522
       10531
       10576
       10593
       10608
       10699
       10779
       10819
       10846
       10903
       10904
       10978
       11053
       11081
       11097
       11183
       11258
       11283
       11372
       11413
       11476
       11485
       11540
       11571
       11601
       11636
       11660
       11751
       11774
       11842
       11904
       11983
       11984
       12073
       12133
       12190
       12244
       12280
       12315
       12386
       12442
       12468
       12468
       12547
       12564
       12584
       12667
       12755
       12813
       12890
       12899
       12940
       12956
       13044
       13074
       13085
       13136
       13181
       13195
       13236
       13238
       13324
       13404
       13461
       13493
       13574
       13602
       13700
       13734
       13742
       13758
       13794
       13832
       13869
       13880
       13965
       14052
       14115
       14132
       14164
       14199
       14232
       14266
       14299
       14303
       14361
       14432
       14456
       14552
       14632
       14698
       14722
       14746
       14754
       14809
       14898
       14994
       15000
       15091
       15091
       15171
       15175
       15257
       15312
       15356
       15364
       15387
       15430
       15477
       15574
       15578
       15581
       15636
       15664
       15667
       15713
       15737
       15793
       15824
       15895
       15931
       15968
       16026
       16082
       16159
       16244
       16267
       16299
       16382
       16402
       16448
       16468
       16507
       16561
       16625
       16710
       16758
       16830
       16833
       16837
       16902
       16985
       17016
       17034
       17082
       17145
       17164
       17237
       17333
       17402
       17487
       17503
       17544
       17563
       17600
       17633
       17661
       17747
       17810
       17872
       17892
       17971
       17988
       18057
       18091
       18145
       18214
       18259
       18262
       18332
       18418
       18452
       18517
       18538
       18545
       18575
       18633
       18633
       18684
       18704
       18742
       18755
       18774
       18855
       18900
       18944
       19023
       19104
       19120
       19138
       19180
       19270
       19323
       19338
       19414
       19414
       19511
       19589
       19615
       19647
       19691
       19753
       19763
       19823
       19894
       19914
       19983
       20024
       20079
       20171
       20182
       20232
       20259
       20324
       20335
       20350
       20410
       20502
       20510
       20540
       20601
       20679
       20776
       20790
       20862
       20883
       20919
       20947
       20988
       21053
       21134
       21155
       21163
       21167
       21237
       21250
       21306
       21362
       21402
       21485
       21581
       21654
       21659
       21691
       21749
       21794
       21801
       21841
       21875
       21901
       21991
       22050
       22097
       22125
       22215
       22307
       22332
       22411
       22483
       22569
       22598
       22662
       22673
       22673
       22711
       22727
       22762
       22822
       22844
       22909
       22979
       23036
       23120
       23219
       23243
       23277
       23298
       23302
       23328
       23366
       23395
       23430
       23470
       23527
       23605
       23703
       23749
       23814
       23823
       23863
       23940
       23956
       24046
       24107
       24114
       24199
       24278
       24299
       24302
       24399
       24495
       24594
       24674
       24681
       24733
       24760
       24804
       24870
       24937
       24941
       24970
       25001
       25001
       25037
       25096
       25117
       25213
       25222
       25246
       25246
       25280
       25340
       25438
       25510
       25527
       25620
       25637
       25700
       25751
       25765
       25835
       25897
       25899
       25980
       26069
       26079
       26088
       26101
       26147
       26184
       26273
       26318
       26411
       26463
       26496
       26580
       26678
       26689
       26738
       26775
       26795
       26860
       26878
       26896
       26963
       26984
       27070
       27122
       27196
       27254
       27324
       27397
       27400
       27454
       27528
       27586
       27606
       27669
       27677
       27766
       27809
       27860
       27909
       28004
       28004
       28023
       28032
       28131
       28202
       28235
       28283
       28353
       28444
       28507
       28518
       28605
       28663
       28739
       28807
       28840
       28870
       28920
       28930
       29009
       29038
       29127
       29184
       29257
       29262
       29333
       29372
       29423
       29438
       29455
       29489
       29498
       29585
       29667
       29755
       29763
       29825
       29910
       29968
       29977
       30022
       30084
       30142
       30220
       30313
       30371
       30379
       30464
       30556
       30652
       30681
       30736
       30828
       30864
       30885
       30960
       30983
       31080
       31156
       31243
       31291
       31383
       31449
       31520
       31554
       31604
       31659
       31719
       31810
       31874
       31931
       31979
       32016
       32040
       32102
       32167
       32243
       32339
       32353
       32383
       32447
       32476
       32507
       32519
       32564
       32655
       32672
       32768
       32795
       32853
       32941
       33016
       33020
       33085
       33115
       33160
       33221
       33316
       33331
       33401
       33432
       33524
       33623
       33695
       33708
       33726
       33821
       33873
       33893
       33949
       33981
       34041
       34121
       34160
       34160
       34231
       34320
       34358
       34404
       34447
       34543
       34587
       34597
       34652
       34728
       34764
       34828
       34875
       34968
       35016
       35037
       35104
       35154
       35165
       35173
       35259
       35336
       35350
       35363
       35431
       35435
       35482
       35527
       35592
       35627
       35668
       35718
       35743
       35759
       35856
       35856
       35921
       35978
       35994
       36056
       36119
       36149
       36170
       36258
       36272
       36362
       36388
       36417
       36450
       36517
       36544
       36624
       36680
       36722
       36752
       36846
       36929
       36968
       37010
       37106
       37197
       37267
       37350
       37438
       37508
       37571
       37607
       37634
       37726
       37726
       37807
       37808
       37851
       37870
       37929
       37959
       38027
       38100
       38132
       38136
       38188
       38204
       38219
       38294
       38331
       38360
       38436
       38486
       38516
       38592
       38620
       38634
       38733
       38742
       38836
       38893
       38972
       38981
       39045
       39077
       39148
       39149
       39224
       39274
       39288
       39353
       39424
       39425
       39497
       39539
       39606
       39644
       39724
       39760
       39791
       39836
       39913
       39992
       40020
       40034
       40085
       40096
       40139
       40142
       40174
       40211
       40234
       40279
       40322
       40388
       40418
       40461
       40524
       40622
       40674
       40682
       40694
       40702
       40797
       40892
       40984
       41068
       41082
       41176
       41246
       41338
       41405
       41455
       41493
       41517
       41603
       41647
       41705
       41717
       41735
       41737
       41796
       41807
       41899
       41953
       42041
       42063
       42072
       42158
       42238
       42263
       42291
       42319
       42341
       42421
       42449
       42523
       42537
       42595
       42638
       42719
       42741
       42775
       42806
       42851
       42929
       42954
       42994
       43044
       43107
       43128
       43156
       43249
       43279
       43304
       43377
       43409
       43436
       43500
       43543
       43634
       43720
       43726
       43808
       43889
       43925
       43972
       44050
       44133
       44158
       44178
       44189
       44208
       44246
       44325
       44387
       44387
       44400
       44433
       44523
       44575
       44665
       44685
       44719
       44770
       44781
       44821
       44821
       44822
       44844
       44937
       44976
       44998
       45063
       45094
       45127
       45156
       45175
       45217
       45288
       45315
       45390
       45447
       45496
       45561
       45656
       45693
       45705
       45752
       45816
       45898
       45940
       45971
       45987
       46062
       46074
       46113
       46208
       46249
       46321
       46393
       46395
       46440
       46478
       46568
       46608
       46673
       46696
       46757
       46774
       46795
       46820
       46907
       46930
       47008
       47084
       47153
       47240
       47299
       47356
       47440
       47486
       47509
       47596
       47617
       47712
       47760
       47818
       47898
       47991
       48054
       48125
       48198
       48236
       48311
       48385
       48471
       48473
       48515
       48559
       48579
       48634
       48728
       48792
       48835
       48900
       48909
       48984
       48987
       49063
       49088
       49150
       49180
       49248
       49297
       49329
       49345
       49415
       49487
       49563
       49660
       49697
       49739
       49758
       49856
       49919
       49947
       50033
       50097
       50113
       50186
       50203
       50301
       50336
       50396
       50466
       50546
       50581
       50639
       50722
       50741
       50789
       50810
       50815
       50840
       50889
       50965
       51062
       51092
       51099
       51155
       51183
       51276
       51343
       51382
       51480
       51511
       51560
       51613
       51673
       51715
       51773
       51850
       51894
       51896
       51936
       51982
       51988
       52002
       52003
       52040
       52121
       52187
       52241
       52320
       52373
       52400
       52471
       52559
       52563
       52576
       52660
       52664
       52677
       52730
       52740
       52755
       52844
       52933
       52981
       52997
       53018
       53057
       53070
       53145
       53175
       53189
       53244
       53255
       53322
       53376
       53417
       53485
       53579
       53638
       53735
       53789
       53827
       53888
       53906
       53950
       53955
       54003
       54090
       54157
       54252
       54310
       54344
       54415
       54439
       54502
       54520
       54578
       54654
       54676
       54723
       54775
       54863
       54943
       55028
       55048
       55086
       55123
       55188
       55244
       55306
       55397
       55444
       55541
       55615
       55689
       55756
       55827
       55905
       55910
       55921
       55923
       56013
       56099
       56125
       56148
       56153
       56237
       56296
       56296
       56343
       56418
       56450
       56519
       56537
       56612
       56672
       56735
       56819
       56861
       56865
       56924
       57010
       57107
       57133
       57185
       57222
       57266
       57315
       57404
       57477
       57561
       57629
       57633
       57672
       57676
       57684
       57758
       57822
       57846
       57922
       57955
       57997
       58009
       58092
       58186
       58202
       58267
       58344
       58392
       58469
       58512
       58513
       58604
       58656
       58736
       58831
       58892
       58954
       58957
       59040
       59113
       59169
       59207
       59254
       59351
       59433
       59477
       59538
       59563
       59563
       59645
       59683
       59767
       59848
       59927
       59938
       59940
       60035
       60101
       60151
       60161
       60259
       60274
       60312
       60407
       60472
       60488
       60508
       60553
       60556
       60644
       60688
       60760
       60761
       60847
       60919
       60948
       60997
       61011
       61051
       61100
       61196
       61199
       61274
       61302
       61355
       61366
       61427
       61508
       61573
       61651
       61721
       61722
       61723
       61789
       61886
       61935
       62029
       62080
       62089
       62121
       62201
       62295
       62373
       62469
       62552
       62600
       62674
       62749
       62751
       62835
       62876
       62901
       62949
       63025
       63101
       63115
       63180
       63237
       63270
       63357
       63361
       63443
       63502
       63588
       63605
       63676
       63706
       63805
       63844
       63929
       63967
       64062
       64099
       64173
       64239
       64267
       64349
       64421
       64511
       64586
       64684
       64692
       64751
       64763
       64806
       64886
       64957
       65010
       65039
       65132
       65181
       65188
       65250
       65330
       65422
       65490
       65522
       65560
       65646
       65690
       65692
       65764
       65775
       65810
       65823
       65879
       65940
       66007
       66010
       66082
       66105
       66163
       66200
       66292
       66369
       66385
       66428
       66437
       66508
       66514
       66586
       66647
       66680
       66758
       66852
       66872
       66909
       66922
       66979
       66981
       67024
       67105
       67170
       67194
       67228
       67297
       67374
       67391
       67478
       67546
       67551
       67637
       67638
       67650
       67712
       67799
       67804
       67884
       67949
       68005
       68049
       68061
       68070
       68087
       68138
       68159
       68234
       68286
       68310
       68329
       68386
       68446
       68446
       68505
       68585
       68639
       68699
       68755
       68757
       68807
       68819
       68841
       68923
       68955
       69015
       69034
       69093
       69112
       69152
       69237
       69289
       69301
       69311
       69324
       69395
       69432
       69439
       69516
       69567
       69611
       69626
       69639
       69658
       69740
       69794
       69823
       69861
       69862
       69931
       69952
       69985
       70065
       70132
       70151
       70205
       70304
       70372
       70439
       70466
       70493
       70589
       70622
       70639
       70706
       70793
       70883
       70933
       70949
       70967
       71014
       71110
       71147
       71237
       71267
       71304
       71391
       71411
       71444
       71483
       71576
       71590
       71595
       71661
       71750
       71796
       71824
       71836
       71882
       71926
       71932
       71984
       72041
       72130
       72211
       72302
       72397
       72472
       72538
       72558
       72632
       72708
       72765
       72813
       72857
       72870
       72871
       72919
       72991
       73031
       73101
       73174
       73209
       73250
       73296
       73355
       73415
       73506
       73536
       73613
       73690
       73703
       73744
       73769
       73800
       73835
       73918
       74002
       74072
       74095
       74173
       74254
       74291
       74297
       74356
       74385
       74478
       74542
       74597
       74673
       74675
       74706
       74707
       74714
       74809
       74814
       74873
       74881
       74901
       74973
       74980
       75039
       75122
       75171
       75199
       75270
       75320
       75392
       75486
       75555
       75558
       75592
       75598
       75684
       75729
       75809
       75812
       75813
       75890
       75934
       75997
       76071
       76165
       76210
       76306
       76347
       76396
       76486
       76518
       76612
       76708
       76714
       76742
       76796
       76885
       76928
       77000
       77095
       77108
       77206
       77230
       77251
       77290
       77298
       77309
       77346
       77391
       77411
       77507
       77524
       77548
       77594
       77691
       77754
       77820
       77888
       77921
       78020
       78046
       78102
       78185
       78202
       78288
       78294
       78306
       78340
       78403
       78464
       78510
       78561
       78599
       78612
       78707
       78798
       78810
       78880
       78966
       78968
       79026
       79051
       79105
       79141
       79198
       79288
       79379
       79471
       79539
       79625
       79690
       79770
       79778
       79817
       79895
       79942
       80009
       80103
       80150
       80228
       80317
       80396
       80488
       80531
       80625
       80717
       80776
       80842
       80856
       80934
       81007
       81008
       81059
       81086
       81139
       81152
       81233
       81284
       81364
       81460
       81493
       81553
       81584
       81670
       81753
       81765
       81785
       81827
       81917
       81982
       82029
       82042
       82077
       82121
       82129
       82176
       82263
       82297
       82373
       82412
       82470
       82546
       82642
       82662
       82682
       82695
       82710
       82779
       82861
       82955
       82962
       83040
       83078
       83121
       83218
       83231
       83240
       83263
       83328
       83345
       83438
       83509
       83532
       83547
       83633
       83725
       83789
       83835
       83851
       83913
       83951
       84008
       84054
       84139
       84168
       84260
       84343
       84427
       84497
       84576
       84638
       84725
       84772
       84801
       84849
       84883
       84961
       85020
       85035
       85100
       85109
       85200
       85266
       85288
       85323
       85398
       85436
       85478
       85491
       85545
       85615
       85686
       85771
       85850
       85942
       86004
       86082
       86170
       86197
       86251
       86317
       86366
       86455
       86455
       86478
       86567
       86661
       86674
       86737
       86828
       86847
       86897
       86934
       87008
       87066
       87141
       87231
       87252
       87326
       87396
       87400
       87449
       87465
       87467
       87488
       87548
       87551
       87576
       87648
       87676
       87752
       87823
       87823
       87918
       87919
       87995
       88088
       88167
       88263
       88333
       88374
       88391
       88417
       88418
       88431
       88451
       88455
       88456
       88472
       88546
       88564
       88583
       88611
       88640
       88661
       88696
       88696
       88704
       88732
       88824
       88849
       88875
       88885
       88907
       89004
       89005
       89098
       89156
       89196
       89248
       89265
       89280
       89312
       89330
       89406
       89409
       89466
       89548
       89586
       89630
       89640
       89684
       89714
       89763
       89792
       89812
       89841
       89927
       89929
       89950
       89998
       90043
       90049
       90075
       90077
       90142
       90160
       90190
       90214
       90263
       90288
       90375
       90433
       90499
       90534
       90542
       90569
       90599
       90599
       90605
       90624
       90659
       90720
       90766
       90773
       90787
       90846
       90936
       90939
       90981
       91027
       91122
       91132
       91166
       91214
       91276
       91369
       91455
       91501
       91547
       91582
       91634
       91717
       91736
       91833
       91915
       92013
       92022
       92117
       92202
       92272
       92345
       92427
       92490
       92544
       92599
       92691
       92788
       92875
       92956
       93004
       93037
       93058
       93121
       93220
       93241
       93331
       93381
       93459
       93528
       93577
       93665
       93686
       93759
       93791
       93791
       93882
       93897
       93902
       93997
       94063
       94106
       94158
       94195
       94214
       94233
       94249
       94319
       94382
       94464
       94545
       94567
       94639
       94726
       94798
       94856
       94889
       94894
       94961
       95027
       95071
       95071
       95134
       95196
       95291
       95321
       95356
       95423
       95465
       95476
       95537
       95582
       95637
       95666
       95744
       95761
       95782
       95786
       95840
       95879
       95941
       95968
       96000
       96005
       96082
       96108
       96163
       96178
       96247
       96262
       96302
       96352
       96422
       96499
       96550
       96582
       96614
       96677
       96686
       96761
       96859
       96918
       96982
       97025
       97119
       97124
       97222
       97246
       97247
       97274
       97304
       97361
       97386
       97387
       97462
       97551
       97640
       97681
       97777
       97818
       97888
       97976
       98013
       98032
       98094
       98095
       98179
       98214
       98273
       98355
       98387
       98424
       98505
       98514
       98583
       98621
       98657
       98702
       98798
       98891
       98981
       99050
       99088
       99096
       99155
       99210
       99252
       99343
       99372
       99381
       99469
       99500
       99521
       99598
       99693
       99740
       99753
       99784
       99883
       99930
       99956
      100050
      100056
      100118
      100168
      100201
      100285
      100310
      100367
      100454
      100477
      100530
      100616
      100708
      100752
      100817
      100842
      100873
      100889
      100913
      100931
      100966
      101051
      101131
      101133
      101220
      101281
      101330
      101418
      101470
      101526
      101611
      101664
      101708
      101773
      101780
      101806
      101837
      101895
      101923
      101964
      101968
      102027
      102099
      102107
      102120
      102135
      102214
      102273
      102342
      102436
      102475
      102520
      102536
      102566
      102593
      102605
      102667
      102694
      102716
      102767
      102817
      102868
      102901
      102992
      102995
      103083
      103161
      103186
      103277
      103375
      103420
      103472
      103496
      103560
      103645
      103674
      103698
      103768
      103866
      103871
      103873
      103906
      103998
      104015
      104101
      104185
      104268
      104274
      104312
      104385
      104462
      104490
      104566
      104610
      104693
      104787
      104823
      104853
      104867
      104880
      104923
      104967
      105008
      105098
      105105
      105163
      105259
      105328
      105387
      105482
      105484
      105526
      105598
      105636
      105680
      105769
      105822
      105864
      105947
      105952
      106049
      106099
      106151
      106247
      106296
      106386
      106421
      106460
      106494
      106522
      106549
      106579
      106601
      106627
      106653
      106675
      106756
      106797
      106812
      106851
      106865
      106873
      106950
      106950
      106990
      107062
      107080
      107130
      107169
      107238
      107285
      107334
      107395
      107454
      107551
      107560
      107565
      107660
      107712
      107739
      107754
      107787
      107866
      107952
      107967
      108011
      108053
      108148
      108178
      108277
      108303
      108348
      108373
      108411
      108442
      108491
      108491
      108535
      108622
      108679
      108756
      108816
      108914
      108936
      108981
      109015
      109020
      109089
      109154
      109236
      109257
      109351
      109360
      109363
      109363
      109378
      109476
      109513
      109531
      109542
      109605
      109692
      109736
      109802
      109845
      109912
      109984
      110059
      110090
      110105
      110153
      110173
      110264
      110271
      110344
      110432
      110460
      110552
      110606
      110688
      110717
      110792
      110820
      110833
      110860
      110897
      110904
      111001
      111051
      111114
      111171
      111231
      111282
      111373
      111436
      111511
      111551
      111610
      111665
      111687
      111782
      111852
      111878
      111973
      112027
      112106
      112198
      112258
      112282
      112290
      112336
      112374
      112393
      112414
      112473
      112534
      112625
      112685
      112693
      112775
      112870
      112909
      112921
      112965
      113008
      113030
      113104
      113165
      113194
      113219
      113314
      113381
      113455
      113517
      113589
      113662
      113754
      113790
      113848
      113886
      113893
      113906
      113967
      113979
      114031
      114052
      114114
      114161
      114183
      114202
      114282
      114288
      114344
      114405
      114497
      114514
      114596
      114613
      114665
      114731
      114820
      114868
      114939
      114999
      115076
      115171
      115233
      115255
      115325
      115363
      115393
      115411
      115448
      115454
      115475
      115488
      115503
      115507
      115516
      115579
      115621
      115621
      115676
      115735
      115815
      115878
      115919
      116007
      116080
      116166
      116234
      116283
      116338
      116399
      116445
      116500
      116598
      116680
      116774
      116842
      116914
      116951
      117027
      117087
      117128
      117147
      117185
      117192
      117217
      117265
      117317
      117342
      117433
      117495
      117513
      117587
      117656
      117681
      117755
      117797
      117890
      117944
      117954
      118002
      118051
      118114
      118179
      118211
      118269
      118300
      118314
      118347
      118386
      118450
      118526
      118613
      118662
      118715
      118773
      118773
      118861
      118913
      119001
      119059
      119079
      119153
      119184
      119206
      119222
      119309
      119322
      119394
      119424
      119510
      119609
      119665
      119722
      119801
      119835
      119855
      119923
      119928
      120019
      120103
      120104
      120124
      120159
      120203
      120259
      120296
      120374
      120432
      120461
      120560
      120619
      120674
      120742
      120840
      120921
      121006
      121057
      121129
      121179
      121206
      121273
      121307
      121343
      121382
      121451
      121464
      121504
      121529
      121600
      121607
      121611
      121662
      121701
      121731
      121735
      121745
      121750
      121763
      121835
      121916
      121976
      121983
      122052
      122092
      122157
      122252
      122314
      122355
      122413
      122427
      122431
      122496
      122581
      122590
      122613
      122655
      122696
      122753
      122766
      122857
      122949
      122991
      123052
      123110
      123182
      123278
      123314
      123356
      123432
      123522
      123603
      123606
      123630
      123684
      123705
      123714
      123731
      123745
      123814
      123833
      123907
      123908
      123957
      123980
      123981
      124035
      124110
      124146
      124146
      124225
      124233
      124321
      124339
      124353
      124452
      124458
      124460
      124465
      124534
      124592
      124649
      124731
      124760
      124766
      124822
      124883
      124940
      124955
      124986
      125047
      125122
      125137
      125150
      125203
      125253
      125294
      125302
      125397
      125432
      125526
      125543
      125631
      125658
      125708
      125758
      125776
      125849
      125944
      126025
      126082
      126168
      126215
      126252
      126339
      126432
      126507
      126600
      126615
      126627
      126683
      126712
      126747
      126773
      126845
      126865
      126926
      127001
      127005
      127089
      127125
      127192
      127289
      127319
      127323
      127375
      127390
      127454
      127487
      127527
      127578
      127607
      127629
      127672
      127763
      127855
      127895
      127989
      128015
      128020
      128024
      128057
      128073
      128168
      128192
      128228
      128301
      128379
      128473
      128529
      128574
      128618
      128632
      128697
      128744
      128815
      128913
      128924
      129012
      129018
      129079
      129173
      129214
      129285
      129285
      129314
      129367
      129432
      129454
      129483
      129554
      129570
      129649
      129700
      129727
      129761
      129786
      129855
      129916
      129921
      129939
      129995
      130049
      130102
      130129
      130225
      130301
      130394
      130413
      130496
      130592
      130625
      130710
      130789
      130816
      130884
      130945
      130954
      131047
      131064
      131158
      131175
      131274
      131308
      131394
      131467
      131489
      131515
      131584
      131644
      131650
      131653
      131729
      131791
      131888
      131927
      132001
      132050
      132119
      132218
      132220
      132318
      132382
      132387
      132481
      132560
      132639
      132722
      132738
      132740
      132771
      132789
      132815
      132824
      132831
      132871
      132968
      132977
      133042
      133099
      133159
      133161
      133177
      133262
      133265
      133312
      133334
      133401
      133443
      133491
      133550
      133628
      133655
      133743
      133743
      133826
      133923
      133991
      134015
      134103
      134141
      134239
      134249
      134339
      134385
      134391
      134400
      134447
      134529
      134625
      134706
      134708
      134797
      134867
      134925
      135020
      135030
      135090
      135091
      135130
      135186
      135271
      135300
      135325
      135331
      135386
      135440
      135515
      135580
      135626
      135688
      135713
      135768
      135799
      135872
      135914
      135954
      136032
      136048
      136110
      136147
      136167
      136225
      136257
      136309
      136316
      136352
      136381
      136410
      136430
      136468
      136485
      136508
      136551
      136634
      136698
      136704
      136772
      136855
      136914
      136936
      137012
      137099
      137105
      137179
      137251
      137296
      137334
      137352
      137386
      137456
      137522
      137608
      137702
      137798
      137870
      137947
      137979
      138028
      138074
      138145
      138165
      138219
      138318
      138410
      138425
      138425
      138518
      138571
      138653
      138696
      138784
      138837
      138882
      138968
      138985
      139019
      139046
      139126
      139151
      139213
      139300
      139335
      139416
      139430
      139486
      139581
      139600
      139658
      139659
      139666
      139706
      139711
      139747
      139764
      139837
      139891
      139925
      139939
      140022
      140045
      140050
      140059
      140115
      140207
      140292
      140317
      140381
      140461
      140471
      140561
      140639
      140701
      140786
      140858
      140867
      140895
      140946
      141041
      141057
      141150
      141167
      141176
      141235
      141301
      141350
      141363
      141377
      141472
      141554
      141637
      141684
      141740
      141769
      141838
      141936
      141976
      142069
      142164
      142231
      142244
      142283
      142303
      142340
      142368
      142451
      142460
      142549
      142584
      142598
      142655
      142699
      142751
      142753
      142826
      142873
      142964
      143028
      143099
      143181
      143251
      143295
      143330
      143420
      143497
      143514
      143598
      143641
      143739
      143797
      143874
      143898
      143904
      143919
      143969
      143985
      144044
      144135
      144226
      144269
      144363
      144381
      144410
      144481
      144522
      144556
      144606
      144632
      144667
      144719
      144799
      144820
      144829
      144845
      144943
      144988
      145033
      145124
      145220
      145269
      145272
      145342
      145402
      145501
      145517
      145595
      145671
      145706
      145795
      145817
      145847
      145868
      145879
      145885
      145918
      145980
      146014
      146078
      146088
      146181
      146203
      146250
      146315
      146327
      146365
      146442
      146472
      146472
      146492
      146588
      146588
      146606
      146636
      146697
      146707
      146778
      146849
      146910
      146944
      147013
      147078
      147122
      147123
      147138
      147172
      147222
      147240
      147267
      147356
      147357
      147371
      147383
      147419
      147469
      147535
      147567
      147586
      147679
      147746
      147808
      147830
      147904
      147946
      147949
      147960
      148035
      148134
      148170
      148211
      148274
      148345
      148345
      148427
      148453
      148494
      148511
      148578
      148639
      148734
      148763
      148824
      148918
      148963
      148992
      149031
      149050
      149102
      149173
      149248
      149283
      149374
      149466
      149491
      149557
      149654
      149715
      149811
      149899
      149962
      150057
      150146
      150156
      150192
      150246
      150317
      150407
      150446
      150539
      150610
      150648
      150666
      150761
      150805
      150885
      150938
      150989
      151010
      151097
      151122
      151219
      151262
      151310
      151375
      151415
      151450
      151534
      151606
      151653
      151748
      151764
      151841
      151874
      151883
      151952
      151999
      152082
      152156
      152200
      152225
      152261
      152357
      152424
      152503
      152506
      152568
      152584
      152604
      152699
      152703
      152779
      152856
      152876
      152961
      152995
      153009
      153055
      153100
      153162
      153202
      153276
      153289
      153305
      153347
      153349
      153403
      153473
      153513
      153538
      153599
      153678
      153765
      153799
      153850
      153879
      153893
      153992
      154063
      154084
      154143
      154173
      154268
      154297
      154324
      154379
      154390
      154474
      154494
      154590
      154643
      154721
      154793
      154818
      154915
      154988
      155030
      155109
      155200
      155243
      155330
      155358
      155434
      155473
      155561
      155609
      155672
      155742
      155827
      155859
      155873
      155968
      156023
      156047
      156110
      156168
      156229
      156275
      156289
      156342
      156343
      156394
      156483
      156531
      156611
      156678
      156707
      156783
      156792
      156803
      156811
      156823
      156843
      156894
      156961
      157005
      157071
      157167
      157244
      157280
      157295
      157312
      157357
      157393
      157462
      157504
      157550
      157613
      157617
      157623
      157672
      157695
      157762
      157847
      157944
      158005
      158038
      158120
      158196
      158264
      158321
      158357
      158399
      158484
      158487
      158563
      158593
      158670
      158671
      158693
      158776
      158804
      158813
      158904
      158988
      159072
      159095
      159157
      159249
      159282
      159305
      159371
      159469
      159550
      159609
      159664
      159694
      159771
      159817
      159882
      159967
      159975
      160055
      160055
      160109
      160113
      160207
      160261
      160340
      160390
      160472
      160546
      160594
      160667
      160743
      160826
      160831
      160897
      160909
      161008
      161052
      161134
      161174
      161238
      161307
      161339
      161425
      161457
      161510
      161556
      161636
      161672
      161729
      161809
      161895
      161994
      162093
      162120
      162145
      162154
      162218
      162282
      162350
      162382
      162389
      162389
      162472
      162567
      162613
      162616
      162640
      162653
      162728
      162803
      162895
      162908
      162970
      163048
      163049
      163100
      163187
      163228
      163301
      163341
      163385
      163432
      163441
      163516
      163579
      163599
      163615
      163630
      163717
      163755
      163822
      163882
      163931
      164008
      164037
      164128
      164220
      164225
      164254
      164333
      164414
      164448
      164541
      164570
      164618
      164634
      164715
      164722
      164798
      164818
      164826
      164829
      164878
      164911
      164997
      165092
      165135
      165207
      165288
      165289
      165345
      165417
      165479
      165491
      165575
      165619
      165682
      165743
      165797
      165863
      165912
      165933
      166008
      166106
      166147
      166246
      166305
      166338
      166418
      166447
      166534
      166633
      166639
      166715
      166773
      166799
      166862
      166951
      166974
      167060
      167114
      167165
      167251
      167270
      167342
      167396
      167459
      167540
      167611
      167631
      167647
      167680
      167712
      167758
      167853
      167890
      167960
      168012
      168048
      168123
      168208
      168242
      168332
      168348
      168384
      168447
      168517
      168567
      168615
      168648
      168673
      168770
      168808
      168811
      168869
      168910
      168955
      169030
      169105
      169129
      169132
      169147
      169163
      169228
      169297
      169381
      169473
      169514
      169562
      169600
      169623
      169635
      169728
      169765
      169844
      169882
      169965
      169972
      170058
      170153
      170188
      170278
      170361
      170401
      170463
      170528
      170550
      170588
      170656
      170723
      170776
      170798
      170815
      170830
      170903
      170947
      171025
      171099
      171147
      171191
      171221
      171233
      171240
      171273
      171273
      171302
      171362
      171435
      171464
      171525
      171587
      171637
      171708
      171739
      171826
      171903
      171979
      172062
      172070
      172123
      172141
      172194
      172271
      172324
      172357
      172449
      172472
      172478
      172500
      172570
      172607
      172704
      172729
      172788
      172886
      172892
      172977
      172982
      173034
      173052
      173085
      173122
      173146
      173231
      173298
      173321
      173393
      173397
      173397
      173415
      173447
      173495
      173517
      173574
      173609
      173621
      173625
      173669
      173740
      173752
      173775
      173869
      173900
      173972
      173997
      174001
      174091
      174164
      174172
      174203
      174302
      174368
      174379
      174399
      174436
      174444
      174447
      174521
      174611
      174629
      174645
      174678
      174679
      174772
      174825
      174891
      174914
      175007
      175056
      175118
      175187
      175193
      175292
      175350
      175379
      175457
      175479
      175520
      175544
      175593
      175643
      175724
      175774
      175786
      175874
      175908
      176000
      176050
      176064
      176120
      176191
      176196
      176274
      176285
      176331
      176350
      176368
      176461
      176539
      176585
      176625
      176656
      176677
      176756
      176844
      176928
      177009
      177054
      177091
      177152
      177191
      177243
      177263
      177328
      177424
      177510
      177541
      177555
      177630
      177715
      177723
      177806
      177882
      177954
      177982
      177983
      178033
      178042
      178102
      178172
      178230
      178280
      178322
      178342
      178379
      178398
      178399
      178490
      178525
      178556
      178563
      178593
      178600
      178694
      178745
      178818
      178841
      178905
      178924
      178945
      178959
      179022
      179032
      179126
      179197
      179226
      179282
      179337
      179397
      179462
      179529
      179580
      179591
      179603
      179695
      179722
      179723
      179816
      179884
      179956
      179968
      180020
      180078
      180106
      180175
      180235
      180316
      180334
      180395
      180450
      180498
      180578
      180607
      180639
      180734
      180745
      180755
      180781
      180840
      180879
      180952
      180972
      181024
      181117
      181160
      181256
      181259
      181301
      181366
      181451
      181477
      181559
      181643
      181697
      181766
      181813
      181868
      181963
      182033
      182080
      182163
      182247
      182329
      182358
      182394
      182423
      182516
      182589
      182613
      182616
      182646
      182723
      182759
      182836
      182915
      182952
      182969
      182974
      183053
      183060
      183154
      183223
      183263
      183359
      183374
      183466
      183475
      183573
      183632
      183708
      183743
      183793
      183875
      183959
      184017
      184041
      184058
      184123
      184203
      184271
      184366
      184430
      184464
      184543
      184574
      184597
      184692
      184749
      184772
      184841
      184847
      184877
      184883
      184889
      184962
      184982
      185054
      185078
      185108
      185111
      185143
      185231
      185293
      185319
      185403
      185421
      185476
      185501
      185550
      185554
      185594
      185666
      185728
      185790
      185870
      185888
      185897
      185986
      186071
      186136
      186192
      186211
      186213
      186226
      186295
      186311
      186403
      186502
      186580
      186649
      186705
      186711
      186806
      186897
      186917
      186985
      187014
      187047
      187089
      187182
      187269
      187358
      187448
      187513
      187579
      187604
      187690
      187754
      187780
      187797
      187817
      187908
      187928
      187975
      188073
      188107
      188159
      188214
      188260
      188345
      188383
      188405
      188424
      188452
      188528
      188583
      188652
      188690
      188755
      188758
      188832
      188869
      188892
      188897
      188970
      189004
      189013
      189043
      189080
      189175
      189269
      189300
      189305
      189368
      189409
      189456
      189508
      189561
      189575
      189585
      189588
      189650
      189689
      189760
      189834
      189870
      189957
      189984
      190013
      190045
      190118
      190186
      190209
      190248
      190313
      190408
      190416
      190429
      190459
      190529
      190529
      190613
      190672
      190765
      190847
      190851
      190929
      191003
      191065
      191068
      191143
      191188
      191220
      191298
      191384
      191468
      191525
      191540
      191581
      191587
      191608
      191642
      191683
      191775
      191776
      191801
      191822
      191861
      191939
      191994
      192000
      192010
      192073
      192093
      192191
      192278
      192346
      192379
      192427
      192455
      192470
      192493
      192547
      192582
      192586
      192603
      192681
      192779
      192867
      192897
      192912
      192999
      193041
      193101
      193106
      193122
      193199
      193287
      193293
      193364
      193407
      193439
      193503
      193581
      193644
      193648
      193696
      193779
      193856
      193933
      193966
      193977
      194015
      194034
      194132
      194136
      194164
      194246
      194296
      194355
      194359
      194443
      194479
      194501
      194569
      194618
      194652
      194683
      194745
      194818
      194835
      194918
      194996
      195085
      195179
      195239
      195274
      195315
      195390
      195410
      195486
      195510
      195514
      195567
      195619
      195687
      195784
      195843
      195849
      195857
      195935
      196018
      196101
      196163
      196168
      196207
      196262
      196360
      196446
      196483
      196577
      196630
      196663
      196692
      196721
      196795
      196797
      196838
      196925
      196979
      196981
      196989
      196998
      197076
      197081
      197140
      197157
      197199
      197226
      197243
      197271
      197272
      197348
      197388
      197406
      197444
      197492
      197496
      197561
      197625
      197638
      197694
      197747
      197775
      197818
      197835
      197907
      197912
      197956
      198051
      198073
      198136
      198216
      198269
      198326
      198385
      198398
      198495
      198499
      198534
      198607
      198691
      198732
      198811
      198897
      198985
      199042
      199080
      199152
      199212
      199274
      199278
      199351
      199446
      199479
      199489
      199535
      199542
      199567
      199631
      199648
      199694
      199769
      199815
      199871
      199921
      199973
      200038
      200088
      200172
      200246
      200339
      200387
      200421
      200515
      200533
      200585
      200595
      200603
      200604
      200672
      200693
      200711
      200769
      200776
      200805
      200844
      200901
      200996
      201022
      201080
      201168
      201215
      201301
      201309
      201396
      201451
      201470
      201517
      201535
      201539
      201572
      201659
      201682
      201733
      201736
      201736
      201831
      201898
      201933
      201968
      202016
      202103
      202134
      202159
      202186
      202197
      202218
      202231
