          44
         123
         189
         241
         270
         359
         423
         495
         593
         607
         680
         724
         774
         777
         803
         881
         924
         999
        1076
        1174
        1183
        1252
        1323
        1357
        1388
        1406
        1409
        1461
        1500
        1523
        1545
        1551
        1631
        1697
        1773
        1787
        1864
        1958
        1981
        2037
        2127
        2205
        2302
        2336
        2382
        2407
        2488
        2538
        2558
        2648
        2716
        2731
        2754
        2793
        2885
        2918
        2921
        2991
        3029
        3072
        3119
        3182
        3215
        3280
        3340
        3432
        3477
        3528
        3604
        3613
        3620
        3684
        3756
        3852
        3936
        3946
        3997
        3997
        4001
        4092
        4105
        4131
        4219
        4222
        4296
        4323
        4355
        4425
        4503
        4519
        4608
        4659
        4751
        4770
        4833
        4869
        4964
        5018
        5036
        5093
        5178
        5224
        5237
        5252
        5298
        5389
        5475
        5525
        5612
        5699
        5728
        5732
        5750
        5826
        5915
        6011
        6053
        6127
        6212
        6302
        6397
        6400
        6401
        6468
        6482
        6507
        6569
        6632
        6638
        6699
        6743
        6758
        6814
        6885
        6920
        6987
        7016
        7068
        7135
        7146
        7149
        7201
        7216
        7292
        7321
        7351
        7419
        7438
        7449
        7533
        7538
        7591
        7610
        7694
        7727
        7805
        7870
        7903
        7923
        8021
        8103
        8180
        8206
        8264
        8347
        8412
        8465
        8506
        8520
        8524
        8563
        8610
        8703
        8761
        8810
        8867
        8912
        8992
        9021
        9071
        9131
        9193
        9210
        9294
        9384
        9402
        9443
        9453
        9496
        9515
        9612
        9697
        9702
        9782
        9788
        9809
        9869
        9922
        9959
        9990
       10013
       10068
       10099
       10193
       10242
       10323
       10355
       10426
       10469
       10525
       10574
       10601
       10617
       10635
       10635
       10676
       10747
       10762
       10801
       10831
       10887
       10926
       11003
       11034
       11103
       11184
       11262
       11359
       11417
       11495
       11530
       11561
       11576
       11633
       11678
       11718
       11741
       11793
       11884
       11888
       11931
       12030
       12094
       12148
       12192
       12224
       12240
       12332
       12366
       12406
       12472
       12543
       12586
       12648
       12702
       12768
       12805
       12873
       12964
       12974
       12985
       13018
       13109
       13135
       13137
       13209
       13223
       13304
       13342
       13434
       13435
       13479
       13573
       13607
       13648
       13681
       13778
       13867
       13892
       13903
       13918
       13931
       13946
       14035
       14103
       14138
       14178
       14225
       14228
       14276
       14342
       14426
       14499
       14535
       14577
       14673
       14760
       14771
       14775
       14798
       14819
       14860
       14919
       15016
       15109
       15131
       15135
       15205
       15287
       15315
       15385
       15471
       15538
       15609
       15612
       15637
       15722
       15756
       15786
       15794
       15799
       15886
       15936
       15938
       15959
       16036
       16099
       16119
       16147
       16206
       16244
       16305
       16330
       16331
       16419
       16457
       16524
       16550
       16615
       16657
       16736
       16800
       16830
       16884
       16885
       16924
       16974
       17018
       17053
       17099
       17101
       17175
       17251
       17268
       17316
       17393
       17475
       17504
       17544
       17617
       17624
       17669
       17720
       17735
       17831
       17893
       17922
       17973
       18049
       18115
       18125
       18158
       18184
       18228
       18326
       18365
       18432
       18489
       18542
       18548
       18607
       18649
       18719
       18773
       18870
       18899
       18949
       19006
       19047
       19071
       19112
       19139
       19168
       19216
       19221
       19249
       19258
       19309
       19385
       19408
       19465
       19532
       19602
       19680
       19775
       19818
       19916
       19998
       20079
       20162
       20229
       20263
       20281
       20368
       20393
       20468
       20558
       20563
       20625
       20641
       20654
       20701
       20738
       20803
       20901
       20990
       21069
       21072
       21102
       21102
       21112
       21196
       21227
       21286
       21377
       21457
       21472
       21508
       21570
       21633
       21637
       21671
       21737
       21820
       21898
       21991
       22035
       22092
       22117
       22146
       22226
       22299
       22336
       22366
       22393
       22410
       22438
       22463
       22487
       22518
       22588
       22641
       22675
       22737
       22772
       22860
       22886
       22954
       23012
       23066
       23089
       23168
       23198
       23288
       23379
       23475
       23526
       23548
       23595
       23655
       23743
       23803
       23812
       23892
       23962
       23969
       24038
       24044
       24103
       24161
       24251
       24305
       24350
       24371
       24416
       24432
       24492
       24562
       24647
       24648
       24724
       24788
       24875
       24926
       24929
       25016
       25077
       25132
       25230
       25272
       25320
       25320
       25386
       25431
       25445
       25474
       25530
       25572
       25659
       25754
       25761
       25785
       25794
       25799
       25853
       25880
       25902
       25965
       26043
       26089
       26114
       26178
       26262
       26348
       26393
       26393
       26462
       26488
       26567
       26643
       26727
       26805
       26853
       26866
       26952
       27040
       27084
       27110
       27142
       27144
       27235
       27289
       27314
       27378
       27417
       27428
       27441
       27483
       27560
       27643
       27710
       27732
       27753
       27776
       27817
       27818
       27869
       27898
       27964
       28045
       28135
       28145
       28174
       28254
       28264
       28287
       28301
       28364
       28374
       28459
       28471
       28536
       28615
       28646
       28663
       28699
       28797
       28885
       28925
       28993
       29084
       29141
       29240
       29279
       29308
       29323
       29350
       29383
       29423
       29492
       29495
       29543
       29573
       29622
       29659
       29708
       29804
       29888
       29974
       30039
       30100
       30137
       30207
       30216
       30259
       30312
       30385
       30444
       30477
       30576
       30658
       30691
       30727
       30821
       30850
       30897
       30910
       30988
       31026
       31060
       31119
       31189
       31275
       31276
       31374
       31395
       31486
       31535
       31613
       31618
       31698
       31783
       31807
       31888
       31914
       31925
       31966
       32023
       32069
       32090
       32117
       32205
       32275
       32346
       32355
       32369
       32456
       32486
       32518
       32531
       32556
       32647
       32719
       32787
       32810
       32865
       32962
       32979
       33074
       33154
       33237
       33256
       33285
       33316
       33396
       33489
       33527
       33550
       33644
       33680
       33698
       33735
       33765
       33781
       33821
       33842
       33860
       33881
       33933
       33973
       33998
       34051
       34102
       34175
       34250
       34258
       34315
       34412
       34440
       34462
       34482
       34507
       34536
       34606
       34629
       34725
       34788
       34837
       34903
       34942
       34943
       35025
       35108
       35142
       35143
       35177
       35177
       35267
       35283
       35341
       35389
       35429
       35479
       35529
       35535
       35612
       35696
       35782
       35813
       35908
       35999
       36096
       36145
       36204
       36258
       36357
       36437
       36505
       36597
       36677
       36697
       36703
       36735
       36741
       36779
       36779
       36841
       36881
       36979
       37037
       37064
       37127
       37190
       37288
       37295
       37314
       37342
       37416
       37475
       37505
       37553
       37554
       37587
       37639
       37660
       37744
       37761
       37808
       37829
       37904
       37955
       38042
       38102
       38201
       38300
       38314
       38340
       38413
       38476
       38544
       38604
       38630
       38661
       38729
       38808
       38838
       38854
       38899
       38973
       39032
       39048
       39059
       39096
       39099
       39115
       39146
       39158
       39180
       39182
       39277
       39294
       39342
       39427
       39515
       39579
       39647
       39723
       39769
       39821
       39835
       39928
       39948
       39982
       39983
       39995
       40093
       40120
       40203
       40265
       40343
       40358
       40370
       40461
       40552
       40606
       40612
       40663
       40739
       40751
       40841
       40924
       40927
       40936
       40986
       40989
       41031
       41063
       41069
       41072
       41089
       41150
       41176
       41212
       41272
       41300
       41394
       41489
       41541
       41633
       41658
       41757
       41802
       41860
       41874
       41921
       41933
       41947
       42025
       42064
       42163
       42260
       42294
       42332
       42337
       42370
       42378
       42385
       42479
       42556
       42582
       42593
       42663
       42664
       42702
       42709
       42770
       42786
       42860
       42860
       42892
       42924
       43022
       43116
       43126
       43190
       43249
       43338
       43415
       43445
       43524
       43557
       43610
       43610
       43646
       43693
       43757
       43809
       43852
       43869
       43923
       44005
       44041
       44140
       44140
       44191
       44240
       44255
       44278
       44358
       44437
       44490
       44545
       44566
       44583
       44585
       44654
       44746
       44814
       44852
       44949
       44995
       45027
       45102
       45130
       45197
       45226
       45284
       45290
       45347
       45416
       45456
       45459
       45482
       45574
       45582
       45616
       45673
       45686
       45764
       45814
       45905
       45954
       45961
       45984
       45986
       46074
       46083
       46123
       46157
       46226
       46295
       46311
       46372
       46388
       46421
       46495
       46536
       46552
       46606
       46672
       46690
       46782
       46864
       46927
       46928
       46962
       47017
       47092
       47104
       47180
       47227
       47260
       47272
       47362
       47369
       47420
       47428
       47442
       47458
       47527
       47560
       47574
       47591
       47679
       47716
       47770
       47812
       47843
       47920
       47961
       48043
       48044
       48112
       48152
       48231
       48233
       48299
       48353
       48397
       48450
       48540
       48580
       48597
       48673
       48762
       48828
       48828
       48919
       48932
       48955
       49037
       49068
       49150
       49232
       49303
       49318
       49321
       49349
       49447
       49525
       49610
       49694
       49759
       49818
       49870
       49934
       50004
       50036
       50111
       50166
       50249
       50298
       50383
       50397
       50406
       50437
       50533
       50586
       50600
       50604
       50628
       50686
       50722
       50739
       50788
       50830
       50921
       50926
       50966
       51020
       51084
       51116
       51200
       51232
       51270
       51304
       51379
       51425
       51484
       51579
       51667
       51747
       51841
       51864
       51895
       51966
       52054
       52097
       52115
       52129
       52132
       52134
       52146
       52197
       52276
       52344
       52415
       52440
       52464
       52562
       52578
       52605
       52703
       52728
       52808
       52893
       52966
       52990
       53012
       53059
       53149
       53195
       53219
       53272
       53285
       53303
       53395
       53441
       53487
       53512
       53596
       53665
       53698
       53734
       53823
       53885
       53917
       53933
       54019
       54041
       54046
       54099
       54159
       54160
       54204
       54248
       54318
       54357
       54416
       54494
       54516
       54531
       54539
       54561
       54622
       54688
       54780
       54831
       54837
       54878
       54938
       54998
       55004
       55052
       55068
       55118
       55189
       55232
       55240
       55255
       55292
       55353
       55369
       55437
       55478
       55524
       55579
       55606
       55670
       55761
       55781
       55819
       55838
       55865
       55945
       55959
       56054
       56147
       56222
       56260
       56262
       56268
       56271
       56318
       56379
       56388
       56461
       56469
       56532
       56556
       56598
       56632
       56668
       56714
       56808
       56849
       56928
       56967
       56979
       57043
       57044
       57117
       57184
       57213
       57267
       57275
       57283
       57335
       57346
       57364
       57418
       57436
       57454
       57464
       57538
       57547
       57643
       57667
       57713
       57790
       57862
       57903
       58002
       58012
       58084
       58121
       58184
       58254
       58296
       58298
       58328
       58363
       58377
       58377
       58383
       58438
       58533
       58595
       58652
       58655
       58689
       58762
       58835
       58934
       58951
       58952
       59012
       59101
       59187
       59251
       59310
       59348
       59348
       59351
       59439
       59469
       59566
       59636
       59712
       59733
       59780
       59837
       59853
       59916
       60001
       60058
       60157
       60242
       60310
       60367
       60403
       60460
       60487
       60578
       60615
       60629
       60691
       60714
       60717
       60761
       60786
       60824
       60824
       60883
       60962
       61032
       61035
       61127
       61198
       61205
       61217
       61266
       61309
       61374
       61408
       61434
       61524
       61580
       61654
       61695
       61794
       61834
       61856
       61942
       61945
       62014
       62057
       62089
       62090
       62165
       62245
       62271
       62303
       62336
       62350
       62409
       62439
       62470
       62527
       62559
       62590
       62621
       62622
       62622
       62658
       62755
       62802
       62818
       62884
       62973
       63063
       63158
       63200
       63225
       63320
       63341
       63407
       63487
       63495
       63496
       63579
       63659
       63681
       63724
       63761
       63769
       63780
       63831
       63870
       63917
       63943
       63979
       64046
       64079
       64087
       64184
       64214
       64309
       64321
       64386
       64442
       64499
       64516
       64558
       64590
       64591
       64591
       64673
       64701
       64761
       64809
       64895
       64945
       64969
       64996
       65068
       65074
       65082
       65167
       65209
       65254
       65277
       65347
       65368
       65448
       65512
       65533
       65630
       65725
       65792
       65856
       65903
       65991
       65994
       66085
       66144
       66164
       66253
       66309
       66387
       66431
       66483
       66576
       66630
       66641
       66702
       66793
       66844
       66880
       66947
       66953
       67048
       67103
       67115
       67206
       67209
       67242
       67307
       67377
       67430
       67474
       67527
       67591
       67616
       67617
       67631
       67724
       67785
       67791
       67848
       67913
       68011
       68021
       68048
       68048
       68103
       68110
       68192
       68291
       68354
       68383
       68411
       68452
       68503
       68548
       68565
       68586
       68588
       68596
       68692
       68789
       68871
       68967
       69052
       69062
       69092
       69125
       69130
       69178
       69182
       69189
       69197
       69202
       69281
       69364
       69455
       69455
       69470
       69534
       69559
       69647
       69649
       69680
       69772
       69857
       69914
       69990
       70000
       70034
       70044
       70130
       70205
       70284
       70365
       70392
       70478
       70573
       70597
       70607
       70676
       70726
       70797
       70797
       70886
       70921
       70940
       70990
       71045
       71046
       71129
       71173
       71206
       71283
       71341
       71398
       71478
       71524
       71610
       71672
       71719
       71768
       71833
       71904
       71913
       71915
       72010
       72101
       72161
       72206
       72229
       72294
       72385
       72396
       72483
       72517
       72593
       72634
       72666
       72712
       72722
       72802
       72822
       72878
       72962
       73011
       73071
       73093
       73128
       73168
       73223
       73230
       73298
       73330
       73364
       73369
       73385
       73423
       73478
       73551
       73620
       73701
       73757
       73819
       73898
       73988
       74047
       74098
       74108
       74177
       74238
       74328
       74377
       74440
       74494
       74561
       74602
       74618
       74697
       74753
       74815
       74842
       74925
       74976
       74990
       75085
       75170
       75211
       75304
       75397
       75485
       75563
       75638
       75692
       75740
       75760
       75849
       75943
       75994
       76025
       76105
       76195
       76281
       76366
       76423
       76499
       76547
       76561
       76586
       76627
       76710
       76744
       76749
       76771
       76809
       76857
       76916
       76986
       77071
       77106
       77120
       77132
       77200
       77238
       77249
       77274
       77293
       77302
       77320
       77375
       77387
       77416
       77499
       77520
       77563
       77574
       77665
       77680
       77703
       77767
       77827
       77917
       78011
       78102
       78185
       78235
       78272
       78354
       78438
       78461
       78489
       78531
       78539
       78558
       78620
       78672
       78672
       78683
       78778
       78809
       78863
       78889
       78972
       79054
       79079
       79125
       79182
       79190
       79228
       79298
       79374
       79421
       79439
       79458
       79478
       79545
       79633
       79722
       79730
       79771
       79820
       79856
       79944
       80018
       80082
       80137
       80155
       80195
       80224
       80313
       80352
       80371
       80456
       80554
       80607
       80628
       80645
       80679
       80768
       80793
       80839
       80900
       80977
       80983
       81051
       81072
       81082
       81177
       81207
       81265
       81319
       81402
       81418
       81458
       81466
       81534
       81550
       81593
       81643
       81740
       81829
       81845
       81923
       81969
       81979
       81986
       82034
       82041
       82052
       82119
       82137
       82142
       82225
       82276
       82346
       82405
       82409
       82441
       82456
       82492
       82506
       82527
       82557
       82575
       82669
       82679
       82714
       82734
       82809
       82866
       82965
       82984
       82984
       83053
       83088
       83089
       83177
       83215
       83225
       83314
       83358
       83406
       83487
       83566
       83648
       83724
       83727
       83734
       83806
       83874
       83899
       83972
       84055
       84065
       84104
       84142
       84161
       84190
       84238
       84312
       84331
       84352
       84400
       84416
       84433
       84514
       84526
       84588
       84609
       84688
       84698
       84730
       84744
       84750
       84812
       84880
       84884
       84913
       84971
       84976
       85039
       85092
       85118
       85203
       85251
       85315
       85331
       85427
       85475
       85502
       85528
       85591
       85680
       85769
       85812
       85909
       85946
       86015
       86114
       86153
       86169
       86188
       86219
       86226
       86314
       86324
       86393
       86432
       86458
       86544
       86640
       86680
       86719
       86734
       86793
       86801
       86880
       86884
       86966
       87012
       87064
       87142
       87176
       87179
       87258
       87306
       87333
       87344
       87403
       87421
       87495
       87540
       87622
       87642
       87698
       87776
       87872
       87878
       87959
       88054
       88094
       88099
       88187
       88225
       88239
       88327
       88410
       88428
       88481
       88499
       88541
       88594
       88672
       88722
       88810
       88889
       88892
       88941
       88997
       89091
       89151
       89179
       89226
       89262
       89326
       89327
       89412
       89413
       89476
       89498
       89568
       89597
       89653
       89704
       89799
       89801
       89814
       89845
       89893
       89948
       89970
       89983
       89989
       90024
       90057
       90151
       90205
       90295
       90390
       90399
       90473
       90473
       90487
       90569
       90668
       90727
       90808
       90836
       90900
       90910
       90936
       90950
       90997
       91011
       91055
       91114
       91183
       91228
       91257
       91314
       91358
       91389
       91410
       91452
       91515
       91611
       91686
       91708
       91735
       91778
       91858
       91865
       91902
       91992
       92075
       92145
       92189
       92206
       92305
       92403
       92453
       92505
       92550
       92635
       92651
       92720
       92815
       92857
       92900
       92936
       93019
       93098
       93142
       93173
       93230
       93300
       93367
       93387
       93468
       93550
       93594
       93674
       93754
       93808
       93882
       93940
       93962
       93996
       94087
       94104
       94127
       94204
       94225
       94261
       94275
       94304
       94364
       94410
       94476
       94549
       94596
       94596
       94685
       94699
       94793
       94854
       94896
       94951
       95019
       95045
       95133
       95184
       95202
       95277
       95328
       95386
       95453
       95467
       95531
       95619
       95640
       95672
       95706
       95736
       95736
       95820
       95910
       95919
       95920
       95943
       95955
       95983
       96082
       96109
       96190
       96271
       96333
       96393
       96430
       96485
       96493
       96554
       96634
       96656
       96675
       96719
       96804
       96831
       96861
       96888
       96936
       96994
       97083
       97129
       97223
       97234
       97245
       97258
       97258
       97288
       97348
       97358
       97449
       97531
       97603
       97696
       97777
       97806
       97815
       97857
       97927
       98011
       98098
       98098
       98127
       98143
       98217
       98259
       98352
       98394
       98489
       98505
       98578
       98653
       98738
       98757
       98770
       98825
       98894
       98922
       98964
       99060
       99108
       99163
       99193
       99249
       99256
       99274
       99321
       99345
       99346
       99421
       99428
       99466
       99502
       99573
       99587
       99642
       99697
       99709
       99794
       99794
       99801
       99860
       99909
       99910
       99941
       99986
       99996
      100005
      100005
      100070
      100082
      100167
      100244
      100307
      100369
      100461
      100516
      100527
      100596
      100680
      100729
      100827
      100835
      100868
      100879
      100906
      100929
      101018
      101092
      101126
      101176
      101187
      101281
      101353
      101373
      101432
      101433
      101509
      101533
      101622
      101719
      101786
      101788
      101856
      101892
      101902
      101916
      101983
      101984
      102034
      102098
      102168
      102193
      102279
      102360
      102385
      102447
      102448
      102523
      102595
      102674
      102743
      102828
      102835
      102877
      102959
      102981
      103047
      103107
      103121
      103165
      103197
      103294
      103311
      103332
      103373
      103385
      103465
      103548
      103637
      103691
      103694
      103762
      103860
      103913
      103937
      104018
      104093
      104093
      104111
      104175
      104203
      104296
      104370
      104468
      104497
      104594
      104638
      104671
      104671
      104697
      104734
      104816
      104857
      104899
      104923
      104957
      104958
      105052
      105060
      105157
      105161
      105166
      105199
      105282
      105309
      105339
      105392
      105483
      105580
      105581
      105639
      105686
      105784
      105809
      105907
      105928
      105963
      106028
      106111
      106156
      106206
      106304
      106387
      106399
      106443
      106444
      106543
      106554
      106641
      106655
      106673
      106745
      106793
      106890
      106951
      107048
      107144
      107173
      107183
      107268
      107353
      107430
      107507
      107564
      107588
      107674
      107688
      107730
      107758
      107769
      107800
      107823
      107909
      107959
      107974
      108056
      108146
      108225
      108267
      108346
      108383
      108395
      108413
      108479
      108522
      108531
      108537
      108546
      108561
      108580
      108604
      108702
      108791
      108804
      108899
      108901
      108968
      108976
      109075
      109134
      109183
      109246
      109271
      109366
      109381
      109470
      109513
      109604
      109656
      109696
      109718
      109746
      109750
      109821
      109902
      109987
      109998
      110091
      110125
      110210
      110281
      110309
      110315
      110359
      110413
      110502
      110559
      110651
      110654
      110716
      110730
      110811
      110820
      110829
      110892
      110949
      110964
      111031
      111042
      111066
      111146
      111164
      111198
      111258
      111267
      111337
      111367
      111416
      111475
      111555
      111638
      111716
      111784
      111791
      111800
      111891
      111903
      111999
      112000
      112099
      112121
      112122
      112208
      112251
      112273
      112351
      112419
      112501
      112549
      112572
      112620
      112669
      112756
      112804
      112903
      112981
      112995
      113057
      113084
      113152
      113250
      113291
      113296
      113320
      113414
      113506
      113577
      113591
      113676
      113697
      113761
      113765
      113788
      113883
      113917
      113923
      113974
      114065
      114125
      114189
      114200
      114243
      114247
      114278
      114323
      114416
      114467
      114520
      114595
      114645
      114659
      114717
      114766
      114778
      114794
      114827
      114840
      114865
      114880
      114973
      114994
      115069
      115149
      115229
      115266
      115359
      115441
      115473
      115566
      115572
      115668
      115743
      115762
      115765
      115795
      115855
      115857
      115876
      115961
      116051
      116087
      116120
      116129
      116211
      116248
      116258
      116317
      116341
      116430
      116518
      116576
      116605
      116675
      116724
      116732
      116734
      116745
      116821
      116900
      116964
      117059
      117104
      117111
      117192
      117216
      117305
      117375
      117474
      117507
      117551
      117560
      117617
      117667
      117685
      117768
      117807
      117874
      117876
      117924
      117994
      118017
      118029
      118101
      118187
      118203
      118249
      118275
      118354
      118452
      118513
      118568
      118646
      118706
      118804
      118821
      118896
      118928
      118942
      118952
      119048
      119051
      119079
      119164
      119251
      119279
      119337
      119350
      119355
      119376
      119418
      119427
      119442
      119490
      119544
      119552
      119597
      119622
      119624
      119717
      119740
      119820
      119898
      119959
      119970
      120043
      120132
      120175
      120230
      120278
      120323
      120397
      120433
      120468
      120503
      120571
      120657
      120659
      120708
      120745
      120800
      120815
      120887
      120939
      120951
      120978
      121002
      121033
      121033
      121063
      121096
      121173
      121225
      121249
      121279
      121366
      121423
      121449
      121452
      121533
      121537
      121565
      121597
      121607
      121692
      121720
      121804
      121809
      121814
      121883
      121976
      121995
      122084
      122167
      122176
      122273
      122296
      122305
      122385
      122420
      122490
      122499
      122538
      122625
      122677
      122710
      122789
      122850
      122871
      122938
      122965
      123050
      123135
      123172
      123225
      123267
      123352
      123369
      123459
      123518
      123595
      123640
      123733
      123766
      123784
      123810
      123871
      123902
      123941
      123978
      124032
      124034
      124067
      124069
      124133
      124177
      124192
      124282
      124287
      124301
      124343
      124398
      124408
      124416
      124456
      124485
      124575
      124623
      124623
      124681
      124705
      124773
      124872
      124927
      124929
      124969
      124991
      124994
      124999
      125073
      125113
      125171
      125241
      125321
      125412
      125464
      125516
      125609
      125661
      125718
      125744
      125793
      125817
      125862
      125882
      125948
      126008
      126056
      126100
      126173
      126232
      126298
      126338
      126371
      126416
      126462
      126474
      126479
      126498
      126527
      126590
      126680
      126722
      126731
      126779
      126867
      126957
      126987
      127062
      127144
      127235
      127306
      127398
      127424
      127453
      127549
      127587
      127597
      127644
      127731
      127751
      127795
      127883
      127901
      127911
      127931
      128015
      128026
      128058
      128092
      128116
      128184
      128263
      128353
      128354
      128443
      128516
      128594
      128649
      128733
      128734
      128742
      128792
      128808
      128904
      128928
      129027
      129077
      129109
      129155
      129200
      129232
      129274
      129282
      129298
      129336
      129385
      129395
      129443
      129519
      129522
      129567
      129625
      129659
      129748
      129788
      129838
      129890
      129985
      130047
      130065
      130158
      130180
      130206
      130288
      130334
      130384
      130458
      130470
      130566
      130580
      130602
      130670
      130739
      130771
      130773
      130857
      130902
      130936
      130978
      131037
      131046
      131072
      131127
      131133
      131222
      131285
      131312
      131329
      131363
      131409
      131423
      131473
      131499
      131569
      131663
      131726
      131745
      131756
      131851
      131853
      131930
      131986
      132044
      132140
      132178
      132191
      132236
      132257
      132307
      132329
      132339
      132438
      132476
      132480
      132528
      132548
      132632
      132663
      132715
      132797
      132862
      132911
      132921
      132945
      133024
      133110
      133198
      133260
      133308
      133396
      133432
      133523
      133617
      133670
      133741
      133824
      133835
      133882
      133953
      133985
      134009
      134103
      134131
      134173
      134217
      134312
      134349
      134366
      134442
      134459
      134476
      134575
      134641
      134726
      134736
      134763
      134800
      134842
      134856
      134898
      134938
      135010
      135107
      135126
      135142
      135148
      135209
      135213
      135294
      135310
      135321
      135379
      135416
      135493
      135571
      135661
      135665
      135730
      135739
      135791
      135802
      135823
      135916
      135989
      136088
      136173
      136257
      136289
      136362
      136386
      136425
      136519
      136582
      136586
      136660
      136704
      136800
      136802
      136821
      136887
      136982
      137003
      137100
      137196
      137211
      137289
      137324
      137380
      137447
      137521
      137561
      137630
      137713
      137721
      137741
      137817
      137827
      137872
      137875
      137929
      137972
      137995
      138008
      138090
      138098
      138159
      138258
      138340
      138343
      138353
      138355
      138421
      138435
      138492
      138522
      138536
      138630
      138632
      138633
      138693
      138770
      138791
      138791
      138794
      138871
      138928
      139023
      139113
      139148
      139196
      139249
      139327
      139330
      139335
      139339
      139384
      139434
      139470
      139553
      139637
      139667
      139738
      139789
      139822
      139868
      139909
      139950
      139975
      140051
      140102
      140178
      140259
      140344
      140443
      140466
      140544
      140574
      140661
      140714
      140753
      140769
      140806
      140860
      140955
      140986
      141011
      141011
      141104
      141109
      141200
      141234
      141251
      141328
      141354
      141448
      141497
      141554
      141569
      141571
      141574
      141673
      141753
      141809
      141903
      141931
      142003
      142064
      142135
      142139
      142150
      142159
      142170
      142265
      142274
      142365
      142458
      142489
      142519
      142572
      142648
      142653
      142747
      142756
      142842
      142929
      142966
      142989
      143059
      143111
      143148
      143156
      143226
      143309
      143339
      143355
      143355
      143366
      143381
      143402
      143451
      143451
      143507
      143537
      143563
      143579
      143633
      143676
      143748
      143775
      143797
      143829
      143839
      143853
      143947
      143979
      144045
      144093
      144190
      144230
      144248
      144262
      144276
      144297
      144299
      144312
      144368
      144388
      144473
      144557
      144632
      144682
      144753
      144817
      144899
      144967
      145049
      145138
      145177
      145245
      145270
      145342
      145419
      145496
      145580
      145598
      145670
      145713
      145781
      145848
      145943
      145969
      146023
      146122
      146188
      146234
      146328
      146427
      146454
      146494
      146533
      146589
      146611
      146626
      146710
      146780
      146796
      146816
      146897
      146925
      146963
      146978
      147062
      147113
      147190
      147230
      147280
      147356
      147448
      147513
      147514
      147602
      147673
      147759
      147768
      147802
      147845
      147915
      147970
      147992
      148052
      148057
      148125
      148174
      148202
      148232
      148269
      148283
      148284
      148336
      148346
      148430
      148492
      148580
      148606
      148642
      148719
      148817
      148870
      148932
      148959
      149020
      149079
      149109
      149174
      149237
      149326
      149389
      149423
      149478
      149517
      149541
      149610
      149698
      149783
      149858
      149889
      149936
      149941
      149997
      150071
      150170
      150183
      150212
      150295
      150370
      150390
      150426
      150442
      150524
      150591
      150632
      150645
      150721
      150809
      150849
      150899
      150982
      150984
      151011
      151064
      151120
      151198
      151263
      151293
      151382
      151468
      151495
      151522
      151541
      151543
      151594
      151598
      151674
      151763
      151855
      151907
      151984
      151997
      152083
      152089
      152153
      152226
      152249
      152311
      152339
      152348
      152425
      152506
      152507
      152561
      152592
      152659
      152713
      152720
      152747
      152771
      152835
      152900
      152978
      153005
      153073
      153079
      153099
      153119
      153215
      153259
      153272
      153282
      153304
      153367
      153372
      153436
      153534
      153627
      153658
      153702
      153734
      153798
      153877
      153940
      154007
      154073
      154075
      154160
      154175
      154246
      154271
      154272
      154310
      154381
      154467
      154518
      154581
      154624
      154708
      154708
      154781
      154817
      154828
      154858
      154910
      155007
      155063
      155102
      155175
      155250
      155316
      155335
      155366
      155400
      155452
      155503
      155590
      155655
      155677
      155724
      155736
      155779
      155803
      155824
      155878
      155900
      155986
      156037
      156093
      156107
      156203
      156292
      156298
      156307
      156328
      156328
      156384
      156393
      156420
      156480
      156517
      156567
      156652
      156687
      156706
      156762
      156840
      156880
      156924
      156930
      156936
      156981
      157001
      157047
      157095
      157117
      157172
      157186
      157232
      157233
      157300
      157390
      157432
      157434
      157461
      157544
      157616
      157715
      157760
      157797
      157825
      157825
      157858
      157924
      157956
      158024
      158091
      158144
      158146
      158242
      158256
      158296
      158352
      158423
      158520
      158545
      158632
      158648
      158690
      158704
      158766
      158861
      158944
      158966
      159000
      159037
      159118
      159204
      159210
      159305
      159349
      159416
      159481
      159567
      159597
      159622
      159706
      159709
      159719
      159797
      159884
      159980
      160065
      160119
      160168
      160218
      160261
      160304
      160315
      160363
      160411
      160435
      160494
      160525
      160590
      160610
      160628
      160659
      160742
      160795
      160801
      160830
      160915
      160951
      160976
      161051
      161114
      161136
      161211
      161278
      161301
      161320
      161396
      161489
      161526
      161583
      161634
      161657
      161713
      161731
      161815
      161828
      161851
      161928
      162022
      162058
      162080
      162178
      162239
      162325
      162372
      162462
      162492
      162562
      162623
      162639
      162733
      162791
      162871
      162913
      162957
      162994
      163005
      163023
      163063
      163115
      163200
      163217
      163272
      163285
      163332
      163380
      163410
      163502
      163567
      163635
      163659
      163734
      163739
      163763
      163860
      163946
      163991
      164057
      164058
      164112
      164198
      164228
      164247
      164314
      164397
      164442
      164503
      164584
      164616
      164634
      164657
      164719
      164733
      164778
      164833
      164852
      164853
      164862
      164871
      164917
      164977
      165058
      165098
      165122
      165187
      165281
      165312
      165325
      165331
      165368
      165466
      165472
      165490
      165525
      165527
      165556
      165558
      165629
      165692
      165698
      165715
      165718
      165772
      165828
      165892
      165959
      166024
      166046
      166108
      166185
      166268
      166326
      166377
      166383
      166479
      166514
      166516
      166534
      166604
      166657
      166669
      166736
      166826
      166868
      166924
      166930
      166968
      167054
      167082
      167119
      167203
      167260
      167301
      167353
      167402
      167445
      167457
      167511
      167592
      167650
      167725
      167814
      167819
      167910
      167934
      167983
      168014
      168022
      168069
      168161
      168194
      168272
      168344
      168373
      168385
      168425
      168506
      168559
      168563
      168591
      168684
      168689
      168729
      168734
      168755
      168836
      168879
      168924
      169019
      169033
      169059
      169065
      169113
      169179
      169195
      169245
      169276
      169334
      169371
      169382
      169409
      169457
      169542
      169581
      169596
      169663
      169695
      169727
      169783
      169865
      169898
      169951
      170006
      170094
      170146
      170184
      170261
      170319
      170370
      170404
      170476
      170503
      170517
      170579
      170619
      170634
      170702
      170768
      170857
      170858
      170920
      171000
      171053
      171059
      171158
      171188
      171226
      171246
      171260
      171346
      171371
      171384
      171429
      171431
      171455
      171554
      171647
      171697
      171732
      171809
      171876
      171946
      172005
      172087
      172121
      172197
      172294
      172336
      172392
      172397
      172413
      172440
      172498
      172588
      172667
      172759
      172797
      172811
      172857
      172881
      172940
      173023
      173095
      173146
      173154
      173233
      173270
      173294
      173352
      173364
      173454
      173462
      173496
      173525
      173580
      173596
      173617
      173626
      173631
      173700
      173721
      173726
      173736
      173745
      173747
      173844
      173865
      173873
      173963
      174037
      174129
      174216
      174226
      174314
      174333
      174394
      174459
      174500
      174502
      174544
      174545
      174564
      174631
      174668
      174766
      174808
      174862
      174909
      174909
      174994
      175012
      175032
      175036
      175112
      175199
      175271
      175280
      175330
      175336
      175435
      175509
      175550
      175649
      175676
      175753
      175808
      175896
      175958
      176000
      176090
      176136
      176228
      176243
      176268
      176325
      176371
      176446
      176527
      176611
      176631
      176692
      176719
      176773
      176862
      176901
      176954
      176959
      176990
      177010
      177019
      177029
      177034
      177037
      177131
      177186
      177249
      177327
      177389
      177407
      177458
      177524
      177595
      177664
      177702
      177754
      177790
      177814
      177886
      177937
      177938
      177971
      178011
      178088
      178129
      178156
      178157
      178210
      178227
      178278
      178295
      178348
      178411
      178482
      178482
      178559
      178563
      178627
      178704
      178752
      178782
      178799
      178840
      178869
      178930
      179022
      179072
      179158
      179256
      179349
      179409
      179463
      179503
      179580
      179649
      179690
      179772
      179828
      179829
      179912
      179982
      180024
      180116
      180140
      180204
      180240
      180249
      180335
      180396
      180444
      180517
      180545
      180557
      180636
      180637
      180667
      180694
      180735
      180815
      180913
      180994
      181079
      181118
      181198
      181269
      181271
      181333
      181339
      181418
      181439
      181501
      181509
      181558
      181592
      181652
      181750
      181794
      181882
      181918
      181927
      181953
      181974
      182029
      182126
      182201
      182212
      182264
      182342
      182361
      182394
      182417
      182447
      182464
      182514
      182603
      182677
      182720
      182726
      182807
      182850
      182860
      182946
      183041
      183117
      183137
      183217
      183274
      183294
      183330
      183376
      183405
      183430
      183509
      183589
      183635
      183683
      183694
      183789
      183847
      183851
      183948
      184044
      184140
      184183
      184272
      184277
      184350
      184445
      184514
      184580
      184625
      184656
      184693
      184767
      184850
      184904
      184914
      185002
      185100
      185187
      185240
      185326
      185367
      185459
      185464
      185473
      185514
      185517
      185564
      185640
      185660
      185666
      185715
      185739
      185830
      185836
      185850
      185933
      186014
      186091
      186124
      186143
      186154
      186184
      186222
      186289
      186333
      186346
      186444
      186536
      186552
      186649
      186704
      186740
      186789
      186854
      186924
      186963
      186993
      187021
      187059
      187099
      187180
      187264
      187363
      187408
      187438
      187453
      187532
      187577
      187633
      187656
      187741
      187824
      187865
      187949
      187987
      188019
      188080
      188088
      188115
      188179
      188203
      188216
      188254
      188321
      188384
      188480
      188482
      188483
      188525
      188583
      188628
      188663
      188760
      188805
      188881
      188974
      189002
      189002
      189003
      189039
      189105
      189160
      189255
      189293
      189341
      189367
      189371
      189406
      189406
      189433
      189446
      189504
      189523
      189599
      189648
      189659
      189688
      189692
      189745
      189808
      189842
      189867
      189915
      189962
      190010
      190088
      190108
      190108
      190135
      190158
      190173
      190251
      190288
      190328
      190406
      190490
      190549
      190617
      190688
      190744
      190840
      190886
      190982
      191065
      191138
      191229
      191320
      191399
      191453
      191456
      191494
      191508
      191510
      191591
      191607
      191627
      191646
      191732
      191779
      191858
      191953
      192011
      192098
      192124
      192137
      192208
      192229
      192255
      192319
      192320
      192387
      192455
      192478
      192491
      192540
      192592
      192651
      192696
      192735
      192783
      192858
      192863
      192892
      192969
      192989
      193076
      193089
      193155
      193160
      193172
      193242
      193292
      193369
      193459
      193519
      193602
      193694
      193705
      193790
      193860
      193873
      193928
      193961
      193994
      194023
      194043
      194134
      194196
      194234
      194277
      194365
      194432
      194445
      194528
      194558
      194563
      194607
      194705
      194794
      194819
      194826
      194841
      194940
      194994
      194996
      195042
      195061
      195147
      195174
      195186
      195253
      195348
      195409
      195429
      195465
      195515
      195558
      195591
      195613
      195682
      195735
      195816
      195835
      195902
      195941
      195984
      196058
      196134
      196142
      196169
      196237
      196257
      196341
      196405
      196491
      196535
      196568
      196582
      196632
      196638
      196682
      196725
      196787
      196876
      196913
      196917
      196984
      197068
      197157
      197163
      197236
      197270
      197289
      197388
      197473
      197503
      197518
      197608
      197705
      197738
      197744
      197752
      197774
      197817
      197820
      197841
      197862
      197942
      197979
      198000
      198093
      198177
      198260
      198293
      198327
      198383
      198439
      198493
      198540
      198546
      198588
      198592
      198660
      198756
      198838
      198893
      198976
      199065
      199101
      199113
      199160
      199186
      199248
      199321
      199401
      199448
      199487
      199528
      199618
      199658
      199715
      199725
      199824
      199875
      199910
      199967
      200032
      200128
      200160
      200176
      200250
      200273
      200332
      200350
      200371
      200454
      200536
      200596
      200674
      200723
      200763
      200860
      200909
      200912
      201010
      201060
      201110
      201178
      201194
      201289
      201375
      201407
      201442
      201489
      201523
      201595
      201686
      201710
      201718
      201760
      201828
      201844
      201862
      201880
      201889
      201952
      202005
      202077
      202159
      202172
      202187
      202282
      202325
      202423
      202494
      202502
      202599
      202628
      202673
      202736
      202806
      202862
      202881
      202942
      202968
      202987
      203053
      203096
      203166
      203204
      203242
      203275
      203308
      203348
      203416
      203434
      203505
      203604
      203668
      203732
      203761
      203844
      203940
      204020
      204098
      204124
      204164
      204173
      204272
      204368
      204393
      204434
      204458
      204503
      204528
      204599
      204643
      204695
      204747
      204788
      204845
      204898
      204951
      204954
      204996
      205029
      205035
      205052
      205080
      205103
      205198
      205286
      205301
      205389
      205447
      205447
      205485
      205536
      205586
      205612
      205670
      205672
      205748
      205783
      205814
      205878
      205885
      205978
      206064
      206091
      206139
      206148
      206216
      206293
      206305
      206351
      206425
      206427
      206475
      206508
      206587
      206686
      206778
      206861
      206958
      207013
      207055
      207101
      207181
      207260
      207321
      207407
      207433
      207468
      207559
      207600
      207698
      207738
      207790
      207804
      207817
      207843
      207846
      207945
      207960
      208027
      208054
      208147
      208173
      208253
      208276
      208292
      208312
      208344
      208402
      208494
      208551
      208569
      208615
      208646
      208717
      208771
      208779
      208838
      208890
      208987
      209043
      209062
      209103
      209179
      209253
      209280
      209291
      209311
      209333
      209388
      209422
      209482
      209529
      209534
      209560
      209578
      209654
      209734
      209812
      209830
      209929
      210019
      210032
      210055
      210114
      210170
      210213
      210242
      210320
      210361
      210398
      210406
      210477
      210484
      210573
      210612
      210630
      210659
      210693
      210750
      210848
      210944
      210993
      211064
      211086
      211124
      211185
      211206
      211270
      211354
      211392
      211395
      211417
      211463
      211517
      211534
      211574
      211664
      211725
      211781
      211832
      211878
      211937
      211976
      211992
      212065
      212076
      212175
      212224
      212291
      212377
      212405
      212425
      212491
      212522
      212590
      212618
      212696
      212787
      212797
      212828
      212912
      213006
      213028
      213076
      213117
      213197
      213234
      213327
      213377
      213430
      213511
      213601
      213651
      213690
      213783
      213836
      213892
      213929
      213996
      214038
      214122
      214165
      214217
      214310
      214352
      214440
      214535
      214604
      214696
      214758
      214760
      214844
      214854
      214867
      214943
      215030
      215081
      215162
      215187
      215239
      215307
      215336
      215375
      215467
      215532
      215533
      215588
      215658
      215729
      215771
      215864
      215888
      215980
      215989
      216018
      216076
      216124
      216141
      216209
      216303
      216356
      216444
      216540
      216598
      216697
      216735
      216830
      216890
      216928
      216955
      217002
      217081
      217101
      217140
      217189
      217193
      217292
      217368
      217417
      217423
      217518
      217583
      217675
      217730
      217827
      217919
      218002
      218084
      218139
      218231
      218246
      218328
      218406
      218408
      218452
      218480
      218554
      218600
      218659
      218715
      218763
      218786
      218831
      218847
      218886
      218974
      219062
      219105
      219146
      219147
      219212
      219288
      219352
      219428
      219516
      219600
      219691
      219720
      219791
      219831
      219881
      219954
      219985
      220080
      220136
      220140
      220158
      220244
      220314
      220381
      220417
      220437
      220482
      220544
      220578
      220665
      220690
      220715
      220754
      220816
      220909
      221006
      221030
      221107
      221151
      221164
      221227
      221283
      221353
      221449
      221525
      221573
      221585
      221612
      221659
      221717
      221808
      221894
      221922
      221959
      221975
      221976
      222043
      222142
      222168
      222247
      222328
      222349
      222394
      222409
      222476
      222553
      222573
      222592
      222669
      222697
      222762
      222795
      222866
      222868
      222919
      222946
      222981
      223074
      223173
      223202
      223248
      223298
      223368
      223429
      223455
      223457
      223491
      223502
      223593
      223608
      223633
      223714
      223789
      223838
      223908
      223952
      223997
      224030
      224067
      224124
      224171
      224173
      224260
      224296
      224310
      224351
      224400
      224441
      224511
      224518
      224587
      224640
      224697
      224737
      224832
      224838
      224906
      224937
      225023
      225099
      225128
      225221
      225319
      225374
      225420
      225474
      225525
      225613
      225698
      225786
      225837
      225841
      225845
      225871
      225927
      225957
      226009
      226078
      226128
      226145
      226187
      226234
      226328
      226360
      226369
      226435
      226526
      226591
      226626
      226693
      226757
      226783
      226853
