          34
          74
         153
         222
         232
         314
         379
         461
         542
         590
         683
         755
         817
         905
         921
         996
        1093
        1184
        1236
        1239
        1322
        1355
        1387
        1400
        1499
        1565
        1622
        1630
        1630
        1678
        1678
        1769
        1785
        1785
        1806
        1851
        1900
        1909
        1976
        1984
        2050
        2113
        2158
        2214
        2216
        2302
        2325
        2344
        2368
        2403
        2465
        2557
        2594
        2681
        2760
        2855
        2917
        2979
        3039
        3070
        3119
        3184
        3193
        3290
        3296
        3319
        3392
        3428
        3473
        3504
        3533
        3583
        3600
        3611
        3676
        3737
        3798
        3850
        3880
        3882
        3970
        3996
        4095
        4154
        4177
        4191
        4196
        4207
        4237
        4267
        4351
        4400
        4424
        4496
        4572
        4583
        4667
        4716
        4803
        4815
        4906
        4984
        5024
        5040
        5114
        5159
        5214
        5217
        5283
        5286
        5373
        5447
        5482
        5534
        5605
        5635
        5695
        5781
        5837
        5892
        5986
        6002
        6037
        6065
        6117
        6143
        6223
        6224
        6300
        6395
        6408
        6432
        6435
        6497
        6497
        6531
        6568
        6598
        6671
        6750
        6791
        6850
        6913
        6945
        6962
        7038
        7048
        7097
        7158
        7184
        7210
        7212
        7275
        7335
        7419
        7430
        7521
        7543
        7588
        7635
        7714
        7764
        7847
        7847
        7855
        7879
        7969
        8029
        8071
        8136
        8191
        8265
        8290
        8307
        8356
        8438
        8462
        8511
        8570
        8662
        8677
        8772
        8834
        8854
        8879
        8937
        8984
        9001
        9048
        9072
        9144
        9177
        9201
        9261
        9327
        9375
        9380
        9470
        9565
        9588
        9615
        9658
        9736
        9756
        9851
        9908
        9997
       10009
       10037
       10096
       10127
       10183
       10216
       10239
       10244
       10340
       10349
       10402
       10454
       10472
       10513
       10548
       10589
       10642
       10722
       10805
       10819
       10898
       10973
       10987
       11018
       11043
       11089
       11186
       11273
       11333
       11367
       11430
       11455
       11472
       11561
       11602
       11665
       11719
       11816
       11825
       11878
       11917
       11989
       12062
       12159
       12214
       12230
       12272
       12320
       12337
       12392
       12418
       12436
       12437
       12525
       12575
       12615
       12661
       12711
       12804
       12867
       12924
       12999
       13012
       13042
       13109
       13156
       13242
       13244
       13252
       13292
       13329
       13425
       13434
       13470
       13523
       13537
       13557
       13609
       13707
       13788
       13855
       13934
       14003
       14045
       14120
       14213
       14260
       14260
       14331
       14360
       14397
       14474
       14517
       14563
       14647
       14656
       14666
       14704
       14763
       14772
       14815
       14852
       14888
       14978
       14991
       15037
       15075
       15116
       15149
       15154
       15174
       15189
       15236
       15327
       15361
       15427
       15520
       15527
       15615
       15684
       15754
       15793
       15865
       15950
       15995
       16007
       16081
       16149
       16168
       16169
       16259
       16331
       16417
       16492
       16547
       16547
       16636
       16733
       16779
       16809
       16901
       16982
       17037
       17064
       17145
       17243
       17253
       17340
       17438
       17473
       17495
       17502
       17513
       17556
       17652
       17733
       17769
       17791
       17850
       17863
       17919
       17981
       18005
       18032
       18038
       18076
       18109
       18203
       18262
       18350
       18380
       18446
       18524
       18551
       18605
       18655
       18655
       18693
       18782
       18815
       18884
       18905
       18949
       18983
       19048
       19144
       19176
       19196
       19279
       19347
       19420
       19449
       19471
       19565
       19649
       19655
       19711
       19716
       19779
       19812
       19893
       19897
       19922
       19931
       19975
       20058
       20076
       20132
       20142
       20177
       20214
       20310
       20314
       20407
       20466
       20525
       20589
       20602
       20613
       20682
       20684
       20700
       20774
       20786
       20838
       20839
       20878
       20899
       20910
       20928
       20988
       21081
       21116
       21183
       21262
       21327
       21412
       21487
       21581
       21649
       21704
       21729
       21825
       21895
       21986
       22051
       22141
       22184
       22253
       22319
       22385
       22443
       22511
       22606
       22623
       22695
       22708
       22754
       22789
       22877
       22974
       22999
       23037
       23077
       23162
       23240
       23320
       23364
       23401
       23478
       23572
       23590
       23639
       23687
       23729
       23803
       23821
       23907
       23977
       24027
       24101
       24141
       24226
       24265
       24282
       24307
       24369
       24411
       24471
       24545
       24619
       24629
       24653
       24713
       24766
       24843
       24886
       24936
       24959
       24983
       24999
       25038
       25040
       25089
       25147
       25213
       25216
       25225
       25322
       25400
       25486
       25505
       25514
       25587
       25604
       25630
       25668
       25712
       25722
       25760
       25764
       25793
       25872
       25879
       25923
       26014
       26110
       26181
       26195
       26200
       26273
       26341
       26352
       26378
       26416
       26451
       26469
       26497
       26536
       26547
       26565
       26612
       26617
       26712
       26747
       26785
       26809
       26822
       26870
       26920
       26935
       26952
       27027
       27118
       27216
       27251
       27350
       27406
       27494
       27498
       27553
       27581
       27635
       27732
       27815
       27837
       27923
       28000
       28055
       28108
       28170
       28193
       28196
       28199
       28222
       28239
       28284
       28357
       28409
       28475
       28525
       28604
       28669
       28766
       28801
       28819
       28848
       28868
       28952
       29003
       29095
       29136
       29174
       29174
       29205
       29211
       29237
       29255
       29303
       29398
       29456
       29466
       29523
       29613
       29689
       29714
       29730
       29766
       29820
       29867
       29941
       30013
       30041
       30091
       30139
       30197
       30263
       30285
       30292
       30391
       30463
       30542
       30608
       30637
       30686
       30735
       30792
       30823
       30905
       31003
       31089
       31153
       31177
       31204
       31210
       31272
       31323
       31407
       31488
       31587
       31611
       31612
       31670
       31674
       31694
       31718
       31769
       31824
       31874
       31949
       31992
       32076
       32105
       32161
       32216
       32313
       32335
       32386
       32403
       32416
       32486
       32567
       32597
       32663
       32667
       32733
       32742
       32816
       32890
       32976
       32989
       33074
       33129
       33184
       33203
       33294
       33349
       33447
       33448
       33498
       33512
       33595
       33679
       33690
       33789
       33837
       33880
       33949
       34024
       34036
       34106
       34149
       34240
       34261
       34345
       34371
       34416
       34502
       34543
       34630
       34647
       34716
       34719
       34740
       34835
       34841
       34843
       34941
       35038
       35078
       35091
       35172
       35234
       35250
       35347
       35439
       35463
       35512
       35555
       35642
       35710
       35765
       35847
       35849
       35916
       36001
       36081
       36106
       36157
       36255
       36335
       36408
       36449
       36505
       36592
       36633
       36684
       36723
       36816
       36845
       36913
       36994
       37041
       37059
       37147
       37164
       37223
       37318
       37382
       37409
       37504
       37514
       37612
       37641
       37703
       37785
       37787
       37863
       37936
       37952
       38038
       38050
       38132
       38191
       38194
       38281
       38303
       38320
       38366
       38421
       38436
       38497
       38514
       38609
       38649
       38661
       38689
       38750
       38774
       38841
       38884
       38916
       39003
       39013
       39066
       39139
       39229
       39296
       39325
       39410
       39436
       39464
       39482
       39555
       39629
       39658
       39720
       39751
       39790
       39848
       39942
       39967
       40036
       40122
       40140
       40158
       40215
       40310
       40320
       40417
       40469
       40516
       40575
       40651
       40707
       40718
       40732
       40823
       40867
       40922
       40966
       40966
       40981
       41077
       41153
       41229
       41266
       41281
       41332
       41367
       41373
       41449
       41456
       41481
       41514
       41525
       41624
       41709
       41803
       41891
       41970
       42036
       42074
       42113
       42174
       42210
       42290
       42353
       42401
       42461
       42542
       42593
       42611
       42646
       42726
       42744
       42810
       42814
       42825
       42885
       42963
       42973
       42998
       43048
       43056
       43072
       43095
       43176
       43246
       43291
       43303
       43397
       43493
       43537
       43576
       43590
       43625
       43645
       43657
       43674
       43760
       43834
       43889
       43939
       43988
       44050
       44055
       44058
       44074
       44148
       44179
       44270
       44303
       44332
       44336
       44428
       44462
       44538
       44576
       44584
       44658
       44738
       44804
       44877
       44928
       44944
       44946
       44973
       44990
       45002
       45049
       45097
       45104
       45168
       45266
       45322
       45417
       45464
       45550
       45581
       45625
       45689
       45695
       45789
       45839
       45888
       45949
       45978
       46031
       46075
       46117
       46172
       46181
       46206
       46270
       46365
       46419
       46451
       46505
       46589
       46594
       46599
       46668
       46685
       46776
       46816
       46827
       46906
       46989
       47014
       47024
       47054
       47068
       47111
       47160
       47203
       47247
       47312
       47375
       47413
       47432
       47497
       47523
       47611
       47663
       47752
       47809
       47840
       47887
       47954
       47962
       47977
       47983
       48039
       48101
       48181
       48257
       48268
       48349
       48440
       48521
       48551
       48595
       48664
       48718
       48718
       48736
       48815
       48847
       48920
       48977
       49066
       49130
       49168
       49208
       49266
       49336
       49345
       49370
       49422
       49516
       49606
       49648
       49652
       49652
       49749
       49767
       49847
       49942
       50029
       50053
       50126
       50172
       50259
       50338
       50355
       50437
       50454
       50502
       50502
       50563
       50612
       50632
       50683
       50781
       50875
       50946
       50973
       51053
       51064
       51129
       51177
       51269
       51329
       51356
       51391
       51427
       51463
       51486
       51514
       51524
       51530
       51569
       51586
       51646
       51712
       51798
       51858
       51948
       51963
       51976
       52041
       52079
       52102
       52141
       52151
       52183
       52241
       52287
       52345
       52443
       52533
       52548
       52590
       52678
       52708
       52731
       52768
       52812
       52844
       52928
       53000
       53013
       53092
       53118
       53145
       53149
       53160
       53186
       53246
       53247
       53346
       53386
       53416
       53447
       53469
       53562
       53654
       53683
       53749
       53771
       53790
       53835
       53861
       53928
       54017
       54038
       54119
       54202
       54266
       54284
       54338
       54433
       54479
       54566
       54636
       54672
       54735
       54819
       54847
       54915
       54968
       54994
       55055
       55101
       55192
       55281
       55318
       55347
       55420
       55429
       55450
       55473
       55527
       55555
       55579
       55666
       55716
       55802
       55897
       55911
       55935
       55996
       56020
       56030
       56119
       56199
       56223
       56242
       56295
       56335
       56362
       56412
       56424
       56493
       56522
       56605
       56664
       56738
       56815
       56885
       56932
       56987
       57046
       57078
       57119
       57202
       57301
       57375
       57445
       57511
       57577
       57644
       57649
       57661
       57742
       57761
       57813
       57897
       57946
       58022
       58072
       58089
       58133
       58176
       58253
       58285
       58317
       58368
       58413
       58430
       58430
       58513
       58566
       58610
       58683
       58756
       58785
       58829
       58927
       58987
       58987
       59021
       59112
       59162
       59259
       59260
       59350
       59390
       59456
       59466
       59489
       59580
       59594
       59689
       59770
       59853
       59888
       59920
       59930
       59999
       60080
       60081
       60175
       60185
       60264
       60274
       60334
       60334
       60374
       60424
       60477
       60499
       60500
       60536
       60619
       60681
       60744
       60764
       60813
       60881
       60932
       60953
       60962
       61058
       61058
       61112
       61149
       61152
       61162
       61227
       61315
       61383
       61392
       61401
       61485
       61514
       61544
       61582
       61671
       61763
       61797
       61835
       61867
       61949
       62017
       62076
       62173
       62229
       62279
       62330
       62424
       62443
       62495
       62496
       62509
       62536
       62537
       62553
       62554
       62609
       62689
       62775
       62785
       62856
       62952
       62961
       63017
       63085
       63182
       63214
       63281
       63284
       63370
       63454
       63536
       63564
       63589
       63652
       63735
       63797
       63886
       63894
       63901
       63920
       63920
       63946
       63986
       64041
       64098
       64149
       64189
       64194
       64221
       64247
       64283
       64290
       64342
       64391
       64408
       64473
       64566
       64584
       64621
       64662
       64681
       64734
       64822
       64830
       64832
       64833
       64921
       64956
       65024
       65024
       65062
       65100
       65173
       65204
       65291
       65325
       65422
       65518
       65583
       65635
       65643
       65652
       65701
       65716
       65775
       65804
       65855
       65879
       65961
       65963
       66026
       66060
       66152
       66195
       66197
       66260
       66291
       66317
       66328
       66333
       66352
       66384
       66397
       66484
       66492
       66581
       66649
       66715
       66764
       66769
       66846
       66914
       66943
       67040
       67085
       67142
       67184
       67268
       67350
       67373
       67460
       67526
       67589
       67617
       67627
       67712
       67779
       67847
       67891
       67898
       67924
       68013
       68090
       68135
       68208
       68297
       68327
       68376
       68466
       68468
       68505
       68517
       68605
       68606
       68629
       68681
       68717
       68791
       68850
       68924
       69006
       69029
       69127
       69162
       69222
       69265
       69316
       69401
       69472
       69507
       69536
       69569
       69665
       69747
       69814
       69902
       69937
       69962
       70014
       70053
       70120
       70160
       70169
       70225
       70251
       70305
       70404
       70460
       70468
       70562
       70591
       70609
       70678
       70746
       70777
       70814
       70890
       70895
       70940
       71030
       71093
       71093
       71132
       71171
       71269
       71361
       71368
       71465
       71551
       71562
       71608
       71645
       71688
       71728
       71731
       71754
       71823
       71843
       71927
       71935
       71935
       71970
       72031
       72099
       72115
       72175
       72263
       72318
       72353
       72391
       72419
       72466
       72558
       72616
       72659
       72746
       72794
       72806
       72861
       72891
       72976
       72986
       73085
       73087
       73173
       73198
       73218
       73301
       73375
       73412
       73495
       73513
       73538
       73559
       73635
       73715
       73770
       73852
       73893
       73983
       74004
       74102
       74128
       74178
       74195
       74234
       74240
       74263
       74361
       74409
       74463
       74527
       74597
       74693
       74764
       74835
       74923
       75016
       75060
       75115
       75180
       75212
       75262
       75349
       75433
       75527
       75598
       75668
       75690
       75730
       75781
       75817
       75911
       76010
       76095
       76122
       76133
       76198
       76288
       76352
       76427
       76490
       76497
       76584
       76599
       76646
       76694
       76768
       76863
       76955
       77049
       77134
       77175
       77241
       77264
       77339
       77341
       77380
       77408
       77494
       77523
       77584
       77674
       77709
       77766
       77784
       77844
       77865
       77885
       77970
       78055
       78083
       78157
       78224
       78229
       78272
       78359
       78384
       78467
       78469
       78565
       78638
       78656
       78688
       78745
       78800
       78876
       78880
       78976
       79070
       79122
       79221
       79235
       79260
       79268
       79308
       79311
       79380
       79465
       79510
       79516
       79553
       79649
       79743
       79774
       79791
       79842
       79885
       79916
       79953
       80003
       80004
       80079
       80104
       80106
       80183
       80211
       80243
       80276
       80375
       80392
       80419
       80464
       80497
       80574
       80665
       80736
       80746
       80823
       80848
       80942
       80982
       80983
       81007
       81043
       81098
       81177
       81270
       81341
       81348
       81386
       81409
       81460
       81523
       81604
       81627
       81661
       81668
       81739
       81752
       81764
       81807
       81821
       81891
       81955
       82023
       82104
       82108
       82169
       82237
       82246
       82289
       82354
       82376
       82442
       82503
       82596
       82630
       82718
       82737
       82773
       82780
       82859
       82872
       82940
       82943
       82948
       82992
       83053
       83135
       83145
       83161
       83203
       83271
       83285
       83312
       83383
       83435
       83482
       83482
       83570
       83600
       83694
       83743
       83790
       83823
       83827
       83856
       83918
       83955
       83994
       84062
       84097
       84162
       84240
       84309
       84364
       84385
       84419
       84425
       84427
       84468
       84473
       84546
       84581
       84590
       84663
       84718
       84787
       84832
       84872
       84937
       85005
       85020
       85076
       85166
       85230
       85273
       85345
       85354
       85367
       85367
       85374
       85433
       85439
       85502
       85557
       85623
       85643
       85666
       85723
       85788
       85864
       85938
       85984
       86080
       86129
       86146
       86216
       86268
       86329
       86404
       86440
       86501
       86551
       86602
       86602
       86622
       86712
       86719
       86808
       86874
       86961
       86997
       87084
       87110
       87128
       87135
       87225
       87267
       87290
       87375
       87473
       87549
       87628
       87679
       87725
       87739
       87801
       87897
       87935
       87946
       87972
       88012
       88058
       88157
       88255
       88351
       88416
       88482
       88568
       88616
       88643
       88677
       88710
       88727
       88779
       88834
       88877
       88957
       89039
       89130
       89134
       89226
       89259
       89357
       89381
       89469
       89476
       89476
       89558
       89607
       89627
       89719
       89787
       89856
       89898
       89909
       89976
       90028
       90057
       90144
       90158
       90184
       90263
       90328
       90377
       90402
       90482
       90508
       90515
       90557
       90609
       90623
       90641
       90670
       90700
       90796
       90828
       90898
       90971
       91025
       91026
       91036
       91061
       91107
       91204
       91295
       91304
       91372
       91446
       91511
       91602
       91641
       91735
       91823
       91823
       91837
       91849
       91871
       91955
       92013
       92043
       92068
       92109
       92179
       92245
       92314
       92360
       92415
       92504
       92536
       92551
       92636
       92675
       92727
       92821
       92892
       92953
       93041
       93048
       93069
       93140
       93233
       93252
       93335
       93343
       93351
       93355
       93370
       93402
       93501
       93545
       93600
       93610
       93629
       93692
       93702
       93742
       93815
       93849
       93855
       93927
       94022
       94086
       94113
       94200
       94226
       94266
       94303
       94359
       94363
       94374
       94399
       94479
       94571
       94635
       94644
       94666
       94712
       94717
       94745
       94791
       94792
       94890
       94977
       94985
       95000
       95061
       95117
       95177
       95183
       95274
       95346
       95382
       95414
       95480
       95549
       95597
       95665
       95746
       95842
       95892
       95892
       95937
       95938
       95997
       96013
       96038
       96098
       96105
       96190
       96196
       96221
       96281
       96349
       96404
       96431
       96528
       96529
       96592
       96630
       96674
       96675
       96717
       96814
       96895
       96966
       96970
       97039
       97058
       97105
       97177
       97270
       97326
       97418
       97456
       97521
       97577
       97608
       97651
       97731
       97771
       97852
       97926
       97938
       97939
       97964
       98005
       98093
       98153
       98167
       98251
       98265
       98332
       98360
       98434
       98470
       98474
       98541
       98588
       98616
       98672
       98717
       98734
       98745
       98768
       98783
       98813
       98844
       98887
       98937
       98976
       99006
       99015
       99100
       99167
       99263
       99341
       99379
       99380
       99400
       99455
       99484
       99506
       99539
       99596
       99690
       99769
       99801
       99838
       99920
      100013
      100105
      100184
      100271
      100368
      100390
      100477
      100486
      100581
      100592
      100678
      100695
      100786
      100811
      100902
      100942
      101005
      101054
      101057
      101130
      101190
      101201
      101237
      101336
      101360
      101371
      101468
      101562
      101642
      101717
      101806
      101865
      101894
      101967
      102030
      102089
      102134
      102190
      102259
      102291
      102368
      102375
      102465
      102560
      102574
      102639
      102666
      102757
      102852
      102891
      102914
      102936
      102980
      102988
      103004
      103004
      103100
      103158
      103165
      103214
      103220
      103315
      103362
      103443
      103474
      103495
      103579
      103647
      103669
      103730
      103750
      103827
      103829
      103887
      103900
      103984
      104039
      104132
      104192
      104216
      104220
      104300
      104336
      104382
      104410
      104495
      104497
      104596
      104609
      104674
      104741
      104760
      104775
      104853
      104945
      104983
      105033
      105120
      105173
      105269
      105293
      105379
      105438
      105446
      105541
      105571
      105632
      105660
      105711
      105717
      105783
      105826
      105923
      105944
      105987
      106039
      106082
      106144
      106208
      106275
      106276
      106368
      106374
      106413
      106472
      106545
      106570
      106632
      106655
      106741
      106790
      106889
      106902
      106975
      107056
      107062
      107092
      107147
      107180
      107226
      107247
      107262
      107297
      107372
      107397
      107420
      107437
      107475
      107534
      107630
      107668
      107715
      107810
      107863
      107945
      107993
      107994
      108082
      108090
      108147
      108193
      108279
      108322
      108369
      108407
      108449
      108469
      108485
      108489
      108497
      108575
      108603
      108666
      108668
      108708
      108733
      108749
      108833
      108917
      108975
      108988
      109018
      109021
      109037
      109053
      109067
      109088
      109149
      109197
      109214
      109224
      109290
      109370
      109411
      109484
      109547
      109599
      109663
      109684
      109748
      109815
      109878
      109968
      109980
      109994
      110085
      110117
      110175
      110253
      110328
      110367
      110435
      110466
      110549
      110616
      110621
      110654
      110671
      110765
      110820
      110853
      110861
      110932
      110973
      110991
      111004
      111068
      111087
      111159
      111188
      111287
      111371
      111403
      111452
      111537
      111627
      111702
      111763
      111822
      111841
      111879
      111936
      111976
      111981
      112001
      112017
      112065
      112079
      112094
      112115
      112200
      112279
      112377
      112428
      112458
      112504
      112601
      112678
      112773
      112790
      112876
      112947
      112988
      113041
      113059
      113112
      113190
      113238
      113238
      113244
      113274
      113274
      113345
      113356
      113392
      113442
      113536
      113630
      113687
      113724
      113748
      113778
      113786
      113859
      113936
      113957
      114048
      114110
      114175
      114199
      114210
      114214
      114291
      114339
      114375
      114452
      114545
      114590
      114598
      114602
      114648
      114653
      114741
      114781
      114787
      114816
      114849
      114909
      114971
      115026
      115058
      115125
      115156
      115227
      115230
      115284
      115307
      115395
      115459
      115548
      115560
      115588
      115655
      115740
      115793
      115822
      115835
      115844
      115905
      115919
      115940
      115970
      115976
      115995
      116074
      116082
      116150
      116230
      116249
      116329
      116368
      116396
      116460
      116495
      116510
      116594
      116607
      116616
      116652
      116704
      116801
      116806
      116824
      116891
      116909
      116986
      117050
      117097
      117126
      117170
      117235
      117247
      117292
      117376
      117451
      117475
      117554
      117651
      117659
      117685
      117686
      117692
      117749
      117757
      117846
      117918
      117964
      118017
      118068
      118145
      118182
      118197
      118276
      118296
      118379
      118428
      118447
      118475
      118541
      118630
      118662
      118681
      118759
      118819
      118820
      118902
      118976
      119037
      119059
      119135
      119178
      119229
      119257
      119257
      119271
      119326
      119336
      119381
      119472
      119567
      119601
      119667
      119686
      119688
      119754
      119837
      119910
      119939
      119960
      120002
      120014
      120016
      120107
      120121
      120146
      120211
      120255
      120276
      120346
      120436
      120520
      120546
      120578
      120675
      120734
      120791
      120875
      120896
      120926
      121024
      121101
      121139
      121224
      121308
      121334
      121367
      121397
      121480
      121546
      121553
      121596
      121655
      121691
      121700
      121705
      121794
      121804
      121876
      121889
      121985
      122077
      122099
      122136
      122147
      122221
      122287
      122378
      122424
      122444
      122450
      122516
      122550
      122631
      122634
      122688
      122693
      122755
      122834
      122903
      122991
      123004
      123020
      123047
      123068
      123111
      123128
      123194
      123194
      123278
      123330
      123387
      123462
      123544
      123639
      123721
      123748
      123773
      123863
      123882
      123904
      123965
      123981
      124013
      124095
      124120
      124208
      124244
      124318
      124335
      124389
      124440
      124508
      124586
      124654
      124746
      124826
      124834
      124924
      124957
      124968
      124983
      125044
      125081
      125153
      125219
      125236
      125282
      125349
      125435
      125469
      125532
      125607
      125609
      125635
      125715
      125799
      125810
      125850
      125902
      125963
      125966
      126011
      126071
      126095
      126111
      126128
      126164
      126185
      126234
      126281
      126329
      126393
      126424
      126462
      126557
      126563
      126632
      126715
      126795
      126880
      126946
      127007
      127029
      127113
      127149
      127215
      127221
      127291
      127348
      127354
      127381
