          58
          81
         168
         253
         277
         374
         462
         483
         491
         518
         576
         653
         686
         755
         763
         829
         844
         921
         988
        1008
        1020
        1106
        1167
        1260
        1270
        1304
        1402
        1406
        1477
        1558
        1578
        1668
        1731
        1798
        1862
        1942
        1952
        1971
        2046
        2121
        2122
        2125
        2137
        2202
        2239
        2277
        2323
        2388
        2403
        2455
        2474
        2508
        2523
        2547
        2547
        2571
        2595
        2688
        2740
        2749
        2788
        2887
        2942
        2957
        2994
        3023
        3042
        3044
        3074
        3146
        3222
        3284
        3343
        3429
        3470
        3541
        3610
        3709
        3742
        3745
        3767
        3771
        3840
        3933
        3979
        4014
        4070
        4164
        4238
        4248
        4281
        4301
        4353
        4405
        4460
        4483
        4504
        4521
        4592
        4606
        4655
        4708
        4771
        4789
        4878
        4954
        5033
        5040
        5093
        5161
        5163
        5198
        5249
        5271
        5327
        5418
        5472
        5524
        5549
        5599
        5637
        5651
        5699
        5730
        5817
        5839
        5929
        5936
        5981
        6056
        6085
        6126
        6152
        6160
        6240
        6275
        6310
        6402
        6428
        6441
        6538
        6605
        6681
        6705
        6706
        6792
        6879
        6952
        7043
        7070
        7104
        7120
        7121
        7166
        7205
        7218
        7302
        7398
        7470
        7499
        7515
        7531
        7607
        7644
        7716
        7749
        7790
        7879
        7947
        7950
        8044
        8050
        8118
        8138
        8150
        8231
        8306
        8315
        8406
        8460
        8507
        8588
        8617
        8670
        8686
        8741
        8780
        8794
        8870
        8907
        8949
        8953
        8988
        9027
        9106
        9109
        9158
        9236
        9315
        9334
        9343
        9408
        9466
        9476
        9519
        9617
        9630
        9650
        9711
        9797
        9850
        9923
        9997
       10039
       10124
       10188
       10220
       10284
       10357
       10368
       10417
       10471
       10472
       10491
       10548
       10553
       10590
       10679
       10776
       10805
       10856
       10886
       10984
       11063
       11142
       11213
       11259
       11292
       11317
       11355
       11361
       11414
       11511
       11598
       11607
       11690
       11691
       11734
       11762
       11849
       11882
       11919
       11926
       11926
       11980
       11980
       11988
       12005
       12021
       12032
       12102
       12124
       12205
       12260
       12306
       12403
       12445
       12544
       12623
       12720
       12785
       12860
       12887
       12893
       12965
       12983
       13008
       13073
       13129
       13172
       13189
       13203
       13254
       13311
       13397
       13482
       13515
       13538
       13579
       13595
       13618
       13631
       13648
       13655
       13741
       13744
       13838
       13931
       13946
       14033
       14073
       14081
       14105
       14125
       14175
       14178
       14195
       14237
       14319
       14335
       14352
       14384
       14396
       14481
       14487
       14547
       14569
       14616
       14676
       14769
       14831
       14860
       14890
       14950
       15033
       15044
       15096
       15107
       15193
       15254
       15318
       15326
       15358
       15432
       15518
       15543
       15636
       15672
       15754
       15810
       15907
       15981
       15995
       16071
       16167
       16246
       16295
       16323
       16339
       16365
       16434
       16501
       16538
       16550
       16556
       16648
       16690
       16769
       16847
       16876
       16919
       16974
       17038
       17055
       17146
       17233
       17267
       17333
       17396
       17437
       17443
       17542
       17545
       17563
       17639
       17714
       17736
       17795
       17802
       17854
       17891
       17980
       18038
       18121
       18124
       18146
       18202
       18247
       18262
       18350
       18354
       18406
       18449
       18451
       18514
       18543
       18628
       18719
       18807
       18831
       18857
       18898
       18956
       18980
       19021
       19060
       19061
       19107
       19181
       19261
       19313
       19410
       19440
       19521
       19540
       19632
       19719
       19803
       19851
       19939
       20017
       20046
       20063
       20104
       20124
       20195
       20260
       20282
       20360
       20436
       20452
       20540
       20572
       20653
       20732
       20797
       20821
       20868
       20965
       20986
       21031
       21114
       21124
       21186
       21207
       21270
       21306
       21321
       21398
       21408
       21412
       21486
       21497
       21589
       21646
       21708
       21786
       21859
       21909
       21935
       22025
       22115
       22199
       22286
       22352
       22356
       22390
       22426
       22516
       22536
       22605
       22666
       22696
       22743
       22799
       22828
       22850
       22905
       22935
       22973
       22983
       22983
       23080
       23084
       23100
       23190
       23213
       23215
       23221
       23255
       23308
       23400
       23451
       23494
       23584
       23649
       23739
       23805
       23858
       23887
       23979
       24056
       24115
       24148
       24203
       24210
       24213
       24233
       24275
       24351
       24372
       24418
       24487
       24576
       24642
       24715
       24760
       24792
       24830
       24868
       24930
       24990
       25062
       25142
       25220
       25261
       25293
       25318
       25396
       25456
       25484
       25524
       25537
       25592
       25615
       25675
       25692
       25739
       25765
       25859
       25861
       25898
       25925
       25972
       25977
       25997
       26039
       26064
       26157
       26231
       26244
       26307
       26315
       26324
       26348
       26363
       26435
       26521
       26608
       26629
       26666
       26745
       26790
       26880
       26961
       27009
       27102
       27181
       27184
       27247
       27335
       27428
       27437
       27490
       27503
       27505
       27583
       27652
       27675
       27742
       27828
       27830
       27894
       27933
       28023
       28023
       28100
       28155
       28231
       28251
       28301
       28331
       28413
       28484
       28520
       28613
       28687
       28730
       28780
       28844
       28927
       28977
       28989
       29055
       29066
       29076
       29092
       29145
       29229
       29316
       29382
       29457
       29553
       29557
       29596
       29600
       29678
       29752
       29839
       29893
       29903
       29955
       30019
       30032
       30095
       30189
       30213
       30284
       30356
       30394
       30436
       30470
       30536
       30540
       30586
       30611
       30675
       30675
       30771
       30827
       30853
       30909
       30969
       30994
       31036
       31115
       31140
       31172
       31259
       31309
       31388
       31472
       31539
       31572
       31586
       31659
       31703
       31746
       31757
       31763
       31845
       31908
       31972
       32005
       32010
       32109
       32140
       32168
       32241
       32275
       32277
       32310
       32315
       32355
       32362
       32452
       32465
       32556
       32616
       32638
       32690
       32783
       32867
       32894
       32936
       32961
       32972
       32974
       32988
       33050
       33089
       33104
       33112
       33129
       33155
       33170
       33232
       33292
       33364
       33424
       33504
       33582
       33600
       33619
       33695
       33788
       33842
       33862
       33918
       33956
       33987
       33997
       34051
       34077
       34098
       34131
       34134
       34187
       34247
       34313
       34316
       34316
       34374
       34395
       34472
       34545
       34563
       34640
       34697
       34724
       34814
       34908
       34980
       35018
       35067
       35125
       35194
       35275
       35313
       35350
       35377
       35379
       35447
       35473
       35550
       35584
       35644
       35708
       35761
       35832
       35848
       35932
       36011
       36060
       36156
       36184
       36191
       36289
       36339
       36414
       36496
       36539
       36560
       36643
       36649
       36654
       36706
       36773
       36775
       36803
       36878
       36889
       36967
       37027
       37108
       37122
       37208
       37303
       37395
       37447
       37527
       37609
       37672
       37721
       37723
       37805
       37881
       37967
       38056
       38150
       38215
       38251
       38280
       38317
       38334
       38351
       38407
       38430
       38522
       38548
       38550
       38589
       38592
       38677
       38744
       38831
       38842
       38857
       38897
       38976
       39043
       39088
       39172
       39229
       39319
       39371
       39405
       39452
       39542
       39634
       39650
       39740
       39777
       39795
       39871
       39939
       40009
       40049
       40089
       40142
       40164
       40171
       40256
       40283
       40354
       40383
       40472
       40492
       40582
       40650
       40692
       40754
       40785
       40821
       40863
       40895
       40952
       41025
       41079
       41114
       41124
       41164
       41241
       41333
       41346
       41424
       41496
       41555
       41642
       41728
       41762
       41767
       41790
       41880
       41918
       41979
       42047
       42059
       42130
       42165
       42173
       42198
       42296
       42356
       42385
       42477
       42500
       42532
       42605
       42642
       42704
       42729
       42772
       42785
       42825
       42882
       42951
       43027
       43102
       43164
       43211
       43258
       43262
       43326
       43387
       43396
       43468
       43487
       43536
       43621
       43709
       43732
       43828
       43901
       43903
       43949
       43967
       43978
       44020
       44036
       44053
       44058
       44131
       44194
       44283
       44361
       44452
       44476
       44546
       44588
       44677
       44742
       44768
       44829
       44896
       44912
       44949
       45010
       45041
       45092
       45120
       45200
       45244
       45305
       45392
       45478
       45495
       45592
       45646
       45702
       45733
       45764
       45814
       45872
       45933
       46027
       46071
       46091
       46134
       46156
       46254
       46276
       46367
       46459
       46462
       46463
       46497
       46506
       46563
       46589
       46611
       46657
       46663
       46706
       46735
       46776
       46844
       46928
       46978
       47030
       47082
       47132
       47133
       47175
       47258
       47262
       47294
       47313
       47328
       47386
       47440
       47514
       47554
       47610
       47612
       47683
       47692
       47739
       47773
       47859
       47889
       47937
       47954
       47959
       48030
       48121
       48164
       48173
       48213
       48251
       48300
       48377
       48378
       48414
       48421
       48435
       48515
       48533
       48552
       48613
       48711
       48759
       48793
       48883
       48918
       49004
       49047
       49146
       49164
       49229
       49254
       49282
       49286
       49362
       49417
       49466
       49553
       49562
       49656
       49755
       49791
       49843
       49906
       50003
       50047
       50122
       50204
       50230
       50271
       50274
       50369
       50453
       50469
       50533
       50571
       50656
       50707
       50743
       50757
       50780
       50833
       50910
       50935
       50973
       51005
       51022
       51069
       51136
       51172
       51198
       51236
       51278
       51327
       51411
       51489
       51523
       51566
       51585
       51666
       51675
       51773
       51814
       51871
       51943
       51978
       52000
       52071
       52075
       52077
       52141
       52212
       52230
       52304
       52334
       52339
       52420
       52466
       52506
       52605
       52621
       52686
       52756
       52841
       52854
       52903
       52996
       53070
       53117
       53190
       53216
       53299
       53353
       53376
       53440
       53512
       53549
       53608
       53630
       53632
       53683
       53743
       53808
       53816
       53871
       53873
       53881
       53910
       54006
       54091
       54186
       54189
       54228
       54231
       54249
       54305
       54396
       54493
       54510
       54516
       54576
       54631
       54728
       54793
       54795
       54839
       54937
       55019
       55026
       55066
       55116
       55154
       55173
       55189
       55277
       55336
       55435
       55437
       55523
       55616
       55651
       55664
       55753
       55777
       55784
       55881
       55932
       55986
       56049
       56066
       56125
       56141
       56188
       56266
       56358
       56393
       56425
       56432
       56488
       56561
       56598
       56606
       56655
       56730
       56767
       56820
       56829
       56902
       56985
       57070
       57106
       57148
       57208
       57243
       57277
       57374
       57412
       57419
       57492
       57540
       57544
       57581
       57623
       57698
       57748
       57835
       57873
       57942
       57972
       58025
       58086
       58181
       58256
       58312
       58343
       58396
       58414
       58479
       58510
       58553
       58614
       58670
       58724
       58803
       58878
       58932
       58975
       59071
       59157
       59199
       59223
       59223
       59284
       59320
       59416
       59468
       59487
       59489
       59583
       59583
       59611
       59658
       59661
       59661
       59745
       59834
       59859
       59889
       59892
       59977
       59982
       60059
       60126
       60222
       60295
       60332
       60375
       60393
       60406
       60458
       60557
       60632
       60649
       60697
       60755
       60837
       60879
       60890
       60957
       60993
       61017
       61048
       61105
       61132
       61147
       61198
       61275
       61280
       61350
       61356
       61364
       61439
       61445
       61467
       61511
       61534
       61543
       61623
       61701
       61731
       61765
       61814
       61844
       61878
       61942
       61967
       62018
       62063
       62140
       62155
       62231
       62309
       62370
       62451
       62538
       62591
       62657
       62660
       62746
       62809
       62809
       62822
       62830
       62833
       62932
       63020
       63027
       63093
       63106
       63196
       63209
       63209
       63213
       63246
       63315
       63389
       63485
       63534
       63615
       63676
       63679
       63697
       63726
       63734
       63736
       63741
       63753
       63757
       63791
       63833
       63869
       63882
       63897
       63903
       63990
       64017
       64056
       64079
       64149
       64238
       64261
       64347
       64353
       64406
       64409
       64482
       64560
       64604
       64662
       64695
       64726
       64802
       64885
       64939
       64961
       65029
       65110
       65120
       65211
       65284
       65299
       65340
       65344
       65439
       65498
       65592
       65677
       65695
       65778
       65834
       65882
       65925
       66003
       66088
       66144
       66183
       66238
       66255
       66271
       66299
       66347
       66375
       66406
       66443
       66524
       66541
       66619
       66715
       66732
       66793
       66861
       66958
       66993
       67009
       67028
       67106
       67109
       67169
       67174
       67191
       67221
       67306
       67340
       67349
       67424
       67442
       67451
       67536
       67551
       67585
       67668
       67715
       67787
       67876
       67890
       67909
       68003
       68055
       68133
       68134
       68179
       68218
       68233
       68285
       68329
       68370
       68402
       68422
       68457
       68497
       68593
       68666
       68679
       68701
       68772
       68845
       68856
       68940
       68977
       69020
       69078
       69112
       69143
       69222
       69242
       69280
       69340
       69390
       69453
       69458
       69530
       69611
       69698
       69698
       69734
       69824
       69829
       69895
       69931
       69965
       69993
       70004
       70043
       70136
       70190
       70190
       70262
       70295
       70318
       70361
       70377
       70382
       70425
       70464
       70553
       70608
       70653
       70700
       70754
       70781
       70785
       70825
       70907
       70985
       71034
       71098
       71109
       71192
       71255
       71307
       71339
       71344
       71378
       71465
       71514
       71548
       71626
       71672
       71677
       71719
       71801
       71852
       71871
       71880
       71936
       71939
       72012
       72060
       72128
       72207
       72280
       72297
       72351
       72384
       72392
       72453
       72533
       72581
       72633
       72727
       72803
       72896
       72965
       72998
       73078
       73103
       73122
       73177
       73222
       73313
       73393
       73407
       73448
       73449
       73479
       73490
       73561
       73577
       73603
       73638
       73711
       73735
       73761
       73808
       73827
       73920
       74001
       74097
       74173
       74265
       74314
       74335
       74395
       74447
       74517
       74539
       74587
       74685
       74708
       74762
       74833
       74901
       74984
       75042
       75048
       75065
       75109
       75191
       75220
       75271
       75359
       75413
       75458
       75476
       75477
       75549
       75632
       75659
       75753
       75811
       75820
       75859
       75955
       76043
       76098
       76187
       76196
       76249
       76270
       76274
       76349
       76402
       76487
       76571
       76576
       76578
       76594
       76609
       76652
       76705
       76757
       76763
       76860
       76925
       76960
       77002
       77055
       77124
       77201
       77284
       77378
       77463
       77503
       77534
       77602
       77640
       77736
       77748
       77788
       77851
       77895
       77950
       77976
       78070
       78117
       78208
       78305
       78351
       78383
       78449
       78526
       78619
       78659
       78708
       78784
       78841
       78907
       78925
       79004
       79101
       79160
       79237
       79263
       79355
       79359
       79421
       79428
       79464
       79560
       79589
       79614
       79662
       79694
       79765
       79808
       79831
       79864
       79889
       79987
       80052
       80053
       80065
       80122
       80201
       80271
       80297
       80348
       80386
       80419
       80515
       80602
       80643
       80696
       80747
       80768
       80841
       80922
       80971
       81045
       81134
       81149
       81210
       81274
       81303
       81359
       81376
       81453
       81537
       81576
       81584
       81671
       81743
       81794
       81823
       81903
       81993
       82089
       82113
       82188
       82239
       82244
       82339
       82399
       82400
       82442
       82445
       82469
       82527
       82570
       82580
       82613
       82654
       82691
       82726
       82778
       82788
       82837
       82848
       82865
       82916
       82978
       83058
       83062
       83095
       83180
       83279
       83304
       83376
       83444
       83503
       83522
       83570
       83570
       83657
       83727
       83793
       83831
       83861
       83891
       83987
       84052
       84103
       84136
       84165
       84181
       84273
       84315
       84398
       84399
       84445
       84463
       84520
       84528
       84610
       84638
       84712
       84798
       84846
       84931
       84931
       84962
       84981
       85068
       85160
       85254
       85314
       85356
       85405
       85421
       85433
       85433
       85519
       85532
       85564
       85586
       85632
       85670
       85719
       85737
       85818
       85863
       85914
       86004
       86009
       86093
       86180
       86201
       86250
       86256
       86277
       86321
       86377
       86458
       86491
       86524
       86539
       86575
       86595
       86650
       86748
       86817
       86907
       86951
       87003
       87101
       87168
       87245
       87293
       87357
       87357
       87371
       87450
       87466
       87474
       87547
       87641
       87712
       87747
       87789
       87846
       87882
       87959
       88031
       88044
       88126
       88196
       88269
       88279
       88335
       88365
       88365
       88411
       88487
       88529
       88546
       88632
       88716
       88803
       88887
       88955
       89009
       89080
       89109
       89182
       89260
       89282
       89359
       89431
       89476
       89497
       89526
       89585
       89590
       89628
       89655
       89748
       89827
       89914
       89986
       90084
       90095
       90192
       90240
       90268
       90352
       90420
       90439
       90517
       90550
       90557
       90621
       90646
       90715
       90793
       90892
       90945
       91001
       91028
       91056
       91155
       91165
       91255
       91351
       91424
       91439
       91504
       91559
       91581
       91665
       91699
       91716
       91734
       91825
       91914
       91955
       91967
       92050
       92092
       92097
       92150
       92193
       92212
       92287
       92323
       92371
       92410
       92470
       92536
       92598
       92695
       92741
       92811
       92908
       92915
       92980
       93030
       93115
       93198
       93203
       93281
       93311
       93343
       93375
       93458
       93541
       93570
       93625
       93670
       93741
       93799
       93880
       93919
       93998
       94091
       94131
       94211
       94213
       94303
       94385
       94417
       94466
       94554
       94642
       94704
       94748
       94772
       94785
       94861
       94887
       94904
       94969
       95024
       95099
       95186
       95284
       95339
       95363
       95382
       95476
       95482
       95543
       95548
       95589
       95668
       95739
       95804
       95838
       95868
       95873
       95944
       96005
       96099
       96139
       96139
       96194
       96290
       96379
       96381
       96404
       96444
       96518
       96559
       96608
       96624
       96659
       96684
       96752
       96831
       96858
       96939
       97036
       97079
       97172
       97266
       97359
       97399
       97433
       97447
       97473
       97495
       97557
       97584
       97600
       97607
       97685
       97743
       97799
       97832
       97835
       97907
       97944
       98011
       98077
       98130
       98166
       98200
       98228
       98293
       98342
       98359
       98409
       98421
       98474
       98521
       98536
       98536
       98608
       98700
       98769
       98797
       98865
       98931
       98972
       98981
       99057
       99080
       99170
       99212
       99224
       99278
       99345
       99441
       99477
       99520
       99619
       99624
       99684
       99730
       99764
       99823
       99874
       99903
       99910
       99917
       99994
      100029
      100051
      100104
      100160
      100190
      100215
      100268
      100355
      100388
      100438
      100536
      100635
      100645
      100710
      100799
      100888
      100916
      100927
      100938
      100964
      101034
      101104
      101168
      101217
      101275
      101367
      101464
      101513
      101547
      101553
      101556
      101570
      101655
      101707
      101769
      101853
      101862
      101876
      101938
      101938
      101946
      102010
      102037
      102087
      102127
      102218
      102317
      102348
      102375
      102432
      102494
      102501
      102506
      102542
      102636
      102661
      102737
      102792
      102857
      102932
      103024
      103057
      103060
      103101
      103105
      103114
      103170
      103171
      103240
      103271
      103341
      103404
      103477
      103535
      103618
      103690
      103691
      103736
      103778
      103834
      103844
      103859
      103943
      103952
      103994
      104088
      104138
      104188
      104237
      104247
      104254
      104335
      104366
      104409
      104481
      104547
      104595
      104621
      104711
      104766
      104767
      104788
      104864
      104953
      104966
      104997
      105045
      105084
      105173
      105229
      105322
      105420
      105472
      105545
      105642
      105695
      105741
      105827
      105845
      105853
      105947
      105976
      106068
      106074
      106076
      106079
      106087
      106164
      106210
      106231
      106279
      106331
      106331
      106386
      106448
      106531
      106592
      106592
      106622
      106705
      106790
      106791
      106872
      106969
      106984
      106997
      107005
      107015
      107033
      107105
      107199
      107262
      107276
      107336
      107423
      107435
      107520
      107521
      107525
      107587
      107644
      107653
      107695
      107766
      107822
      107896
      107904
      107960
      108017
      108076
      108094
      108163
      108192
      108257
      108324
      108340
      108419
      108478
      108548
      108589
      108671
      108714
      108769
      108806
      108875
      108912
      108991
      109050
      109083
      109109
      109171
      109270
      109326
      109395
      109440
      109534
      109619
      109671
      109730
      109736
      109740
      109750
      109837
      109914
      109993
      110058
      110119
      110166
      110208
      110307
      110404
      110435
      110531
      110583
      110662
      110690
      110732
      110763
      110855
      110943
      110961
      110993
      111059
      111068
      111161
      111203
      111209
      111280
      111291
      111328
      111369
      111460
      111525
      111596
      111638
      111669
      111720
      111770
      111812
      111910
      111972
      112017
      112020
      112095
      112193
      112284
      112304
      112339
      112401
      112408
      112468
      112505
      112595
      112655
      112729
      112819
      112839
      112900
      112930
      112992
      113011
      113073
      113078
      113149
      113225
      113261
      113353
      113446
      113528
      113543
      113594
      113635
      113698
      113791
      113821
      113891
      113908
      113963
      113965
      114035
      114118
      114174
      114193
      114240
      114243
      114330
      114388
      114446
      114448
      114498
      114567
      114603
      114618
      114660
      114747
      114821
      114852
      114865
      114907
      114945
      115022
      115070
      115100
      115101
      115172
      115205
      115210
      115282
      115358
      115434
      115457
      115479
      115507
      115544
      115633
      115660
      115716
      115721
      115735
      115739
      115810
      115888
      115912
      115947
      116023
      116024
      116104
      116109
      116113
      116209
      116256
      116294
      116392
      116421
      116514
      116565
      116580
      116618
      116706
      116775
      116788
      116871
      116911
      116965
      117019
      117100
      117172
      117259
      117319
      117386
      117427
      117486
      117499
      117531
      117532
      117567
      117663
      117694
      117754
      117836
      117924
      117980
      118064
      118113
      118200
      118207
      118208
      118276
      118344
      118401
      118403
      118460
      118552
      118608
      118619
      118651
      118738
      118834
      118893
      118985
      119068
      119161
      119214
      119237
      119274
      119295
      119323
      119324
      119365
      119424
      119443
      119522
      119529
      119595
      119600
      119629
      119629
      119666
      119688
      119773
      119859
      119917
      119919
      119953
      119974
      120041
      120088
      120164
      120260
      120266
      120318
      120342
      120348
      120411
      120417
      120461
      120488
      120495
      120501
      120525
      120563
      120662
      120728
      120767
      120827
      120834
      120927
      121019
      121072
      121094
      121193
      121290
      121369
      121405
      121502
      121569
      121616
      121668
      121752
      121809
      121849
      121855
      121866
      121881
      121921
      121960
      122014
      122037
      122070
      122107
      122172
      122190
      122281
      122357
      122456
      122487
      122489
      122520
      122594
      122598
      122667
      122698
      122761
      122845
      122877
      122878
      122950
      122976
      123058
      123126
      123160
      123175
      123215
      123243
      123290
      123291
      123296
      123314
      123314
      123327
      123393
      123471
      123555
      123609
      123670
      123727
      123768
      123825
      123914
      123997
      124045
      124121
      124142
      124234
      124309
      124403
      124464
      124544
      124634
      124722
      124786
      124869
      124889
      124918
      124972
      125065
      125072
      125157
      125229
      125315
      125341
      125347
      125399
      125486
      125500
      125517
      125560
      125561
      125575
      125670
      125743
      125839
      125897
      125985
      126036
      126055
      126116
      126137
      126217
      126276
      126317
      126347
      126411
      126477
      126547
      126627
      126706
      126734
      126749
      126814
      126901
      126960
      126992
      127010
      127069
      127165
      127193
      127270
      127279
      127289
      127375
      127401
      127401
      127410
      127435
      127472
      127545
      127622
      127692
      127729
      127793
      127811
      127816
      127886
      127960
      128051
      128073
      128114
      128148
      128216
      128307
      128351
      128372
      128390
      128460
      128505
      128564
      128571
      128606
      128654
      128667
      128706
      128708
      128741
      128823
      128879
      128948
      128970
      128992
      129028
      129041
      129118
      129159
      129191
      129223
      129227
      129320
      129356
      129361
      129399
      129455
      129470
      129551
      129604
      129637
      129664
      129704
      129782
      129822
      129895
      129959
      129959
      129973
      130030
      130122
      130150
      130230
      130233
      130285
      130299
      130398
      130462
      130542
      130542
      130547
      130604
      130696
      130739
      130779
      130853
      130916
      131015
      131050
      131113
      131188
      131245
      131245
      131297
      131342
      131408
      131408
      131440
      131488
      131573
      131634
      131726
      131764
      131799
      131885
      131961
      132038
      132087
      132151
      132193
      132281
      132319
      132394
      132443
      132534
      132618
      132658
      132717
      132765
      132793
      132858
      132876
      132959
      132991
      133074
      133129
      133216
      133260
      133301
      133384
      133447
      133517
      133586
      133662
      133671
      133755
      133852
      133860
      133898
      133936
      133962
      133997
      134019
      134055
      134122
      134142
      134154
      134184
      134230
      134271
      134284
      134297
      134382
      134447
      134514
      134544
      134606
      134628
      134631
      134713
      134796
      134798
      134869
      134938
      134942
      135003
      135045
      135045
      135056
      135065
      135145
      135147
      135244
      135254
      135314
      135326
      135365
      135365
      135375
      135468
      135540
      135631
      135637
      135666
      135727
      135748
      135796
      135833
      135866
      135950
      136035
      136089
      136148
      136184
      136208
      136267
      136301
      136370
      136409
      136421
      136445
      136519
      136555
      136600
      136637
      136715
      136763
      136802
      136828
      136914
      136922
      137003
      137076
      137101
      137189
      137255
      137255
      137266
      137286
      137315
      137389
      137446
      137462
      137466
      137517
      137544
      137598
      137652
      137721
      137766
      137805
      137904
      138001
      138015
      138097
      138131
      138132
      138143
      138162
      138172
      138236
      138282
      138327
      138346
      138382
      138434
      138491
      138542
      138634
      138637
      138673
      138721
      138740
      138746
      138756
      138763
      138848
      138866
      138919
      138920
      138931
      138935
      139030
      139118
      139150
      139228
      139316
      139327
      139401
      139429
      139471
      139525
      139610
      139677
      139761
      139833
      139859
      139930
      140001
      140054
      140072
      140158
      140237
      140253
      140329
      140353
      140421
      140462
      140507
      140590
      140666
      140674
      140750
      140780
      140800
      140805
      140887
      140910
      140987
      141041
      141048
      141079
      141117
      141133
      141225
      141303
      141366
      141369
      141386
      141462
      141478
      141480
      141511
      141588
      141646
      141737
      141779
      141813
      141852
      141936
      142030
      142096
      142182
      142198
      142287
      142325
      142341
      142377
      142398
      142444
      142520
      142545
      142615
      142679
      142744
      142792
      142843
      142890
      142897
      142911
      142961
      143025
      143043
      143133
      143229
      143236
      143264
      143317
      143349
      143442
      143486
      143526
      143567
      143594
      143598
      143635
      143638
      143647
      143680
      143694
      143734
      143805
      143811
      143857
      143905
      143929
      143951
      144018
      144043
      144050
      144123
      144187
      144237
      144282
      144326
      144362
      144401
      144444
      144493
      144587
      144621
      144632
      144643
      144688
      144729
      144774
      144845
      144866
      144878
      144890
      144969
      144996
      145074
      145133
      145224
      145229
      145324
      145335
      145399
      145455
      145547
      145623
      145633
      145717
      145798
      145819
      145838
      145868
      145935
      146027
      146111
      146161
      146185
      146193
      146193
      146236
      146292
      146365
      146422
      146470
      146533
      146572
      146660
      146727
      146740
      146778
      146784
      146843
      146924
      147007
      147089
      147126
      147206
      147273
      147280
      147363
      147429
      147520
      147589
      147610
      147693
      147716
      147801
      147895
      147982
      147985
      148050
      148114
      148170
      148268
      148342
      148394
      148422
      148501
      148565
      148625
      148640
      148683
      148754
      148840
      148878
      148910
      148976
      149065
      149097
      149190
      149216
      149283
      149313
      149325
      149341
      149352
      149409
      149491
      149574
      149581
      149651
      149748
      149833
      149914
      149936
      149941
      149961
      150014
      150072
      150095
      150160
      150195
      150254
      150272
      150365
      150411
      150481
      150540
      150560
      150621
      150630
      150705
      150748
      150813
      150880
      150950
      151018
      151043
      151053
      151109
      151112
      151121
      151186
      151209
      151273
      151276
      151343
      151386
      151462
      151473
      151524
      151571
      151629
      151682
      151722
      151729
      151740
      151743
      151793
      151802
      151873
      151898
      151967
      152044
      152090
      152187
      152232
      152262
      152295
      152355
      152452
      152498
      152529
      152609
      152643
      152674
      152677
      152707
      152776
      152801
      152810
      152834
      152861
      152878
      152902
      152974
      153053
      153121
      153124
      153153
      153183
      153191
      153278
      153355
      153394
      153456
      153478
      153484
      153515
      153585
      153632
      153669
      153749
      153837
      153914
      154008
      154049
      154073
      154145
      154181
      154247
      154279
      154313
      154341
      154379
      154452
      154529
      154623
      154670
      154675
      154688
      154746
      154787
      154846
      154935
      155000
      155039
      155069
      155094
      155140
      155171
      155262
      155281
      155317
      155367
      155405
      155435
      155444
      155454
      155550
      155567
      155608
      155696
      155697
      155744
      155784
      155857
      155953
      156034
      156060
      156158
      156190
      156218
      156299
      156327
      156419
      156456
      156479
      156490
      156502
      156582
      156610
      156631
      156696
      156768
      156804
      156874
      156899
      156993
      157052
      157086
      157182
      157208
      157296
      157387
      157422
      157503
      157550
      157626
      157680
      157744
      157788
      157813
      157872
      157939
      157957
      158039
      158088
      158124
      158222
      158291
      158293
      158356
      158417
      158419
      158419
      158432
      158490
      158586
      158589
      158683
      158749
      158784
      158818
      158858
      158890
      158903
      158912
      158945
      159004
      159052
      159115
      159135
      159227
      159307
      159317
      159401
      159479
      159521
      159585
      159642
      159702
      159782
      159835
      159924
      160013
      160035
      160097
      160097
      160154
      160211
      160284
      160304
      160359
      160428
      160428
      160475
      160574
      160628
      160693
      160777
      160834
      160876
      160883
      160884
      160940
      160958
      160986
      161035
      161042
      161111
      161205
      161249
      161254
      161304
      161366
      161447
      161529
      161625
      161678
      161742
      161742
      161753
      161760
      161771
      161793
      161841
      161848
      161854
      161945
      162030
      162065
      162140
      162179
      162219
      162296
      162340
      162431
      162515
      162601
      162698
      162757
      162850
      162902
      162927
      162991
      163006
      163053
      163126
      163184
      163204
      163256
      163341
      163391
      163483
      163526
      163556
      163644
      163709
      163805
      163885
      163918
      163980
      164039
      164069
      164090
      164160
      164172
      164199
      164250
      164286
      164320
      164391
      164441
      164464
      164485
      164519
      164588
      164686
      164747
      164778
      164850
      164856
      164946
      165017
      165068
      165129
      165223
      165281
      165310
      165323
      165411
      165469
      165546
      165578
      165611
      165620
      165687
      165714
      165790
      165798
      165863
      165945
      165986
      166014
      166063
      166084
      166138
      166180
      166236
      166245
      166251
      166252
      166325
      166339
      166352
      166388
      166409
      166478
      166508
      166529
      166575
      166610
      166698
      166719
      166814
      166883
      166963
      167051
      167066
      167084
      167084
      167133
      167139
      167217
      167250
      167311
      167407
      167417
      167453
      167535
      167608
      167635
      167677
      167726
      167732
      167736
      167745
      167818
      167912
      167996
      168019
      168086
      168120
      168130
      168225
      168240
      168299
      168360
      168401
      168423
      168462
      168527
      168561
      168616
      168632
      168728
      168817
      168897
      168937
      168961
      169032
      169112
      169117
      169125
      169125
      169162
      169242
      169268
      169345
      169409
      169479
      169527
      169591
      169603
      169617
      169647
      169652
      169750
      169840
      169879
      169964
      170050
      170087
      170103
      170106
      170170
      170187
      170204
      170303
      170381
      170446
      170524
      170536
      170607
      170700
      170762
      170793
      170796
      170796
      170815
      170826
      170893
      170903
      170984
      171063
      171150
      171240
      171245
      171277
      171293
      171326
      171398
      171417
      171470
      171516
      171604
      171674
      171730
      171827
      171864
      171864
      171928
      172022
      172050
      172113
      172114
      172201
      172210
      172261
      172303
      172370
      172445
      172447
      172502
      172577
      172651
      172685
      172764
      172768
      172776
      172781
      172821
      172888
      172964
      172986
      173019
      173100
      173166
      173247
      173293
      173320
      173341
      173382
      173444
      173506
      173516
      173592
      173686
      173712
      173806
      173825
      173845
      173858
      173942
      173991
      174005
      174101
      174164
      174213
      174281
      174365
      174418
      174432
      174488
      174529
      174600
      174610
      174641
      174736
      174835
      174837
      174883
      174926
      174994
      175046
      175049
      175083
      175177
      175256
      175311
      175407
      175407
      175469
      175491
      175498
      175555
      175618
      175690
      175727
      175764
      175807
      175898
      175993
      176020
      176119
      176195
      176254
      176327
      176403
      176465
      176521
      176618
      176633
      176718
      176795
      176854
      176932
      176979
      177044
      177135
      177202
      177300
      177364
      177418
      177487
      177531
      177585
      177642
      177730
      177760
      177785
      177837
      177893
      177911
      177926
      177955
      178027
      178067
      178130
      178130
      178215
      178232
      178313
      178409
      178467
      178483
      178545
      178643
      178662
      178704
      178763
      178772
      178866
      178910
      179008
      179029
      179033
      179125
      179129
      179213
      179228
      179317
      179325
      179404
      179465
      179487
      179500
      179525
      179572
      179652
      179693
      179741
      179753
      179801
      179870
      179956
      180024
      180076
      180157
      180241
      180260
      180316
      180362
      180424
      180438
      180478
      180565
      180612
      180668
      180673
      180677
      180694
      180727
      180772
      180833
      180911
      180949
      180951
      180975
      181031
      181088
      181136
      181151
      181191
      181217
      181268
      181295
      181364
      181398
      181448
      181479
      181511
      181549
      181630
      181705
      181790
      181829
      181912
      181918
      182017
      182088
      182155
      182191
      182284
      182364
      182421
      182490
      182553
      182604
      182673
      182676
      182716
      182745
      182789
      182829
      182878
      182965
      182974
      183051
      183142
      183227
      183267
      183323
      183412
      183481
      183487
      183528
      183560
      183611
      183624
      183634
      183732
      183815
      183878
      183920
      183953
      183983
      184058
      184098
      184142
      184161
      184256
      184346
      184432
      184453
      184480
      184490
      184572
      184629
      184631
      184692
      184746
      184764
      184800
      184837
      184904
      184925
      185012
      185093
      185132
      185172
      185179
      185201
      185242
      185341
      185383
      185461
      185468
      185501
      185555
      185573
      185602
      185610
      185644
      185722
      185793
      185794
      185846
      185917
      186001
      186073
      186171
      186230
      186289
      186381
      186443
      186474
      186530
      186538
      186555
      186569
      186636
      186680
      186744
      186779
      186866
      186938
      186981
      187007
      187093
      187127
      187172
      187196
      187218
      187287
      187373
      187469
      187549
      187606
      187685
      187701
      187753
      187834
      187843
      187915
      187935
      187973
      187974
      187983
      187996
      188063
      188110
      188133
      188150
      188220
      188286
      188369
      188390
      188474
      188477
      188491
      188576
      188586
      188629
      188656
      188703
      188776
      188863
      188891
      188942
      189020
      189051
      189056
      189138
      189208
      189262
      189305
      189316
      189373
      189425
      189437
      189438
      189455
      189479
      189552
      189646
      189737
      189777
      189798
      189867
      189964
      190047
      190129
      190195
      190239
      190320
      190380
      190459
      190556
      190613
      190671
      190697
      190790
      190792
      190881
      190892
      190896
      190934
      191014
      191031
      191114
      191134
      191215
      191274
      191284
      191320
      191407
      191504
      191552
      191635
      191713
      191791
      191867
      191955
      191961
      192003
      192010
      192095
      192118
      192150
      192246
      192294
      192373
      192447
      192507
      192539
      192633
      192680
      192760
      192764
      192856
      192941
      192982
      192999
      193025
      193109
      193132
      193199
      193297
      193395
      193416
      193491
      193511
      193519
      193563
      193639
      193689
      193704
      193783
      193794
      193799
      193869
      193945
      194040
      194062
      194143
      194143
      194170
      194232
      194287
      194296
      194310
      194340
      194391
      194397
      194454
      194539
      194553
      194642
      194728
      194747
      194833
      194855
      194932
      194952
      195035
      195119
      195151
      195157
      195200
      195246
      195313
      195369
      195457
      195481
      195539
      195619
      195701
      195782
      195852
      195852
      195950
      196008
      196013
      196037
      196051
      196135
      196152
      196249
      196288
      196339
      196344
      196398
      196448
      196495
      196519
      196612
      196646
      196745
      196779
      196792
      196856
      196941
      197006
      197070
      197165
      197250
      197267
      197306
      197374
      197470
      197485
      197564
      197634
      197664
      197704
      197780
      197861
      197904
      197957
      198042
      198048
      198087
      198184
      198184
      198228
      198233
      198242
      198332
      198384
      198387
      198445
      198502
      198555
      198561
      198640
      198712
      198751
      198834
      198855
      198900
      198992
      199068
      199104
      199120
      199176
      199245
      199289
      199332
      199340
      199406
      199443
      199491
      199573
      199588
      199608
      199657
      199738
      199754
      199778
      199841
      199904
      199952
      200012
      200091
      200103
      200191
      200230
      200299
      200387
      200456
      200539
      200557
      200561
      200640
      200676
      200734
      200747
      200812
      200867
      200906
      200983
      201063
      201125
      201206
      201269
      201338
      201427
      201493
      201550
      201621
      201696
      201733
      201750
      201802
      201853
      201919
      201975
      202040
      202052
      202142
      202204
      202271
      202360
      202373
      202406
      202466
      202561
      202602
      202655
      202678
      202758
      202780
      202850
      202893
      202893
      202918
      202978
      203058
      203149
      203246
      203299
      203347
      203435
      203449
      203515
      203609
      203615
      203629
      203696
      203711
      203754
      203806
      203902
      203925
      204009
      204030
      204114
      204162
      204170
      204217
      204276
      204295
      204333
      204336
      204413
      204445
      204472
      204564
      204662
      204698
      204720
      204812
      204839
      204932
      204961
      205036
      205087
      205119
      205127
      205137
      205172
      205264
      205356
      205368
      205381
      205459
      205498
      205573
      205638
      205724
      205781
      205790
      205835
      205934
      205967
      206009
      206022
      206049
      206118
      206210
      206249
      206330
      206418
      206440
      206469
      206552
      206640
      206726
      206802
      206803
      206874
      206874
      206893
      206946
      207028
      207121
      207133
      207168
      207185
      207222
      207282
      207361
      207437
      207529
      207610
      207673
      207758
      207835
      207918
      207958
      208056
      208109
      208150
      208157
      208240
      208323
      208363
      208456
      208478
      208573
      208585
      208595
      208668
      208678
      208722
      208781
      208798
      208838
      208883
      208934
      209010
      209023
      209074
      209075
      209118
      209207
      209275
      209281
      209313
      209323
      209339
      209435
      209476
      209510
      209603
      209671
      209732
      209799
      209852
      209899
      209956
      209959
      210020
      210053
      210128
      210185
      210216
      210216
      210251
      210331
      210338
      210361
      210396
      210448
      210543
      210554
      210620
      210621
      210691
      210739
      210789
      210874
      210951
      210965
      210987
      211009
      211031
      211041
      211062
      211147
      211195
      211270
      211349
      211355
      211431
      211497
      211524
      211552
      211557
      211618
      211639
      211684
      211779
      211800
      211840
      211868
      211902
      211930
      211933
      211939
      212007
      212093
      212107
      212204
      212245
      212283
      212368
      212457
      212519
      212559
      212564
      212649
      212694
      212783
      212848
      212894
      212930
      212996
      213063
      213127
      213128
      213129
      213198
      213295
      213385
      213440
      213520
      213610
      213642
      213701
      213757
      213794
      213816
      213898
      213948
      213996
      214089
      214114
      214210
      214267
      214312
      214408
      214437
      214536
      214588
      214646
      214740
      214761
      214798
      214860
      214891
      214926
      214947
      214990
      215052
      215089
      215168
      215265
      215307
      215364
      215399
      215409
      215432
      215477
      215533
      215535
      215626
      215642
      215707
      215735
      215741
      215824
      215838
      215895
      215936
      216030
      216052
      216118
      216187
      216286
      216340
      216397
      216438
      216439
      216505
      216596
      216675
      216752
      216758
      216796
      216797
      216867
      216918
      216984
      217078
      217081
      217104
      217161
      217204
      217211
      217215
      217306
      217323
      217415
      217473
      217546
      217596
      217613
      217700
      217786
      217882
      217889
      217954
      217974
      218066
      218129
      218153
      218162
      218219
      218231
      218268
      218331
      218358
      218449
      218499
      218550
      218580
      218650
      218719
      218797
      218803
      218887
      218955
      219006
      219073
      219098
      219150
      219163
      219203
      219214
      219236
      219275
      219323
      219407
      219416
      219480
      219569
      219587
      219623
      219703
      219725
      219775
      219855
      219943
      219950
      220019
      220048
      220110
      220136
      220200
      220231
      220266
      220272
      220346
      220442
      220463
      220528
      220577
      220605
      220702
      220756
      220824
      220888
      220907
      220992
      221091
      221179
      221230
      221281
      221304
      221359
      221393
      221433
      221489
      221517
      221593
      221650
      221669
      221675
      221739
      221795
      221821
      221823
      221872
      221904
      221984
      222057
      222094
      222114
      222170
      222266
      222271
      222344
      222376
      222400
      222478
      222490
      222514
      222519
      222586
      222640
      222650
      222734
      222797
      222813
      222848
      222893
      222897
      222935
      223032
      223095
      223099
      223114
      223122
      223215
      223232
      223263
      223297
      223345
      223379
      223443
      223484
      223486
      223526
      223586
      223662
      223664
      223704
      223752
      223792
      223822
      223827
      223920
      224010
      224085
      224104
      224129
      224141
      224193
      224221
      224229
      224285
      224375
      224382
      224440
      224446
      224525
      224544
      224567
      224605
      224688
      224741
      224840
      224936
      224939
      224950
      224960
      225051
      225078
      225109
      225204
      225232
      225283
      225343
      225389
      225454
      225517
      225557
      225602
      225666
      225748
      225763
      225803
      225825
      225924
      225952
      225958
      226016
      226112
      226203
      226295
      226366
      226440
      226528
      226546
      226628
      226630
      226653
      226745
      226784
      226819
      226819
      226916
      226958
      227038
      227136
      227178
      227182
      227254
      227332
      227400
      227494
      227561
      227642
      227649
      227724
      227777
      227794
      227872
      227914
      227987
      228039
      228106
      228167
      228253
      228280
      228325
      228332
      228365
      228456
      228496
      228527
      228540
      228605
      228683
      228727
      228802
      228815
      228911
      228993
      229045
      229083
      229108
      229109
      229203
      229289
      229380
      229479
      229516
      229531
      229603
      229687
      229738
      229754
      229799
      229834
      229851
      229919
      229954
      230052
      230058
      230127
      230216
      230295
      230317
      230370
      230425
      230482
      230570
      230667
      230752
      230809
      230817
      230911
      230932
      231027
      231055
      231106
      231143
      231228
      231263
      231304
      231375
      231424
      231485
      231492
      231495
      231579
      231586
      231634
      231652
      231718
      231816
      231844
      231870
      231949
      232041
      232090
      232186
      232218
      232299
      232323
      232357
      232407
      232476
      232519
      232577
      232644
      232669
      232708
      232736
      232811
      232827
      232847
      232878
      232914
      232960
      233023
      233057
      233058
      233058
      233133
      233225
      233241
      233262
      233271
      233362
      233400
      233433
      233483
      233535
      233559
      233593
      233636
      233641
      233734
      233777
      233844
      233885
      233934
      233963
      234032
      234064
      234146
      234219
      234264
      234336
      234337
      234370
      234388
      234432
      234507
      234534
      234586
      234607
      234626
      234682
      234726
      234765
      234855
      234891
      234910
      234983
      235069
      235102
      235112
      235122
      235194
      235275
      235347
      235354
      235362
      235405
      235459
      235553
      235602
      235654
      235661
      235738
      235814
      235872
      235948
      235985
      236037
      236129
      236152
      236196
      236255
      236295
      236345
      236387
      236415
      236451
      236545
      236575
      236621
      236621
      236707
      236715
      236760
      236776
      236864
      236947
      236976
      236997
      237020
      237098
      237139
      237142
      237173
      237238
      237294
      237378
      237466
      237555
      237599
      237679
      237757
      237847
      237861
      237953
      237986
      238029
      238029
      238033
      238126
      238198
      238237
      238305
      238383
      238413
      238501
      238523
      238611
      238640
      238656
      238693
      238744
      238804
      238884
      238886
      238941
      239025
      239026
      239087
      239134
      239198
      239200
      239215
      239241
      239323
      239325
      239364
      239367
      239459
      239541
      239582
      239610
      239611
      239659
      239664
      239763
      239820
      239886
      239941
      240006
      240031
      240073
      240161
      240198
      240215
      240295
      240392
      240449
      240535
      240631
      240726
      240767
      240811
      240895
      240905
      240949
      241008
      241095
      241190
      241206
      241226
      241258
      241276
      241322
      241333
      241335
      241371
      241438
      241528
      241586
      241631
      241702
      241711
      241734
      241771
      241822
      241913
      241938
      242031
      242037
      242043
      242097
      242152
      242206
      242239
      242287
      242371
      242389
      242439
      242446
      242457
      242471
      242505
      242597
      242603
      242662
      242733
      242831
      242895
      242991
      243005
      243005
      243081
      243163
      243215
      243227
      243254
      243291
      243309
      243382
      243388
      243391
      243411
      243439
      243519
      243571
      243626
      243688
      243743
      243748
      243813
      243828
      243871
      243950
      243950
      244007
      244037
      244041
      244064
      244130
      244201
      244290
      244357
      244449
      244545
      244602
      244687
      244731
      244808
      244901
      244987
      245010
      245019
      245024
      245097
      245163
      245186
      245224
      245225
      245270
      245369
      245462
      245525
      245590
      245675
      245773
      245871
      245947
      246002
      246017
      246104
      246177
      246188
      246263
      246324
      246422
      246483
      246525
      246525
      246620
      246651
      246749
      246751
      246810
      246881
      246944
      246993
      247070
      247077
      247174
      247206
      247249
      247325
      247419
      247457
      247478
      247545
      247611
      247652
      247747
      247791
      247797
      247855
      247934
      247964
      247964
      248044
      248045
      248071
      248108
      248158
      248206
      248282
      248314
      248403
      248423
      248446
      248490
      248581
      248591
      248673
      248727
      248792
      248804
      248899
      248921
      248927
      249006
      249098
      249184
      249256
      249313
      249360
      249459
      249516
      249547
      249634
      249681
      249756
      249835
      249913
      250006
      250049
      250133
      250179
      250234
      250291
      250300
      250333
      250368
      250393
      250454
      250479
      250531
      250582
      250669
      250672
      250728
      250814
      250822
      250883
      250921
      250943
      251004
      251038
      251097
      251184
      251187
      251279
      251315
      251409
      251433
      251458
      251465
      251521
      251550
      251641
      251695
      251718
      251772
      251775
      251838
      251838
      251935
      251950
      252045
      252064
      252108
      252121
      252185
      252255
      252279
      252308
      252363
      252381
      252444
      252519
      252537
      252538
      252548
      252629
      252644
      252704
      252799
      252829
      252841
      252896
      252943
      252999
      253043
      253121
      253213
      253240
      253289
      253290
      253362
      253382
      253407
      253435
      253440
      253463
      253535
      253544
      253548
      253574
      253610
      253687
      253778
      253872
      253903
      253994
      254044
      254083
      254129
      254159
      254215
      254279
      254336
      254419
      254430
      254446
      254500
      254515
      254605
      254693
      254759
      254820
      254908
      254925
      254935
      254951
      254951
      255029
      255063
      255076
      255154
      255208
      255208
      255302
      255343
      255357
      255363
      255447
      255480
      255560
      255601
      255609
      255616
      255680
      255726
      255755
      255834
      255835
      255931
      255999
      256034
      256125
      256137
      256150
      256211
      256267
      256290
      256342
      256441
      256515
      256601
      256700
      256767
      256780
      256869
      256967
      257020
      257112
      257130
      257138
      257157
      257168
      257196
      257205
      257277
      257315
      257342
      257429
      257486
      257527
      257569
      257621
      257718
      257813
      257891
      257924
      258018
      258115
      258172
      258181
      258206
      258259
      258323
      258388
      258396
      258441
      258492
      258542
      258567
      258627
      258665
      258703
      258739
      258835
      258895
      258899
      258967
      258982
      259078
      259125
      259172
      259172
      259208
      259232
      259290
      259359
      259448
      259486
      259575
      259613
      259632
      259643
      259726
      259766
      259807
      259856
      259885
      259914
      260001
      260011
      260016
      260017
      260020
      260067
      260090
      260150
      260199
      260281
      260333
      260375
      260395
      260447
      260542
      260596
      260606
      260663
      260756
      260821
      260871
      260916
      260916
      260928
      261019
      261029
      261058
      261117
      261134
      261195
      261244
      261268
      261360
      261365
      261425
      261437
      261469
      261494
      261494
      261578
      261651
      261745
      261793
      261873
      261900
      261990
      262081
      262112
      262150
      262157
      262239
      262317
      262389
      262443
      262473
      262548
      262596
      262631
      262664
      262735
      262825
      262871
      262910
      262935
      263014
      263053
      263128
      263164
      263189
      263207
      263271
      263356
      263437
      263500
      263541
      263618
      263690
      263775
      263833
      263837
      263932
      263940
      263979
      264045
      264099
      264108
      264196
      264233
      264286
      264324
      264380
      264479
      264499
      264549
      264555
      264595
      264693
      264783
      264848
      264945
      265025
      265053
      265105
      265174
      265261
      265324
      265334
      265394
      265461
      265465
      265557
      265628
      265656
      265695
      265778
      265873
      265960
      266031
      266109
      266126
      266178
      266221
      266285
      266371
      266397
      266433
      266500
      266529
      266552
      266631
      266642
      266731
      266740
      266830
      266877
      266896
      266968
      266981
      267058
      267155
      267251
      267340
      267403
      267488
      267495
      267580
      267659
      267740
      267807
      267900
      267997
      268074
      268084
      268172
      268263
      268349
      268419
      268468
      268554
      268643
      268700
      268789
      268849
      268933
      269028
      269029
      269100
      269181
      269198
      269255
      269268
      269272
      269317
      269325
      269326
      269407
      269429
      269501
      269569
      269634
      269681
      269686
      269771
      269841
      269852
      269919
      270001
      270007
      270045
      270083
      270146
      270182
      270197
      270285
      270344
      270373
      270397
      270473
      270559
      270629
      270681
      270750
      270764
      270812
      270877
      270944
      271035
      271106
      271138
      271213
      271258
      271274
      271339
      271409
      271492
      271547
      271640
      271731
      271822
      271860
      271895
      271959
      272040
      272073
      272112
      272115
      272172
      272267
      272343
      272382
      272410
      272410
      272444
      272521
      272553
      272648
      272731
      272775
      272842
      272875
      272876
      272963
      272975
      273061
      273117
      273182
      273266
      273320
      273367
      273371
      273444
      273507
      273601
      273672
      273747
      273780
      273851
      273910
      273947
      273972
      274021
      274103
      274137
      274155
      274190
      274221
      274226
      274306
      274390
      274479
      274529
      274624
      274663
      274699
      274714
      274731
      274770
      274868
      274927
      274942
      275023
      275111
      275163
      275167
      275252
      275271
      275358
      275432
      275478
      275518
      275564
      275590
      275614
      275666
      275755
      275794
      275796
      275807
      275870
      275962
      275998
      276080
      276133
      276202
      276282
      276349
      276415
      276441
      276476
      276567
      276609
      276622
      276711
      276713
      276747
      276752
      276823
      276831
      276906
      276962
      277022
      277055
      277077
      277131
      277162
      277245
      277341
      277431
      277441
      277466
      277509
      277512
      277606
      277701
      277734
      277739
      277786
      277800
      277888
      277939
      277993
      278086
      278102
      278125
      278169
      278181
      278235
      278297
      278353
      278426
      278488
      278579
      278631
      278691
      278721
      278790
      278822
      278868
      278884
      278976
      279026
      279092
      279124
      279145
      279178
      279199
      279233
      279307
      279309
      279386
      279439
      279516
      279596
      279682
      279775
      279783
      279807
      279809
      279905
      279934
      279993
      280067
      280070
      280079
      280102
      280114
      280167
      280258
      280301
      280364
      280392
      280439
      280462
      280508
      280581
      280597
      280629
      280693
      280735
      280814
      280888
      280894
      280894
      280920
      280995
      281013
      281041
      281098
      281113
      281141
      281163
      281227
      281284
      281352
      281431
      281480
      281563
      281609
      281640
      281652
      281701
      281714
      281717
      281789
      281792
      281816
      281855
      281882
      281951
      282022
      282031
      282065
      282073
      282091
      282114
      282126
      282218
      282315
      282347
      282398
      282449
      282474
      282515
      282577
      282625
      282674
      282771
      282847
      282900
      282964
      283049
      283147
      283183
      283224
      283305
      283317
      283362
      283368
      283398
      283496
      283509
      283596
      283693
      283713
      283762
      283814
      283909
      283926
      283929
      283999
      284077
      284134
      284213
      284253
      284327
      284390
      284469
      284478
      284554
      284623
      284628
      284662
      284688
      284721
      284808
      284897
      284925
      285020
      285037
      285135
      285184
      285278
      285324
      285324
      285389
      285475
      285541
      285548
      285577
      285652
      285717
      285778
      285843
      285871
      285896
      285984
      286064
      286109
      286183
      286218
      286282
      286381
      286451
      286467
      286506
      286545
      286601
      286660
      286725
      286797
      286829
      286925
      286999
      287027
      287055
      287112
      287207
      287246
      287252
      287284
      287346
      287376
      287406
      287437
      287525
      287587
      287600
      287654
      287700
      287747
      287817
      287905
      287921
      287921
      287988
      288064
      288159
      288214
      288291
      288364
      288447
      288493
      288587
      288674
      288701
      288704
      288758
      288857
      288886
      288963
      288989
      289071
      289071
      289109
      289110
      289150
      289203
      289230
      289297
      289316
      289371
      289415
      289512
      289556
      289599
      289692
      289780
      289857
      289888
      289899
      289937
      289972
      290064
      290107
      290149
      290205
      290257
      290265
      290330
      290413
      290480
      290527
      290582
      290663
      290684
      290783
      290839
      290938
      291011
      291101
      291132
      291231
      291235
      291272
      291345
      291418
      291458
      291520
      291547
      291550
      291592
      291650
      291706
      291767
      291862
      291892
      291970
      291979
      292035
      292100
      292159
      292193
      292258
      292338
      292429
      292433
      292455
      292539
      292546
      292568
      292638
      292677
      292759
      292805
      292893
      292901
      292935
      292993
      293053
      293064
      293095
      293112
      293168
      293202
      293288
      293305
      293378
      293467
      293548
      293602
      293656
      293658
      293711
      293716
      293775
      293824
      293887
      293968
      294066
      294124
      294143
      294185
      294224
      294242
      294312
      294366
      294461
      294473
      294547
      294548
      294609
      294694
      294786
      294810
      294869
      294899
      294938
      294972
      295061
      295113
      295126
      295166
      295249
      295277
      295292
      295304
      295325
      295368
      295440
      295443
      295509
      295593
      295623
      295642
      295724
      295794
      295869
      295952
      296016
      296074
      296154
      296175
      296229
      296296
      296372
      296381
      296403
      296405
      296487
      296528
      296540
      296622
      296637
      296667
      296719
      296771
      296824
      296851
      296871
      296902
      296952
      296957
      297033
      297102
      297127
      297149
      297209
      297291
      297353
      297370
      297458
      297523
      297559
      297637
      297715
      297774
      297788
      297819
      297875
      297927
      297983
      298034
      298045
      298113
      298148
      298191
      298206
      298246
      298309
      298320
      298388
      298487
      298550
      298572
      298599
      298609
      298668
      298750
      298828
      298915
      298928
      298980
      299022
      299029
      299057
      299104
      299167
      299235
      299257
      299264
      299308
      299397
      299406
      299407
      299431
      299525
      299585
      299594
      299672
      299721
      299730
      299739
      299749
      299835
      299895
      299971
      300035
      300062
      300143
      300240
      300302
      300337
      300356
      300358
      300410
      300499
      300518
      300554
      300625
      300722
      300732
      300746
      300765
      300844
      300913
      300952
      301009
      301105
      301157
      301242
      301302
      301365
      301412
      301420
      301477
      301505
      301589
      301610
      301668
      301738
      301779
      301859
      301944
      302037
      302089
      302156
      302188
      302226
      302244
      302245
      302288
      302341
      302379
      302386
      302453
      302498
      302536
      302537
      302539
      302586
      302649
      302654
      302703
      302734
      302815
      302896
      302982
      303027
      303041
      303116
      303152
      303175
      303216
      303288
      303302
      303394
      303472
      303479
      303557
      303647
      303730
      303805
      303847
      303868
      303945
      303959
      303991
      304081
      304137
      304232
      304280
      304319
      304391
      304445
      304458
      304545
      304595
      304596
      304631
      304693
      304757
      304787
      304852
      304880
      304936
      304973
      305040
      305061
      305085
      305113
      305113
      305182
      305183
      305213
      305216
      305242
      305263
      305322
      305391
      305420
      305490
      305566
      305624
      305642
      305730
      305731
      305795
      305890
      305960
      306002
      306029
      306106
      306122
      306189
      306220
      306262
      306349
      306428
      306454
      306541
      306610
      306636
      306667
      306741
      306759
      306797
      306857
      306904
      306936
      306945
      306968
      306982
      307005
      307035
      307089
      307137
      307183
      307232
      307289
      307376
      307473
      307542
      307543
      307641
      307710
      307714
      307810
      307821
      307891
      307961
      308060
      308092
      308160
      308202
      308256
      308278
      308353
      308360
      308374
      308447
      308499
      308573
      308594
      308606
      308606
      308686
      308714
      308773
      308836
      308865
      308896
      308906
      308991
      309079
      309085
      309112
      309176
      309264
      309320
      309336
      309382
      309404
      309488
      309556
      309608
      309705
      309722
      309738
      309755
      309808
      309898
      309986
      310017
      310109
      310159
      310231
      310325
      310386
      310416
      310453
      310461
      310518
      310559
      310612
      310710
      310784
      310868
      310913
      311012
      311095
      311096
      311173
      311187
      311255
      311278
      311325
      311376
      311421
      311482
      311569
      311586
      311678
      311769
      311816
      311843
      311898
      311905
      311998
      312005
      312083
      312151
      312234
      312287
      312300
      312375
      312391
      312405
      312465
      312494
      312540
      312617
      312620
      312664
      312717
      312799
      312842
      312908
      313005
      313005
      313100
      313199
      313278
      313337
      313372
      313379
      313458
      313489
      313496
      313556
      313587
      313635
      313682
      313781
      313822
      313831
      313857
      313918
      313963
      314023
      314078
      314120
      314175
      314189
      314248
      314336
      314358
      314394
      314419
      314482
      314498
      314596
      314648
      314747
      314816
      314891
      314988
      315043
      315131
      315221
      315269
      315292
      315343
      315385
      315413
      315452
      315460
      315496
      315569
      315664
      315673
      315770
      315830
      315878
      315959
      315996
      316010
      316062
      316069
      316145
      316228
      316320
      316344
      316354
      316390
      316486
      316570
      316617
      316646
      316686
      316706
      316797
      316816
      316828
      316852
      316914
      316965
      317023
      317113
      317140
      317193
      317238
      317314
      317397
      317397
      317467
      317487
      317553
      317633
      317649
      317698
      317766
      317796
      317890
      317890
      317900
      317935
      317977
      318025
      318085
      318178
      318210
      318259
      318319
      318356
      318407
      318430
      318504
      318572
      318657
      318688
      318765
      318829
      318912
      318922
      318951
      319037
      319102
      319148
      319204
      319257
      319310
      319394
      319420
      319502
      319598
      319626
      319643
      319646
      319699
      319786
      319804
      319830
      319833
      319861
      319960
      319989
      320079
      320113
      320203
      320300
      320374
      320391
      320434
      320525
      320526
      320618
      320702
      320707
      320745
      320766
      320839
      320933
      320941
      320946
      320983
      320994
      321032
      321131
      321155
      321169
      321182
      321236
      321271
      321299
      321308
      321369
      321412
      321464
      321504
      321565
      321585
      321592
      321633
      321681
      321720
      321744
      321835
      321868
      321926
      321967
      322033
      322086
      322171
      322187
      322245
      322307
      322312
      322326
      322412
      322472
      322546
      322560
      322625
      322700
      322728
      322768
      322811
      322819
      322869
      322933
      322937
      322955
      322955
      323046
      323063
      323077
      323127
      323134
      323214
      323219
      323264
      323303
      323369
      323391
      323399
      323402
      323488
      323534
      323624
      323686
      323737
      323766
      323835
      323910
      323973
      323977
      324026
      324068
      324164
      324202
      324258
      324268
      324312
      324358
      324415
      324504
      324596
      324628
      324673
      324726
      324804
      324860
      324883
      324914
      324961
      324992
      325062
      325110
      325148
      325221
      325312
      325378
      325431
      325474
      325563
      325606
      325650
      325722
      325748
      325813
      325834
      325918
      326011
      326104
      326131
      326142
      326210
      326215
      326292
      326309
      326323
      326393
      326415
      326508
      326604
      326699
      326733
      326816
      326913
      326999
      327057
      327091
      327120
      327208
      327220
      327297
      327361
      327397
      327439
      327460
      327536
      327571
      327571
      327659
      327728
      327792
      327836
      327902
      327986
      328002
      328012
      328058
      328099
      328126
      328216
      328223
      328290
      328388
      328423
      328500
      328596
      328646
      328694
      328781
      328791
      328800
      328811
      328889
      328910
      328947
      329021
      329032
      329122
      329149
      329161
      329169
      329172
      329204
      329205
      329247
      329299
      329376
      329448
      329533
      329561
      329644
      329706
      329712
      329760
      329846
      329914
      329993
      330067
      330124
      330192
      330219
      330314
      330331
      330361
      330453
      330538
      330545
      330603
      330662
      330733
      330809
      330848
      330859
      330881
      330958
      331041
      331049
      331091
      331157
      331238
      331295
      331336
      331363
      331379
      331434
      331528
      331545
      331584
      331601
      331673
      331763
      331793
      331885
      331920
      331985
      332053
      332053
      332143
      332154
      332230
      332245
      332290
      332310
      332375
      332395
      332395
      332483
      332515
      332561
      332608
      332696
      332778
      332792
      332854
      332925
      332961
      333060
      333067
      333128
      333186
      333257
      333300
      333348
      333407
      333455
      333489
      333537
      333555
      333585
      333626
      333706
      333770
      333860
      333927
      334013
      334101
      334200
      334260
      334329
      334335
      334432
      334518
      334561
      334644
      334741
      334802
      334804
      334880
      334948
      335029
      335034
      335077
      335096
      335165
      335167
      335180
      335194
      335284
      335336
      335338
      335421
      335490
      335555
      335653
      335694
      335726
      335819
      335838
      335871
      335935
      336009
      336031
      336100
      336173
      336246
      336263
      336342
      336417
      336513
      336535
      336543
      336605
      336675
      336758
      336828
      336921
      336999
      337010
      337015
      337073
      337095
      337187
      337252
      337321
      337406
      337487
      337506
      337507
      337536
      337576
      337657
      337681
      337733
      337821
      337839
      337893
      337903
      337982
      338027
      338065
      338147
      338216
      338248
      338332
      338378
      338389
      338466
      338547
      338593
      338685
      338708
      338774
      338853
      338928
      338992
      339034
      339066
      339117
      339181
      339261
      339290
      339354
      339421
      339479
      339557
      339628
      339715
      339769
      339809
      339823
      339836
      339902
      339945
      339997
      340093
      340106
      340182
      340190
      340242
      340291
      340365
      340450
      340457
      340467
      340495
      340554
      340634
      340721
      340735
      340760
      340813
      340863
      340960
      341030
      341118
      341159
      341250
      341311
      341330
      341370
      341376
      341463
      341562
      341605
      341667
      341689
      341772
      341804
      341821
      341898
      341967
      342000
      342044
      342091
      342125
      342152
      342171
      342258
      342267
      342321
      342356
      342395
      342466
      342546
      342625
      342652
      342715
      342793
      342877
      342880
      342923
      342928
      342934
      342949
      343027
      343051
      343101
      343151
      343201
      343279
      343348
      343392
      343459
      343531
      343614
      343655
      343707
      343787
      343865
      343897
      343913
      343982
      344077
      344133
      344217
      344247
      344340
      344357
      344442
      344504
      344574
      344622
      344691
      344697
      344760
      344781
      344788
      344835
      344894
      344903
      344960
      344991
      345000
      345008
      345033
      345047
      345110
      345163
      345175
      345201
      345258
      345347
      345397
      345484
      345503
      345586
      345674
      345701
      345766
      345834
      345869
      345914
      345999
      346071
      346170
      346266
      346285
      346285
      346355
      346432
      346463
      346554
      346621
      346701
      346713
      346765
      346813
      346849
      346874
      346928
      346986
      346999
      347080
      347085
      347138
      347196
      347240
      347274
      347343
      347430
      347506
      347596
      347691
      347729
      347768
      347814
      347853
      347898
      347947
      347971
      348027
      348092
      348132
      348193
      348208
      348213
      348255
      348348
      348433
      348485
      348546
      348632
      348720
      348728
      348754
      348837
      348928
      349008
      349027
      349096
      349132
      349219
      349259
      349266
      349354
      349374
      349388
      349460
      349493
      349568
      349620
      349703
      349721
      349820
      349887
      349984
      349985
      350042
      350087
      350157
      350218
      350287
      350341
      350383
      350444
      350452
      350471
      350535
      350549
      350569
      350605
      350659
      350690
      350707
      350775
      350836
      350893
      350944
      350999
      351051
      351096
      351136
      351136
      351180
      351240
      351296
      351330
      351420
      351443
      351465
      351489
      351554
      351603
      351682
      351761
      351846
      351918
      351966
      352026
      352112
      352167
      352207
      352299
      352370
      352468
      352483
      352484
      352531
      352609
      352612
      352619
      352669
      352717
      352814
      352882
      352904
      352954
      353038
      353086
      353141
      353167
      353188
      353283
      353286
      353341
      353388
      353390
      353396
      353399
      353405
      353482
      353555
      353591
      353594
      353644
      353690
      353707
      353761
      353781
      353863
      353872
      353952
      354003
      354076
      354094
      354108
      354156
      354227
      354301
      354364
      354451
      354541
      354590
      354663
      354708
      354767
      354773
      354828
      354866
      354871
      354900
      354925
      355015
      355071
      355100
      355134
      355179
      355268
      355362
      355396
      355417
      355487
      355562
      355593
      355599
      355629
      355707
      355797
      355810
      355856
      355918
      355924
      356009
      356028
      356104
      356178
      356231
      356251
      356253
      356331
      356395
      356450
      356494
      356565
      356566
      356605
      356638
      356713
      356732
      356792
      356855
      356877
      356877
      356967
      356988
      357008
      357075
      357132
      357202
      357239
      357247
      357321
      357351
      357365
      357409
      357418
      357464
      357491
      357524
      357532
      357595
      357659
      357696
      357716
      357722
      357801
      357895
      357933
      358028
      358054
      358109
      358199
      358225
      358324
      358350
      358417
      358439
      358447
      358459
      358494
      358502
      358587
      358685
      358732
      358803
      358860
      358956
      358968
      358996
      359051
