          25
          92
         189
         206
         288
         313
         354
         357
         365
         387
         390
         450
         499
         596
         667
         695
         703
         779
         834
         834
         932
         940
         975
         983
        1019
        1110
        1122
        1173
        1216
        1281
        1291
        1352
        1436
        1476
        1505
        1585
        1589
        1687
        1700
        1723
        1768
        1820
        1883
        1935
        1963
        2058
        2088
        2151
        2176
        2208
        2262
        2293
        2358
        2384
        2423
        2476
        2489
        2522
        2594
        2598
        2652
        2722
        2735
        2779
        2802
        2862
        2883
        2946
        3007
        3024
        3078
        3128
        3209
        3293
        3319
        3350
        3445
        3456
        3554
        3639
        3692
        3760
        3787
        3811
        3879
        3961
        3968
        4037
        4041
        4137
        4168
        4243
        4336
        4396
        4489
        4560
        4586
        4662
        4741
        4808
        4844
        4918
        4971
        5031
        5121
        5193
        5259
        5312
        5328
        5346
        5402
        5489
        5506
        5528
        5533
        5599
        5696
        5790
        5807
        5816
        5912
        5952
        5967
        6055
        6072
        6150
        6219
        6297
        6356
        6422
        6461
        6536
        6561
        6584
        6660
        6738
        6820
        6851
        6899
        6919
        6972
        6995
        7022
        7088
        7175
        7249
        7326
        7380
        7419
        7419
        7429
        7508
        7517
        7568
        7656
        7754
        7755
        7816
        7859
        7882
        7956
        7995
        8035
        8055
        8104
        8164
        8238
        8250
        8271
        8363
        8373
        8384
        8393
        8489
        8576
        8589
        8609
        8666
        8705
        8734
        8824
        8874
        8960
        9016
        9100
        9115
        9191
        9227
        9249
        9295
        9394
        9402
        9467
        9566
        9570
        9622
        9684
        9685
        9734
        9789
        9790
        9878
        9934
       10007
       10073
       10127
       10163
       10211
       10230
       10232
       10274
       10308
       10394
       10465
       10489
       10588
       10604
       10657
       10670
       10766
       10865
       10940
       10955
       10992
       11042
       11043
       11088
       11159
       11174
       11263
       11264
       11311
       11346
       11364
       11383
       11425
       11486
       11488
       11493
       11573
       11671
       11757
       11840
       11844
       11886
       11919
       11942
       12036
       12052
       12058
       12068
       12153
       12196
       12236
       12305
       12375
       12440
       12509
       12564
       12636
       12638
       12665
       12743
       12813
       12852
       12942
       12959
       12999
       13042
       13140
       13163
       13190
       13192
       13282
       13366
       13395
       13398
       13419
       13472
       13487
       13581
       13598
       13672
       13716
       13780
       13799
       13803
       13840
       13855
       13928
       13960
       14023
       14024
       14072
       14127
       14127
       14136
       14209
       14228
       14273
       14348
       14423
       14460
       14556
       14564
       14643
       14711
       14797
       14809
       14831
       14849
       14869
       14916
       14963
       14964
       14985
       15045
       15085
       15106
       15201
       15228
       15233
       15256
       15280
       15375
       15453
       15455
       15508
       15587
       15673
       15696
       15780
       15841
       15851
       15903
       15972
       16049
       16081
       16152
       16163
       16168
       16229
       16264
       16339
       16356
       16362
       16446
       16484
       16543
       16563
       16609
       16627
       16654
       16658
       16711
       16797
       16816
       16824
       16859
       16955
       17048
       17058
       17112
       17139
       17184
       17208
       17247
       17273
       17306
       17343
       17352
       17382
       17407
       17422
       17491
       17543
       17544
       17564
       17616
       17698
       17749
       17803
       17847
       17899
       17900
       17964
       18021
       18056
       18155
       18192
       18266
       18292
       18374
       18375
       18456
       18477
       18529
       18532
       18556
       18617
       18644
       18700
       18798
       18844
       18871
       18888
       18938
       19025
       19054
       19125
       19194
       19267
       19309
       19316
       19379
       19404
       19421
       19457
       19538
       19557
       19570
       19655
       19751
       19788
       19887
       19920
       19976
       20058
       20140
       20151
       20250
       20289
       20310
       20395
       20486
       20537
       20602
       20633
       20668
       20708
       20807
       20859
       20896
       20896
       20931
       21009
       21041
       21121
       21122
       21134
       21158
       21223
       21290
       21386
       21417
       21470
       21502
       21564
       21589
       21650
       21725
       21791
       21807
       21887
       21914
       21985
       22036
       22087
       22114
       22144
       22192
       22220
       22263
       22354
       22406
       22489
       22584
       22637
       22639
       22715
       22772
       22794
       22851
       22941
       22941
       23025
       23044
       23060
       23076
       23143
       23235
       23263
       23338
       23395
       23460
       23555
       23648
       23706
       23770
       23810
       23863
       23915
       23972
       23997
       23999
       24068
       24145
       24211
       24213
       24277
       24358
       24433
       24498
       24535
       24585
       24683
       24712
       24727
       24784
       24786
       24847
       24883
       24906
       24915
       24946
       25014
       25047
       25108
       25176
       25215
       25314
       25402
       25494
       25494
       25505
       25576
       25631
       25726
       25795
       25886
       25981
       25996
       26026
       26105
       26185
       26236
       26317
       26399
       26453
       26465
       26543
       26621
       26705
       26741
       26840
       26843
       26853
       26873
       26971
       27051
       27058
       27106
       27180
       27240
       27303
       27340
       27409
       27435
       27509
       27607
       27664
       27717
       27805
       27860
       27952
       28040
       28108
       28191
       28246
       28328
       28415
       28493
       28550
       28609
       28705
       28723
       28740
       28829
       28919
       28939
       28943
       29011
       29037
       29135
       29157
       29165
       29175
       29200
       29244
       29334
       29350
       29357
       29451
       29491
       29579
       29678
       29711
       29751
       29803
       29810
       29810
       29851
       29891
       29903
       29952
       30012
       30050
       30091
       30168
       30235
       30297
       30349
       30378
       30382
       30458
       30508
       30519
       30572
       30646
       30744
       30746
       30779
       30832
       30901
       30918
       30936
       30961
       31052
       31059
       31115
       31125
       31164
       31202
       31249
       31283
       31324
       31343
       31392
       31474
       31543
       31579
       31611
       31663
       31672
       31681
       31735
       31737
       31813
       31891
       31891
       31969
       31978
       32026
       32120
       32200
       32217
       32224
       32291
       32369
       32419
       32505
       32519
       32522
       32546
       32578
       32608
       32678
       32731
       32806
       32905
       32981
       32986
       33016
       33105
       33193
       33222
       33225
       33231
       33260
       33357
       33385
       33420
       33513
       33513
       33608
       33642
       33729
       33811
       33825
       33865
       33885
       33948
       34025
       34113
       34187
       34210
       34286
       34356
       34375
       34457
       34467
       34504
       34571
       34642
       34680
       34691
       34711
       34751
       34757
       34830
       34913
       34923
       34932
       35003
       35097
       35141
       35161
       35220
       35227
       35282
       35292
       35327
       35366
       35374
       35406
       35474
       35482
       35581
       35636
       35717
       35753
       35850
       35905
       35991
       35993
       36024
       36029
       36072
       36143
       36207
       36248
       36344
       36351
       36389
       36478
       36570
       36607
       36685
       36688
       36753
       36846
       36887
       36912
       36920
       36987
       36993
       37091
       37187
       37250
       37276
       37278
       37325
       37369
       37447
       37512
       37570
       37617
       37660
       37681
       37739
       37824
       37899
       37900
       37905
       37915
       37988
       38036
       38066
       38132
       38229
       38290
       38319
       38392
       38473
       38503
       38571
       38667
       38673
       38760
       38767
       38863
       38902
       38977
       38994
       39038
       39093
       39137
       39198
       39223
       39268
       39296
       39363
       39389
       39424
       39469
       39552
       39598
       39679
       39745
       39819
       39822
       39864
       39884
       39983
       40032
       40112
       40205
       40238
       40315
       40323
       40345
       40401
       40490
       40586
       40661
       40740
       40753
       40810
       40854
       40943
       40972
       40979
       41032
       41120
       41219
       41231
       41259
       41322
       41322
       41330
       41388
       41474
       41548
       41578
       41665
       41682
       41778
       41794
       41825
       41916
       41950
       41952
       42006
       42015
       42087
       42152
       42244
       42294
       42297
       42384
       42435
       42460
       42534
       42539
       42542
       42550
       42614
       42648
       42650
       42749
       42755
       42814
       42856
       42887
       42958
       43002
       43090
       43174
       43214
       43249
       43333
       43355
       43372
       43375
       43442
       43514
       43516
       43573
       43660
       43664
       43726
       43756
       43762
       43850
       43931
       43986
       44001
       44015
       44103
       44146
       44230
       44317
       44410
       44455
       44496
       44545
       44586
       44609
       44707
       44735
       44771
       44819
       44911
       45001
       45087
       45180
       45186
       45208
       45254
       45316
       45330
       45349
       45442
       45449
       45499
       45571
       45600
       45643
       45725
       45750
       45834
       45910
       45915
       45927
       45999
       46044
       46120
       46200
       46229
       46273
       46350
       46394
       46428
       46463
       46562
       46619
       46656
       46675
       46685
       46775
       46813
       46831
       46880
       46892
       46941
       47010
       47044
       47127
       47164
       47208
       47247
       47343
       47361
       47362
       47449
       47493
       47534
       47536
       47554
       47587
       47609
       47642
       47647
       47742
       47778
       47869
       47931
       47977
       47995
       48075
       48162
       48251
       48303
       48337
       48432
       48436
       48501
       48509
       48580
       48635
       48641
       48665
       48742
       48756
       48773
       48794
       48846
       48918
       48981
       49021
       49067
       49099
       49111
       49152
       49168
       49247
       49325
       49410
       49448
       49516
       49584
       49657
       49735
       49738
       49773
       49782
       49791
       49857
       49895
       49898
       49947
       49967
       50036
       50047
       50081
       50147
       50217
       50275
       50309
       50321
       50393
       50450
       50518
       50562
       50622
       50646
       50708
       50736
       50757
       50776
       50830
       50832
       50919
       50998
       51090
       51184
       51228
       51246
       51283
       51373
       51381
       51433
       51444
       51511
       51603
       51623
       51666
       51674
       51698
       51716
       51716
       51747
       51769
       51774
       51810
       51832
       51871
       51934
       51952
       51978
       52015
       52066
       52113
       52117
       52198
       52210
       52271
       52279
       52281
       52320
       52361
       52370
       52410
       52446
       52497
       52538
       52615
       52656
       52700
       52765
       52822
       52919
       52984
       53071
       53095
       53139
       53236
       53292
       53371
       53402
       53459
       53468
       53520
       53580
       53634
       53644
       53704
       53765
       53779
       53872
       53939
       53979
       54029
       54034
       54088
       54179
       54233
       54310
       54375
       54379
       54414
       54494
       54521
       54521
       54561
       54581
       54661
       54693
       54763
       54803
       54879
       54905
       54937
       54977
       55057
       55080
       55136
       55161
       55254
       55335
       55410
       55415
       55443
       55508
       55582
       55612
       55706
       55725
       55801
       55808
       55818
       55874
       55902
       55927
       55956
       56011
       56045
       56048
       56078
       56080
       56137
       56181
       56224
       56242
       56278
       56284
       56326
       56376
       56376
       56454
       56505
       56547
       56633
       56638
       56680
       56704
       56704
       56783
       56825
       56906
       56940
       56975
       57044
       57086
       57158
       57197
       57210
       57254
       57280
       57359
       57440
       57493
       57561
       57613
       57623
       57699
       57742
       57832
       57866
       57903
       57940
       57976
       58022
       58088
       58122
       58124
       58149
       58244
       58328
       58387
       58397
       58489
       58497
       58547
       58598
       58645
       58729
       58803
       58849
       58852
       58901
       58930
       58946
       59006
       59057
       59140
       59159
       59189
       59223
       59241
       59302
       59306
       59311
       59345
       59347
       59390
       59459
       59467
       59476
       59479
       59551
       59619
       59716
       59770
       59835
       59903
       59976
       60022
       60093
       60114
       60205
       60283
       60291
       60334
       60338
       60344
       60362
       60441
       60487
       60515
       60601
       60686
       60701
       60796
       60816
       60908
       60966
       61007
       61071
       61120
       61205
       61230
       61260
       61276
       61323
       61396
       61490
       61527
       61602
       61645
       61732
       61796
       61849
       61896
       61905
       61963
       62050
       62131
       62160
       62211
       62263
       62264
       62264
       62318
       62415
       62509
       62517
       62587
       62683
       62705
       62768
       62862
       62903
       62922
       62960
       63047
       63092
       63138
       63150
       63167
       63180
       63220
       63285
       63372
       63436
       63521
       63540
       63608
       63623
       63683
       63710
       63789
       63851
       63929
       64013
       64059
       64088
       64161
       64186
       64213
       64253
       64322
       64402
       64441
       64467
       64509
       64558
       64634
       64698
       64745
       64810
       64873
       64940
       65033
       65083
       65169
       65202
       65296
       65313
       65317
       65340
       65355
       65364
       65379
       65380
       65436
       65466
       65562
       65641
       65698
       65742
       65786
       65873
       65890
       65948
       65952
       65995
       66053
       66117
       66193
       66213
       66280
       66340
       66437
       66533
       66624
       66664
       66716
       66720
       66726
       66744
       66810
       66876
       66934
       67014
       67068
       67124
       67215
       67273
       67308
       67396
       67436
       67491
       67501
       67540
       67620
       67699
       67721
       67794
       67874
       67937
       68012
       68090
       68175
       68270
       68343
       68356
       68360
       68363
       68393
       68400
       68485
       68577
       68671
       68703
       68708
       68752
       68758
       68805
       68847
       68896
       68935
       68942
       69022
       69059
       69153
       69226
       69280
       69340
       69396
       69483
       69575
       69637
       69698
       69745
       69776
       69829
       69864
       69897
       69949
       69950
       70016
       70115
       70120
       70197
       70293
       70321
       70331
       70389
       70473
       70512
       70557
       70639
       70734
       70745
       70839
       70852
       70924
       70990
       70990
       71055
       71139
       71184
       71213
       71223
       71246
       71249
       71328
       71379
       71468
       71551
       71570
       71631
       71682
       71778
       71872
       71947
       71988
       71999
       72049
       72064
       72143
       72183
       72212
       72289
       72327
       72368
       72378
       72446
       72526
       72575
       72605
       72663
       72700
       72753
       72753
       72765
       72855
       72897
       72971
       73070
       73105
       73188
       73224
       73284
       73357
       73394
       73424
       73443
       73444
       73454
       73479
       73515
       73518
       73578
       73648
       73724
       73760
       73789
       73884
       73951
       74017
       74092
       74174
       74191
       74286
       74335
       74412
       74476
       74503
       74506
       74513
       74604
       74677
       74682
       74764
       74814
       74890
       74909
       74917
       74969
       74995
       75081
       75097
       75171
       75177
       75195
       75265
       75288
       75379
       75461
       75507
       75555
       75647
       75652
       75690
       75699
       75700
       75773
       75780
       75869
       75875
       75896
       75929
       75949
       75988
       76007
       76080
       76103
       76126
       76193
       76238
       76242
       76256
       76275
       76305
       76335
       76434
       76494
       76551
       76630
       76660
       76664
       76698
       76789
       76795
       76837
       76893
       76956
       77048
       77089
       77127
       77187
       77194
       77257
       77258
       77313
       77373
       77405
       77479
       77567
       77609
       77666
       77751
       77804
       77858
       77908
       77985
       78047
       78144
       78179
       78203
       78211
       78243
       78337
       78400
       78463
       78497
       78555
       78565
       78590
       78644
       78726
       78762
       78805
       78835
       78872
       78926
       78936
       79028
       79089
       79127
       79216
       79250
       79304
       79353
       79359
       79427
       79502
       79554
       79589
       79639
       79705
       79753
       79839
       79888
       79938
       79957
       79985
       80033
       80132
       80147
       80230
       80256
       80319
       80397
       80490
       80511
       80583
       80648
       80672
       80745
       80765
       80790
       80838
       80869
       80913
       80940
       81013
       81057
       81101
       81195
       81266
       81288
       81374
       81456
       81552
       81598
       81604
       81697
       81752
       81770
       81846
       81858
       81907
       81963
       81992
       82055
       82083
       82181
       82276
       82285
       82325
       82336
       82407
       82504
       82591
       82682
       82726
       82730
       82736
       82802
       82873
       82968
       83045
       83059
       83126
       83140
       83158
       83194
       83281
       83377
       83409
       83431
       83457
       83548
       83580
       83657
       83664
       83718
       83770
       83811
       83884
       83970
       84031
       84087
       84100
       84136
       84155
       84216
       84275
       84325
       84368
       84370
       84374
       84406
       84446
       84533
       84562
       84604
       84671
       84745
       84822
       84864
       84915
       84921
       84925
       84926
       84994
       85000
       85043
       85060
       85104
       85174
       85209
       85292
       85374
       85418
       85427
       85441
       85526
       85589
       85685
       85695
       85723
       85748
       85817
       85860
       85892
       85939
       85975
       86061
       86086
       86159
       86193
       86273
       86304
       86371
       86427
       86526
       86545
       86617
       86655
       86693
       86760
       86834
       86916
       86926
       86995
       87067
       87114
       87167
       87180
       87270
       87293
       87353
       87353
       87443
       87458
       87514
       87573
       87626
       87692
       87740
       87773
       87870
       87870
       87887
       87962
       88035
       88043
       88052
       88085
       88146
       88158
       88239
       88336
       88409
       88488
       88509
       88574
       88642
       88713
       88801
       88855
       88951
       89007
       89022
       89116
       89149
       89184
       89218
       89281
       89303
       89348
       89413
       89490
       89561
       89589
       89638
       89664
       89706
       89795
       89810
       89839
       89885
       89893
       89896
       89924
       90022
       90062
       90160
       90243
       90321
       90384
       90392
       90435
       90531
       90570
       90629
       90696
       90716
       90735
       90773
       90831
       90841
       90855
       90862
       90888
       90920
       90959
       90992
       91090
       91164
       91222
       91292
       91294
       91344
       91430
       91509
       91567
       91642
       91687
       91732
       91768
       91800
       91813
       91912
       91965
       92039
       92103
       92168
       92192
       92236
       92287
       92353
       92373
       92457
       92457
       92457
       92527
       92536
       92552
       92562
       92615
       92701
       92741
       92765
       92850
       92880
       92923
       93020
       93081
       93102
       93194
       93240
       93311
       93379
       93448
       93491
       93531
       93591
       93619
       93631
       93681
       93713
       93794
       93801
       93871
       93930
       93937
       93961
       93985
       94046
       94090
       94092
       94105
       94153
       94237
       94260
       94279
       94351
       94396
       94412
       94507
       94543
       94610
       94637
       94708
       94733
       94828
       94830
       94857
       94937
       94959
       94996
       95025
       95074
       95089
       95122
       95137
       95206
       95261
       95315
       95348
       95365
       95426
       95428
       95481
       95491
       95548
       95604
       95683
       95753
       95776
       95806
       95834
       95857
       95899
       95990
       96001
       96043
       96142
       96232
       96277
       96290
       96335
       96395
       96410
       96414
       96511
       96557
       96602
       96645
       96682
       96747
       96825
       96895
       96982
       97049
       97051
       97087
       97163
       97182
       97255
       97271
       97304
       97354
       97423
       97507
       97590
       97653
       97739
       97753
       97760
       97851
       97949
       97960
       98017
       98017
       98108
       98195
       98217
       98228
       98314
       98374
       98447
       98490
       98501
       98538
       98637
       98673
       98737
       98743
       98831
       98894
       98935
       98989
       98995
       99042
       99126
       99215
       99311
       99359
       99431
       99514
       99532
       99566
       99614
       99623
       99695
       99790
       99862
       99905
       99909
       99922
       99952
       99999
      100011
      100056
      100108
      100142
      100210
      100229
      100239
      100259
      100279
      100327
      100408
      100507
      100573
      100582
      100658
      100727
      100776
      100846
      100921
      100981
      101053
      101065
      101164
      101209
      101247
      101305
      101396
      101465
      101542
      101618
      101711
      101760
      101854
      101907
      101992
      102067
      102129
      102171
      102218
      102315
      102319
      102381
      102453
      102522
      102543
      102576
      102613
      102664
      102738
      102791
      102793
      102818
      102905
      102917
      102980
      103047
      103077
      103170
      103191
      103217
      103283
      103345
      103414
      103451
      103472
      103473
      103557
      103620
      103682
      103768
      103853
      103891
      103951
      104045
      104135
      104212
      104229
      104231
      104302
      104338
      104392
      104446
      104540
      104565
      104602
      104649
      104666
      104705
      104721
      104788
      104847
      104880
      104894
      104899
      104983
      104990
      104998
      105031
      105040
      105110
      105166
      105196
      105256
      105291
      105341
      105407
      105472
      105538
      105617
      105647
      105675
      105679
      105700
      105736
      105820
      105896
      105930
      105962
      105998
      106057
      106092
      106148
      106247
      106312
      106353
      106356
      106420
      106467
      106490
      106565
      106626
      106674
      106760
      106775
      106849
      106856
      106952
      107047
      107048
      107121
      107148
      107237
      107265
      107308
      107332
      107356
      107449
      107506
      107561
      107651
      107707
      107745
      107787
      107839
      107938
      108034
      108066
      108162
      108239
      108294
      108315
      108410
      108459
      108558
      108581
      108593
      108620
      108709
      108732
      108823
      108902
      108974
      108995
      109060
      109133
      109167
      109248
      109279
      109362
      109364
      109416
      109514
      109531
      109619
      109678
      109751
      109771
      109838
      109896
      109988
      110040
      110052
      110089
      110119
      110135
      110173
      110269
      110342
      110410
      110441
      110447
      110463
      110562
      110642
      110688
      110720
      110733
      110801
      110819
      110908
      110932
      110972
      111029
      111087
      111162
      111248
      111324
      111326
      111380
      111418
      111466
      111546
      111596
      111686
      111741
      111759
      111811
      111811
      111815
      111863
      111895
      111913
      112006
      112051
      112108
      112187
      112252
      112268
      112328
      112409
      112428
      112501
      112554
      112625
      112701
      112781
      112795
      112855
      112908
      112917
      112964
      112989
      113039
      113126
      113203
      113233
      113255
      113326
      113398
      113488
      113526
      113527
      113552
      113560
      113657
      113736
      113776
      113872
      113933
      114024
      114114
      114151
      114195
      114228
      114327
      114391
      114413
      114499
      114549
      114560
      114636
      114659
      114734
      114783
      114801
      114801
      114839
      114863
      114932
      115015
      115093
      115183
      115198
      115223
      115233
      115265
      115346
      115356
      115361
      115416
      115500
      115565
      115604
      115700
      115774
      115847
      115863
      115901
      115929
      116009
      116100
      116134
      116149
      116225
      116297
      116340
      116419
      116451
      116536
      116581
      116602
      116613
      116708
      116763
      116809
      116896
      116925
      116971
      116993
      117018
      117038
      117053
      117140
      117208
      117284
      117291
      117298
      117389
      117390
      117391
      117426
      117429
      117526
      117565
      117656
      117729
      117743
      117794
      117877
      117917
      118009
      118032
      118041
      118101
      118118
      118122
      118149
      118206
      118267
      118323
      118422
      118498
      118526
      118544
      118607
      118670
      118719
      118794
      118816
      118904
      118933
      118962
      118990
      119004
      119057
      119104
      119139
      119203
      119271
      119368
      119426
      119504
      119507
      119509
      119595
      119649
      119649
      119693
      119758
      119846
      119873
      119904
      119957
      120040
      120130
      120142
      120164
      120233
      120246
      120281
      120380
      120427
      120521
      120590
      120607
      120673
      120737
      120748
      120820
      120836
      120934
      120971
      121009
      121100
      121101
      121103
      121127
      121139
      121153
      121241
      121299
      121373
      121385
      121473
      121528
      121595
      121627
      121705
      121759
      121844
      121855
      121889
      121984
      122064
      122101
      122157
      122228
      122281
      122373
      122445
      122501
      122541
      122587
      122622
      122696
      122737
      122798
      122844
      122940
      122962
      123046
      123048
      123144
      123239
      123319
      123400
      123438
      123534
      123580
      123645
      123714
      123766
      123790
      123846
      123850
      123870
      123876
      123882
      123956
      123982
      124048
      124096
      124104
      124180
      124219
      124224
      124263
      124318
      124406
      124473
      124528
      124563
      124598
      124635
      124673
      124749
      124775
      124802
      124900
      124968
      125037
      125123
      125154
      125213
      125223
      125300
      125339
      125398
      125404
      125424
      125486
      125492
      125513
      125537
      125611
      125654
      125724
      125812
      125872
      125918
      125958
      125971
      125975
      126001
      126002
      126047
      126091
      126107
      126159
      126200
      126208
      126242
      126278
      126332
      126386
      126456
      126472
      126483
      126546
      126627
      126715
      126747
      126846
      126887
      126985
      126993
      127005
      127013
      127037
      127061
      127067
      127155
      127238
      127258
      127350
      127351
      127373
      127375
      127449
      127452
      127524
      127591
      127670
      127705
      127720
      127791
      127850
      127877
      127968
      128009
      128034
      128073
      128139
      128139
      128225
      128283
      128334
      128409
      128422
      128513
      128603
      128674
      128721
      128785
      128863
      128881
      128943
      128976
      129017
      129093
      129097
      129149
      129169
      129204
      129277
      129339
      129428
      129460
      129462
      129558
      129629
      129702
      129772
      129794
      129878
      129927
      130004
      130042
      130128
      130202
      130210
      130217
      130246
      130279
      130304
      130374
      130379
      130420
      130506
      130570
      130617
      130639
      130655
      130707
      130799
      130809
      130867
      130870
      130892
      130956
      130999
      131077
      131113
      131157
      131158
      131170
      131185
      131236
      131262
      131316
      131344
      131384
      131478
      131543
      131566
      131633
      131712
      131751
      131805
      131808
      131900
      131913
      131953
      132020
      132038
      132074
      132088
      132180
      132253
      132307
      132381
      132417
      132477
      132520
      132530
      132583
      132644
      132686
      132716
      132718
      132753
      132833
      132890
      132923
      132928
      132964
      132977
      132978
      133044
      133077
      133096
      133118
      133140
      133204
      133280
      133345
      133358
      133449
      133472
      133513
      133538
      133546
      133555
      133575
      133594
      133693
      133722
      133798
      133841
      133863
      133890
      133968
      134025
      134079
      134157
      134241
      134284
      134292
      134296
      134351
      134399
      134468
      134544
      134586
      134643
      134666
      134754
      134814
      134820
      134828
      134888
      134922
      135017
      135049
      135121
      135182
      135226
      135278
      135290
      135301
      135341
      135369
      135384
      135437
      135534
      135618
      135649
      135718
      135760
      135857
      135914
      135934
      136014
      136104
      136125
      136156
      136196
      136208
      136281
      136292
      136303
      136390
      136432
      136442
      136493
      136517
      136608
      136693
      136731
      136798
      136821
      136829
      136871
      136906
      136976
      137072
      137075
      137075
      137084
      137117
      137158
      137248
      137313
      137397
      137477
      137531
      137622
      137648
      137727
      137805
      137882
      137957
      138013
      138096
      138192
      138266
      138285
      138348
      138398
      138438
      138526
      138618
      138700
      138731
      138747
      138753
      138769
      138848
      138889
      138974
      139049
      139104
      139142
      139212
      139292
      139356
      139413
      139466
      139536
      139614
      139698
      139733
      139826
      139885
      139912
      139955
      139972
      140028
      140119
      140143
      140183
      140215
      140262
      140286
      140379
      140390
      140391
      140475
      140539
      140584
      140603
      140657
      140746
      140763
      140804
      140874
      140949
      141017
      141033
      141066
      141105
      141139
      141215
      141224
      141317
      141401
      141403
      141452
      141485
      141569
      141663
      141670
      141736
      141825
      141869
      141895
      141914
      142013
      142090
      142142
      142179
      142275
      142291
      142318
      142376
      142397
      142450
      142526
      142573
      142633
      142713
      142770
      142807
      142895
      142937
      142938
      143009
      143071
      143130
      143198
      143221
      143266
      143304
      143377
      143407
      143428
      143473
      143512
      143580
      143599
      143644
      143696
      143730
      143739
      143768
      143815
      143873
      143906
      143970
      144028
      144039
      144088
      144178
      144240
      144327
      144330
      144330
      144344
      144433
      144516
      144562
      144645
      144654
      144674
      144679
      144770
      144791
      144814
      144885
      144963
      144994
      145036
      145078
      145122
      145143
      145182
      145260
      145302
      145401
      145472
      145542
      145581
      145621
      145717
      145742
      145784
      145802
      145874
      145961
      145962
      146050
      146076
      146139
      146187
      146261
      146356
      146359
      146444
      146507
      146563
      146570
      146616
      146646
      146723
      146813
      146815
      146831
      146898
      146953
      147012
      147018
      147066
      147067
      147161
      147219
      147239
      147304
      147308
      147328
      147343
      147363
      147425
      147524
      147543
      147558
      147583
      147644
      147684
      147773
      147808
      147886
      147921
      148014
      148055
      148152
      148192
      148198
      148280
      148294
      148335
      148396
      148476
      148566
      148649
      148661
      148689
      148702
      148738
      148796
      148858
      148886
      148886
      148943
      149004
      149047
      149085
      149151
      149155
      149176
      149245
      149341
      149420
      149499
      149530
      149621
      149633
      149695
      149696
      149750
      149797
      149839
      149865
      149889
      149955
      149958
      150012
      150019
      150022
      150085
      150154
      150234
      150264
      150352
      150373
      150433
      150446
      150461
      150555
      150566
      150660
      150736
      150814
      150908
      150951
      151018
      151068
      151069
      151093
      151124
      151173
      151227
      151318
      151377
      151428
      151445
      151470
      151547
      151579
      151643
      151689
      151782
      151879
      151967
      152006
      152025
      152086
      152097
      152150
      152243
      152325
      152403
      152463
      152526
      152615
      152698
      152770
      152778
      152788
      152790
      152815
      152824
      152836
      152888
      152935
      152956
      153016
      153025
      153061
      153089
      153133
      153203
      153253
      153304
      153365
      153440
      153466
      153525
      153543
      153543
      153578
      153670
      153678
      153702
      153791
      153844
      153872
      153966
      154060
      154132
      154139
      154145
      154187
      154189
      154214
      154252
      154264
      154313
      154361
      154445
      154477
      154575
      154618
      154676
      154730
      154754
      154783
      154805
      154880
      154960
      155004
      155004
      155012
      155039
      155055
      155152
      155216
      155301
      155395
      155404
      155406
      155485
      155486
      155563
      155643
      155694
      155732
      155781
      155838
      155912
      155948
      156001
      156093
      156191
      156250
      156277
      156301
      156374
      156421
      156439
      156480
      156543
      156617
      156617
      156689
      156736
      156801
      156898
      156933
      156945
      156974
      157027
      157105
      157171
      157233
      157283
      157290
      157381
      157465
      157498
      157499
      157518
      157530
      157615
      157680
      157682
      157780
      157872
      157952
      158008
      158053
      158129
      158185
      158228
      158291
      158367
      158418
      158461
      158489
      158562
      158578
      158593
      158651
      158715
      158772
      158781
      158853
      158854
      158898
      158922
      158949
      158997
      159068
      159110
      159149
      159227
      159255
      159294
      159391
      159443
      159502
      159587
      159631
      159721
      159736
      159811
      159876
      159910
      159965
      160002
      160012
      160073
      160133
      160190
      160229
      160281
      160299
      160313
      160338
      160409
      160467
      160528
      160609
      160613
      160693
      160772
      160853
      160893
      160944
      160994
      161021
      161110
      161206
      161256
      161328
      161425
      161477
      161515
      161582
      161652
      161661
      161677
      161775
      161820
      161834
      161924
      161976
      161984
      161996
      162005
      162071
      162092
      162165
      162174
      162210
      162252
      162316
      162392
      162423
      162473
      162484
      162570
      162608
      162707
      162730
      162766
      162814
      162877
      162955
      162982
      163015
      163019
      163099
      163195
      163195
      163223
      163247
      163251
      163297
      163361
      163408
      163428
      163502
      163599
      163684
      163772
      163848
      163889
      163890
      163905
      163947
      163991
      163999
      164069
      164164
      164167
      164253
      164307
      164397
      164471
      164556
      164559
      164603
      164665
      164753
      164759
      164853
      164897
      164930
      164985
      165036
      165109
      165202
      165266
      165347
      165429
      165505
      165577
      165676
      165771
      165870
      165911
      165930
      165989
      166015
      166091
      166110
      166207
      166251
      166330
      166338
      166412
      166498
      166555
      166571
      166580
      166664
      166664
      166761
      166855
      166907
      166930
      167024
      167028
      167117
      167187
      167280
      167352
      167355
      167371
      167454
      167454
      167489
      167508
      167530
      167537
      167580
      167595
      167679
      167711
      167731
      167768
      167793
      167815
      167859
      167922
      167991
      168029
      168109
      168114
      168195
      168248
      168295
      168387
      168425
      168449
      168520
      168553
      168554
      168574
      168584
      168677
      168686
      168689
      168784
      168815
      168895
      168950
      169034
      169092
      169095
      169120
      169197
      169276
      169366
      169389
      169460
      169502
      169592
      169613
      169649
      169720
      169810
      169852
      169887
      169889
      169965
      170025
      170054
      170088
      170105
      170159
      170202
      170227
      170267
      170334
      170416
      170421
      170508
      170509
      170531
      170547
      170634
      170707
      170746
      170800
      170895
      170986
      171026
      171088
      171117
      171147
      171228
      171297
      171308
      171328
      171371
      171434
      171498
      171523
      171583
      171640
      171642
      171694
      171727
      171733
      171761
      171839
      171844
      171934
      171969
      172064
      172134
      172181
      172212
      172246
      172320
      172418
      172450
      172514
      172524
      172573
      172616
      172681
      172718
      172765
      172859
      172865
      172946
      173028
      173051
      173053
      173069
      173134
      173203
      173244
      173314
      173374
      173430
      173454
      173460
      173559
      173577
      173638
      173717
      173781
      173794
      173819
      173884
      173927
      174010
      174028
      174115
      174148
      174185
      174230
      174293
      174367
      174395
      174395
      174421
      174447
      174474
      174573
      174651
      174681
      174700
      174727
      174735
      174761
      174831
      174879
      174899
      174927
      175005
      175099
      175191
      175290
      175315
      175382
      175448
      175490
      175589
      175633
      175703
      175719
      175744
      175772
      175799
      175885
      175942
      175970
      175973
      176060
      176071
      176141
      176159
      176186
      176261
      176286
      176293
      176391
      176464
      176544
      176573
      176603
      176619
      176634
      176658
      176718
      176810
      176828
      176858
      176957
      176983
      177080
      177170
      177215
      177281
      177362
      177435
      177460
      177473
      177528
      177557
      177572
      177667
      177755
      177839
      177851
      177919
      177976
      178019
      178079
      178091
      178115
      178169
      178257
      178308
      178350
      178443
      178507
      178585
      178610
      178664
      178701
      178775
      178828
      178922
      178947
      178970
      179066
      179120
      179186
      179199
      179266
      179335
      179396
      179489
      179555
      179641
      179700
      179718
      179749
      179758
      179856
      179913
      179977
      179978
      179990
      180029
      180084
      180149
      180211
      180239
      180264
      180334
      180357
      180407
      180485
      180565
      180582
      180607
      180616
      180643
      180705
      180768
      180785
      180788
      180885
      180901
      180901
      180941
      180964
      180972
      180972
      180992
      181038
      181104
      181108
      181201
      181229
      181272
      181284
      181334
      181339
      181350
      181414
      181454
      181544
      181600
      181611
      181623
      181719
      181764
      181817
      181896
      181974
      182052
      182073
      182130
      182199
      182209
      182303
      182322
      182417
      182492
      182546
      182594
      182663
      182709
      182743
      182808
      182849
      182886
      182965
      182968
      183048
      183141
      183171
      183243
      183268
      183306
      183326
      183419
      183470
      183535
      183538
      183580
      183599
      183624
      183658
      183752
      183779
      183822
      183869
      183887
      183979
      184040
      184061
      184101
      184152
      184203
      184253
      184332
      184380
      184412
      184499
      184527
      184600
      184680
      184770
      184832
      184900
      184933
      184973
      185028
      185044
      185101
      185170
      185258
      185330
      185418
      185431
      185524
      185564
      185634
      185637
      185736
      185758
      185803
      185831
      185909
      185926
      186011
      186021
      186068
      186136
      186160
      186188
      186196
      186262
      186271
      186332
      186402
      186431
      186520
      186564
      186640
      186677
      186770
      186787
      186807
      186865
      186936
      186977
      187032
      187049
      187145
      187149
      187208
      187240
      187314
      187345
      187391
      187434
      187442
      187453
      187483
      187563
      187630
      187648
      187722
      187746
      187835
      187930
      188016
      188065
      188123
      188165
      188169
      188239
      188268
      188337
      188390
      188481
      188572
      188660
      188717
      188740
      188775
      188851
      188877
      188970
      189063
      189151
      189228
      189321
      189363
      189417
      189459
      189492
      189503
      189581
      189642
      189669
      189751
      189769
      189806
      189895
      189992
      190018
      190064
      190123
      190178
      190221
      190275
      190307
      190324
      190351
      190405
      190433
      190519
      190602
      190608
      190612
      190619
      190626
      190630
      190722
      190783
      190794
      190892
      190990
      191072
      191128
      191133
      191188
      191238
      191278
      191292
      191373
      191387
      191455
      191534
      191570
      191658
      191738
      191761
      191851
      191869
      191882
      191882
      191947
      191948
      192015
      192060
      192087
      192096
      192145
      192222
      192317
      192352
      192355
      192358
      192399
      192466
      192535
      192585
      192669
      192717
      192722
      192732
      192761
      192857
      192864
      192889
      192987
      193009
      193058
      193115
      193120
      193168
      193251
      193257
      193329
      193397
      193431
      193487
      193504
      193601
      193609
      193626
      193680
      193740
      193834
      193927
      194006
      194084
      194122
      194204
      194215
      194230
      194316
      194379
      194459
      194475
      194526
      194608
      194670
      194741
      194766
      194768
      194852
      194947
      195030
      195105
      195158
      195162
      195221
      195313
      195334
      195356
      195379
      195402
      195445
      195448
      195479
      195533
      195533
      195628
      195707
      195753
      195811
      195863
      195925
      195959
      196035
      196113
      196187
      196238
      196273
      196371
      196404
      196440
      196502
      196538
      196577
      196603
      196650
      196748
      196748
      196768
      196848
      196942
      197024
      197035
      197128
      197161
      197199
      197237
      197296
      197313
      197347
      197426
      197500
      197548
      197617
      197658
      197689
      197723
      197734
      197825
      197873
      197960
      198035
      198062
      198154
      198161
      198238
      198267
      198328
      198349
      198415
      198504
      198571
      198607
      198686
      198713
      198788
      198876
      198945
      198969
      199025
      199049
      199092
      199170
      199266
      199347
      199359
      199440
      199468
      199509
      199601
      199694
      199760
      199845
      199846
      199877
      199892
      199914
      200012
      200067
      200091
      200175
      200216
      200281
      200343
      200437
      200444
      200537
      200571
      200635
      200659
      200717
      200738
      200798
      200860
      200930
      200965
      201014
      201048
      201139
      201236
      201268
      201280
      201352
      201440
      201458
      201549
      201621
      201646
      201740
      201817
      201846
      201926
      201951
      202033
      202130
      202206
      202296
      202342
      202378
      202414
      202495
      202529
      202625
      202674
      202744
      202767
      202858
      202891
      202915
      202929
      203014
      203062
      203098
      203174
      203245
      203247
      203317
      203413
      203432
      203480
      203518
      203561
      203568
      203572
      203664
      203717
      203724
      203731
      203813
      203836
      203914
      203942
      203981
      204041
      204068
      204108
      204200
      204207
      204276
      204322
      204407
      204479
      204524
      204622
      204662
      204703
      204785
      204852
      204865
      204923
      205016
      205016
      205081
      205109
      205139
      205218
      205293
      205334
      205427
      205472
      205553
      205567
      205609
      205624
      205647
      205739
      205793
      205838
      205879
      205923
      205996
      206035
      206067
      206117
      206158
      206179
      206184
      206225
      206296
      206356
      206404
      206454
      206542
      206556
      206596
      206667
      206684
      206770
      206770
      206796
      206829
      206847
      206851
      206863
      206907
      206978
      207053
      207121
      207204
      207294
      207360
      207367
      207370
      207401
      207472
      207566
      207644
      207719
      207752
      207795
      207873
      207902
      207928
      207989
      208084
      208124
      208161
      208248
      208275
      208364
      208446
      208497
      208501
      208562
      208578
      208675
      208729
      208800
      208893
      208955
      208966
      208972
      208987
      209005
      209102
      209191
      209210
      209298
      209317
      209325
      209369
      209385
      209463
      209558
      209571
      209636
      209700
      209717
      209798
      209822
      209871
      209957
      209987
      210047
      210128
      210172
      210231
      210317
      210397
      210443
      210486
      210571
      210630
      210652
      210668
      210682
      210722
      210744
      210750
      210789
      210862
      210916
      210922
      210972
      210992
      210993
      211010
      211013
      211064
      211152
      211186
      211253
      211332
      211420
      211498
      211549
      211569
      211601
      211618
      211660
      211751
      211793
      211868
      211905
      211982
      212017
      212042
      212139
      212221
      212234
      212328
      212371
      212404
      212415
      212451
      212471
      212477
      212553
      212595
      212641
      212711
      212768
      212846
      212869
      212914
      212980
      213070
      213154
      213196
      213209
      213247
      213284
      213303
      213316
      213328
      213338
      213396
      213450
      213500
      213506
      213595
      213597
      213616
      213689
      213718
      213746
      213769
      213862
      213922
      214015
      214112
      214172
      214265
      214348
      214356
      214377
      214427
      214456
      214503
      214554
      214583
      214681
      214763
      214818
      214904
      214976
      215067
      215144
      215229
      215290
      215332
      215375
      215464
      215561
      215603
      215638
      215656
      215752
      215788
      215798
      215840
      215894
      215959
      216012
      216101
      216155
      216176
      216264
      216301
      216390
      216448
      216509
      216551
      216556
      216627
      216639
      216672
      216750
      216840
      216877
      216963
      216990
      217082
      217117
      217158
      217221
      217233
      217252
      217332
      217377
      217428
      217434
      217533
      217582
      217655
      217723
      217778
      217861
      217914
      217981
      218015
      218056
      218099
      218143
      218241
      218253
      218290
      218371
      218387
      218424
      218434
      218493
      218520
      218589
      218613
      218625
      218721
      218807
      218813
      218818
      218912
      219011
      219027
      219095
      219181
      219219
      219238
      219292
      219340
      219376
      219438
      219525
      219551
      219552
      219634
      219726
      219771
      219792
      219890
      219956
      220021
      220106
      220184
      220204
      220206
      220284
      220333
      220429
      220500
      220550
      220645
      220706
      220763
      220770
      220783
      220868
      220925
      220928
      220959
      220964
      221009
      221057
      221118
      221170
      221205
      221218
      221294
      221328
      221352
      221417
      221485
      221543
      221586
      221654
      221707
      221792
      221846
      221927
      221965
      221986
      222014
      222063
      222130
      222180
      222189
      222269
      222322
      222365
      222428
      222458
      222483
      222543
      222571
      222621
      222674
      222687
      222738
      222799
      222856
      222880
      222961
      222991
      223060
      223142
      223153
      223158
      223214
      223302
      223371
      223447
      223520
      223520
      223557
      223636
      223640
      223718
      223742
      223840
      223914
      223915
      223980
      223988
      224049
      224049
      224141
      224220
      224314
      224327
      224420
      224507
      224516
      224528
      224535
      224566
      224567
      224575
      224599
      224665
      224674
      224694
      224712
      224773
      224817
      224832
      224904
      224953
      225025
      225081
      225110
      225122
      225166
      225188
      225264
      225335
      225411
      225464
      225518
      225559
      225629
      225692
      225775
      225822
      225863
      225901
      225922
      225977
      226062
      226157
      226246
      226338
      226344
      226373
      226471
      226564
      226589
      226631
      226636
      226703
      226791
      226800
      226885
      226984
      227000
      227059
      227120
      227157
      227190
      227285
      227352
      227405
      227416
      227426
      227462
      227529
      227618
      227632
      227715
      227763
      227827
      227897
      227931
      227948
      228005
      228010
