          56
         123
         154
         208
         271
         338
         396
         416
         483
         486
         504
         556
         633
         659
         709
         720
         807
         831
         834
         921
        1011
        1030
        1085
        1104
        1106
        1118
        1199
        1277
        1320
        1364
        1440
        1512
        1577
        1639
        1733
        1805
        1875
        1887
        1888
        1943
        1964
        2038
        2128
        2145
        2207
        2239
        2256
        2344
        2435
        2460
        2518
        2571
        2588
        2630
        2673
        2721
        2794
        2842
        2895
        2957
        2973
        2990
        3022
        3104
        3118
        3212
        3238
        3311
        3396
        3476
        3485
        3539
        3622
        3655
        3744
        3755
        3800
        3830
        3922
        3930
        4022
        4052
        4068
        4112
        4162
        4235
        4262
        4273
        4310
        4408
        4429
        4486
        4501
        4545
        4593
        4643
        4657
        4717
        4766
        4862
        4915
        4989
        5058
        5102
        5182
        5273
        5368
        5383
        5448
        5515
        5516
        5609
        5615
        5665
        5709
        5714
        5783
        5853
        5924
        5975
        6067
        6109
        6184
        6212
        6278
        6299
        6372
        6415
        6482
        6554
        6626
        6673
        6715
        6723
        6750
        6813
        6897
        6908
        6977
        7011
        7051
        7094
        7097
        7175
        7250
        7295
        7331
        7382
        7416
        7447
        7539
        7613
        7626
        7637
        7687
        7707
        7796
        7826
        7865
        7918
        7931
        7999
        8021
        8091
        8151
        8181
        8184
        8193
        8261
        8289
        8318
        8399
        8435
        8463
        8552
        8616
        8680
        8774
        8809
        8861
        8926
        9019
        9092
        9103
        9115
        9173
        9179
        9257
        9342
        9421
        9462
        9472
        9517
        9600
        9638
        9728
        9774
        9832
        9861
        9865
        9944
       10003
       10007
       10100
       10175
       10244
       10251
       10292
       10355
       10430
       10456
       10516
       10578
       10672
       10680
       10723
       10766
       10806
       10855
       10908
       10942
       10944
       10997
       11063
       11094
       11105
       11158
       11255
       11270
       11340
       11370
       11414
       11461
       11526
       11582
       11597
       11665
       11671
       11705
       11792
       11816
       11853
       11882
       11910
       11917
       11969
       12014
       12043
       12061
       12134
       12198
       12270
       12302
       12313
       12380
       12410
       12460
       12554
       12602
       12658
       12730
       12754
       12824
       12907
       12959
       13042
       13052
       13113
       13190
       13234
       13268
       13269
       13289
       13310
       13373
       13415
       13469
       13496
       13524
       13614
       13642
       13710
       13753
       13825
       13873
       13953
       14009
       14043
       14092
       14150
       14186
       14277
       14279
       14366
       14372
       14435
       14485
       14529
       14578
       14600
       14634
       14732
       14743
       14838
       14922
       14980
       14998
       15027
       15111
       15165
       15180
       15254
       15257
       15341
       15434
       15514
       15609
       15674
       15708
       15747
       15820
       15847
       15860
       15922
       15923
       15923
       15968
       16044
       16057
       16117
       16205
       16224
       16298
       16312
       16322
       16335
       16402
       16405
       16424
       16455
       16536
       16634
       16726
       16754
       16794
       16810
       16865
       16962
       17055
       17146
       17237
       17295
       17354
       17453
       17486
       17580
       17677
       17727
       17787
       17805
       17846
       17922
       17936
       18016
       18114
       18144
       18190
       18234
       18320
       18379
       18465
       18505
       18581
       18619
       18622
       18652
       18668
       18679
       18686
       18690
       18743
       18804
       18843
       18898
       18955
       18961
       19054
       19125
       19130
       19216
       19305
       19360
       19363
       19377
       19383
       19423
       19479
       19539
       19601
       19688
       19727
       19775
       19810
       19886
       19900
       19910
       19975
       20029
       20053
       20086
       20160
       20242
       20263
       20321
       20368
       20463
       20553
       20639
       20718
       20792
       20859
       20933
       21024
       21104
       21179
       21186
       21210
       21305
       21369
       21406
       21412
       21441
       21456
       21547
       21587
       21642
       21652
       21663
       21690
       21728
       21733
       21810
       21880
       21904
       21969
       22045
       22068
       22086
       22169
       22176
       22186
       22218
       22282
       22376
       22429
       22487
       22528
       22610
       22703
       22710
       22782
       22821
       22906
       22977
       22997
       23085
       23091
       23172
       23234
       23252
       23336
       23336
       23376
       23403
       23426
       23518
       23567
       23627
       23642
       23705
       23779
       23798
       23857
       23924
       23991
       24023
       24084
       24174
       24270
       24290
       24353
       24392
       24422
       24487
       24546
       24634
       24711
       24789
       24863
       24948
       25034
       25115
       25186
       25252
       25329
       25362
       25445
       25472
       25514
       25560
       25610
       25662
       25684
       25736
       25757
       25846
       25940
       25945
       26021
       26029
       26075
       26114
       26180
       26263
       26315
       26391
       26414
       26485
       26558
       26639
       26653
       26685
       26772
       26810
       26858
       26909
       26976
       26992
       27030
       27123
       27187
       27191
       27205
       27293
       27392
       27398
       27464
       27466
       27547
       27582
       27632
       27725
       27773
       27840
       27894
       27923
       27972
       28051
       28066
       28131
       28144
       28210
       28299
       28350
       28447
       28457
       28461
       28531
       28605
       28647
       28647
       28733
       28739
       28748
       28779
       28812
       28842
       28843
       28857
       28925
       28927
       29014
       29066
       29141
       29223
       29251
       29328
       29357
       29405
       29437
       29437
       29487
       29552
       29565
       29597
       29622
       29653
       29722
       29792
       29809
       29900
       29985
       30041
       30099
       30190
       30269
       30293
       30302
       30305
       30333
       30421
       30439
       30457
       30522
       30571
       30614
       30702
       30791
       30824
       30871
       30916
       30985
       31031
       31106
       31110
       31191
       31227
       31247
       31311
       31359
       31364
       31422
       31437
       31493
       31509
       31584
       31619
       31657
       31701
       31709
       31773
       31794
       31800
       31825
       31919
       31987
       32011
       32081
       32147
       32201
       32206
       32237
       32279
       32339
       32384
       32432
       32441
       32503
       32531
       32612
       32658
       32678
       32738
       32751
       32753
       32812
       32910
       32938
       32972
       33049
       33058
       33118
       33144
       33180
       33222
       33224
       33302
       33385
       33406
       33450
       33524
       33528
       33591
       33598
       33646
       33713
       33777
       33806
       33821
       33837
       33870
       33917
       33999
       34012
       34027
       34070
       34083
       34084
       34093
       34111
       34143
       34189
       34271
       34337
       34433
       34486
       34539
       34635
       34703
       34789
       34888
       34973
       35037
       35087
       35171
       35171
       35251
       35290
       35340
       35426
       35497
       35596
       35630
       35720
       35784
       35805
       35825
       35831
       35891
       35929
       35969
       35986
       35998
       36027
       36065
       36082
       36122
       36189
       36252
       36282
       36365
       36443
       36469
       36529
       36585
       36595
       36616
       36679
       36768
       36809
       36877
       36932
       37031
       37032
       37058
       37100
       37136
       37184
       37208
       37286
       37354
       37440
       37493
       37589
       37620
       37620
       37704
       37783
       37836
       37930
       37942
       37986
       38013
       38053
       38144
       38200
       38255
       38267
       38279
       38341
       38404
       38469
       38489
       38561
       38634
       38690
       38738
       38811
       38860
       38939
       39003
       39063
       39092
       39154
       39163
       39250
       39258
       39262
       39343
       39383
       39384
       39482
       39506
       39540
       39637
       39733
       39799
       39897
       39963
       39983
       39988
       39995
       40065
       40152
       40166
       40260
       40339
       40400
       40480
       40552
       40569
       40613
       40635
       40725
       40745
       40780
       40849
       40945
       41003
       41092
       41163
       41244
       41324
       41376
       41452
       41544
       41586
       41601
       41612
       41683
       41694
       41706
       41731
       41823
       41899
       41927
       41970
       42040
       42064
       42090
       42145
       42151
       42208
       42294
       42393
       42458
       42476
       42562
       42603
       42666
       42746
       42826
       42827
       42833
       42922
       42960
       43044
       43099
       43120
       43160
       43238
       43251
       43283
       43295
       43339
       43387
       43483
       43531
       43550
       43584
       43673
       43767
       43857
       43869
       43885
       43969
       44057
       44084
       44126
       44157
       44230
       44304
       44322
       44355
       44451
       44456
       44484
       44575
       44639
       44714
       44800
       44843
       44922
       44938
       45004
       45046
       45138
       45193
       45252
       45286
       45381
       45452
       45472
       45534
       45536
       45554
       45640
       45737
       45817
       45828
       45863
       45898
       45963
       45990
       46041
       46058
       46067
       46127
       46153
       46196
       46235
       46264
       46311
       46343
       46394
       46452
       46520
       46562
       46644
       46716
       46808
       46895
       46991
       47042
       47082
       47141
       47214
       47304
       47369
       47444
       47452
       47522
       47614
       47625
       47718
       47786
       47837
       47870
       47958
       48052
       48136
       48161
       48256
       48264
       48322
       48360
       48380
       48434
       48512
       48526
       48565
       48640
       48659
       48745
       48778
       48799
       48830
       48849
       48924
       49010
       49049
       49139
       49232
       49238
       49241
       49315
       49369
       49453
       49481
       49485
       49522
       49539
       49623
       49702
       49730
       49759
       49812
       49898
       49993
       50029
       50078
       50155
       50217
       50237
       50287
       50339
       50423
       50514
       50603
       50629
       50708
       50720
       50735
       50773
       50781
       50806
       50887
       50976
       51013
       51031
       51049
       51128
       51181
       51274
       51372
       51443
       51526
       51545
       51610
       51673
       51718
       51770
       51790
       51856
       51950
       52011
       52017
       52033
       52111
       52112
       52200
       52202
       52252
       52261
       52298
       52346
       52379
       52421
       52444
       52514
       52576
       52643
       52715
       52767
       52855
       52950
       52983
       53035
       53037
       53121
       53141
       53173
       53235
       53312
       53328
       53411
       53480
       53553
       53602
       53680
       53760
       53843
       53875
       53889
       53973
       54054
       54104
       54161
       54201
       54235
       54309
       54319
       54341
       54377
       54428
       54462
       54468
       54507
       54543
       54613
       54670
       54725
       54725
       54738
       54774
       54862
       54951
       54994
       55001
       55028
       55044
       55110
       55120
       55182
       55259
       55285
       55288
       55324
       55340
       55344
       55427
       55453
       55520
       55581
       55676
       55724
       55725
       55772
       55795
       55844
       55930
       56018
       56045
       56098
       56109
       56206
       56298
       56389
       56421
       56461
       56516
       56571
       56637
       56705
       56715
       56773
       56838
       56913
       56958
       56974
       57002
       57021
       57052
       57138
       57236
       57310
       57349
       57399
       57492
       57591
       57636
       57682
       57717
       57792
       57806
       57855
       57879
       57926
       58018
       58075
       58084
       58098
       58106
       58160
       58226
       58284
       58325
       58351
       58389
       58471
       58533
       58556
       58577
       58649
       58658
       58668
       58717
       58812
       58838
       58859
       58879
       58927
       59001
       59043
       59114
       59155
       59206
       59245
       59336
       59405
       59427
       59497
       59584
       59647
       59703
       59733
       59775
       59782
       59870
       59923
       59986
       60074
       60116
       60133
       60217
       60277
       60282
       60310
       60341
       60432
       60445
       60529
       60549
       60556
       60571
       60607
       60669
       60753
       60786
       60871
       60895
       60915
       60930
       60931
       60977
       61031
       61032
       61067
       61097
       61188
       61251
       61256
       61256
       61266
       61284
       61291
       61390
       61444
       61490
       61563
       61588
       61646
       61669
       61690
       61749
       61781
       61803
       61873
       61933
       61959
       61961
       62045
       62077
       62139
       62160
       62236
       62320
       62350
       62409
       62431
       62479
       62513
       62606
       62699
       62776
       62845
       62912
       62922
       62982
       63060
       63140
       63183
       63203
       63269
       63311
       63397
       63429
       63505
       63541
       63545
       63618
       63701
       63758
       63808
       63838
       63875
       63962
       64052
       64139
       64155
       64248
       64316
       64409
       64442
       64487
       64520
       64583
       64605
       64615
       64687
       64717
       64775
       64825
       64844
       64858
       64908
       64917
       64975
       64979
       65008
       65022
       65083
       65098
       65141
       65202
       65244
       65274
       65364
       65370
       65435
       65484
       65517
       65595
       65603
       65648
       65707
       65738
       65753
       65829
       65854
       65942
       66033
       66090
       66154
       66174
       66205
       66290
       66385
       66442
       66475
       66567
       66637
       66674
       66760
       66788
       66840
       66859
       66940
       66952
       67040
       67081
       67162
       67231
       67293
       67335
       67410
       67440
       67517
       67581
       67623
       67708
       67788
       67829
       67890
       67952
       67970
       67981
       68010
       68087
       68105
       68157
       68192
       68218
       68232
       68269
       68295
       68303
       68336
       68356
       68397
       68460
       68499
       68541
       68587
       68649
       68687
       68706
       68775
       68789
       68796
       68890
       68914
       68963
       69031
       69112
       69166
       69216
       69223
       69280
       69362
       69449
       69505
       69557
       69609
       69646
       69695
       69779
       69801
       69894
       69984
       70059
       70108
       70120
       70205
       70285
       70337
       70358
       70457
       70515
       70596
       70665
       70734
       70752
       70825
       70909
       70911
       70957
       71045
       71117
       71175
       71255
       71259
       71320
       71396
       71464
       71468
       71517
       71553
       71572
       71636
       71712
       71766
       71779
       71809
       71810
       71897
       71964
       71970
       71988
       72057
       72065
       72139
       72180
       72242
       72328
       72370
       72444
       72514
       72604
       72699
       72736
       72782
       72785
       72793
       72876
       72895
       72965
       73002
       73022
       73095
       73100
       73112
       73159
       73258
       73269
       73354
       73357
       73445
       73471
       73539
       73546
       73550
       73642
       73679
       73729
       73729
       73773
       73810
       73847
       73934
       74030
       74059
       74140
