          30
          54
         136
         213
         279
         324
         355
         428
         474
         521
         565
         635
         650
         656
         718
         728
         782
         783
         794
         799
         890
         911
         984
        1044
        1133
        1192
        1283
        1294
        1337
        1359
        1394
        1487
        1517
        1611
        1630
        1669
        1685
        1781
        1834
        1925
        1956
        1982
        1996
        1999
        2026
        2078
        2159
        2242
        2328
        2405
        2456
        2530
        2571
        2614
        2656
        2687
        2706
        2713
        2724
        2732
        2752
        2812
        2812
        2877
        2891
        2918
        2966
        3024
        3065
        3112
        3151
        3155
        3157
        3248
        3276
        3339
        3411
        3443
        3457
        3479
        3482
        3505
        3556
        3612
        3700
        3733
        3829
        3840
        3895
        3929
        3961
        3980
        4063
        4109
        4120
        4126
        4205
        4287
        4306
        4380
        4398
        4495
        4506
        4587
        4643
        4662
        4710
        4762
        4815
        4850
        4921
        5014
        5052
        5120
        5217
        5257
        5301
        5355
        5399
        5496
        5526
        5584
        5617
        5656
        5657
        5679
        5777
        5847
        5922
        5956
        6009
        6021
        6055
        6061
        6099
        6194
        6217
        6297
        6367
        6407
        6414
        6459
        6465
        6519
        6595
        6680
        6685
        6727
        6760
        6784
        6847
        6847
        6877
        6961
        7046
        7060
        7142
        7241
        7254
        7288
        7351
        7409
        7468
        7505
        7585
        7665
        7665
        7711
        7808
        7884
        7943
        7957
        8022
        8110
        8206
        8209
        8234
        8239
        8297
        8375
        8443
        8445
        8508
        8513
        8612
        8663
        8708
        8765
        8817
        8833
        8923
        9016
        9050
        9077
        9111
        9114
        9134
        9183
        9276
        9327
        9394
        9465
        9479
        9528
        9544
        9559
        9585
        9684
        9706
        9776
        9802
        9803
        9853
        9877
        9929
        9962
       10035
       10079
       10153
       10153
       10222
       10233
       10268
       10270
       10328
       10363
       10398
       10440
       10449
       10505
       10510
       10566
       10611
       10672
       10716
       10782
       10834
       10844
       10877
       10879
       10939
       10996
       11032
       11048
       11080
       11137
       11179
       11220
       11313
       11386
       11455
       11464
       11529
       11586
       11640
       11668
       11754
       11762
       11796
       11825
       11884
       11970
       12060
       12158
       12243
       12312
       12314
       12317
       12385
       12440
       12445
       12507
       12546
       12559
       12599
       12609
       12626
       12628
       12694
       12708
       12799
       12859
       12882
       12931
       12950
       12985
       13051
       13083
       13095
       13164
       13217
       13275
       13294
       13300
