          15
          71
         133
         169
         173
         267
         343
         359
         397
         443
         493
         511
         547
         610
         697
         783
         846
         933
         936
        1005
        1093
        1119
        1203
        1242
        1286
        1356
        1397
        1468
        1489
        1495
        1568
        1574
        1583
        1613
        1686
        1727
        1794
        1798
        1828
        1860
        1941
        1944
        2019
        2042
        2109
        2199
        2286
        2327
        2425
        2434
        2492
        2496
        2529
        2547
        2643
        2732
        2799
        2841
        2861
        2925
        2925
        2944
        2953
        2978
        3065
        3106
        3157
        3180
        3279
        3300
        3360
        3432
        3496
        3556
        3562
        3586
        3586
        3681
        3712
        3757
        3826
        3879
        3890
        3906
        3973
        3999
        4016
        4098
        4138
        4204
        4232
        4253
        4259
        4273
        4309
        4385
        4434
        4515
        4605
        4673
        4713
        4791
        4834
        4873
        4901
        4915
        4965
        5015
        5089
        5127
        5171
        5174
        5239
        5247
        5254
        5266
        5288
        5344
        5427
        5428
        5490
        5563
        5611
        5655
        5727
        5735
        5760
        5772
        5862
        5942
        5946
        5949
        5995
        6021
        6075
        6123
        6194
        6288
        6314
        6349
        6393
        6458
        6513
        6597
        6604
        6625
        6687
        6726
        6742
        6781
        6827
        6913
        6914
        6927
        6949
        7023
        7118
        7200
        7215
        7244
        7330
        7363
        7388
        7409
        7429
        7454
        7463
        7537
        7555
        7601
        7609
        7637
        7637
        7708
        7770
        7858
        7872
        7890
        7900
        7987
        7993
        8003
        8054
        8147
        8170
        8180
        8231
        8259
        8313
        8396
        8399
        8498
        8505
        8524
        8560
        8592
        8619
        8699
        8701
        8781
        8826
        8875
        8911
        8969
        8975
        9020
        9025
        9072
        9151
        9245
        9282
        9302
        9318
        9333
        9344
        9355
        9374
        9444
        9471
        9561
        9624
        9713
        9806
        9851
        9895
        9988
       10075
       10148
       10172
       10198
       10297
       10358
       10388
       10423
       10481
       10561
       10654
       10664
       10665
       10726
       10779
       10860
       10902
       10909
       10928
       10962
       11021
       11108
       11130
       11181
       11264
       11334
       11350
       11357
       11439
       11441
       11521
       11523
       11572
       11624
       11708
       11762
       11772
       11832
       11916
       11938
       11996
       12030
       12077
       12092
       12186
       12246
       12308
       12406
       12441
       12512
       12567
       12634
       12697
       12787
       12835
       12867
       12905
       12948
       12980
       13052
       13071
       13093
       13097
       13122
       13132
       13224
       13236
       13238
       13280
       13317
       13347
       13404
       13454
       13484
       13564
       13573
       13602
       13623
       13696
       13736
       13758
       13802
       13821
       13889
       13909
       13962
       14031
       14109
       14160
       14241
       14308
       14354
       14355
       14358
       14409
       14423
       14428
       14505
       14514
       14568
       14614
       14704
       14763
       14799
       14896
       14984
       15018
       15031
       15113
       15175
       15242
       15318
       15356
       15390
       15482
       15507
       15525
       15621
       15636
       15713
       15751
       15822
       15867
       15944
       15952
       16012
       16058
       16074
       16108
       16188
       16285
       16301
       16310
       16373
       16463
       16494
       16534
       16610
       16637
       16667
       16704
       16795
       16814
       16814
       16878
       16930
       16937
       16991
       17002
       17098
       17105
       17159
       17194
       17271
       17285
       17331
       17383
       17447
       17486
       17548
       17573
       17615
       17622
       17683
       17713
       17777
       17864
       17931
       17993
       18070
       18149
       18151
       18246
       18289
       18379
       18402
       18402
       18458
       18532
       18622
       18651
       18654
       18727
       18771
       18831
       18859
       18915
       18996
       19012
       19078
       19131
       19213
       19232
       19318
       19336
       19355
       19427
       19475
       19486
       19524
       19565
       19645
       19658
       19671
       19734
       19762
       19817
       19849
       19917
       19938
       19991
       20027
       20089
       20112
       20129
       20213
       20279
       20368
       20393
       20393
       20458
       20545
       20581
       20679
       20775
       20838
       20917
       20964
       21010
       21031
       21096
       21172
       21244
       21252
       21326
       21375
       21457
       21514
       21606
       21658
       21724
       21760
       21821
       21837
       21893
       21893
       21985
       22036
       22074
       22125
       22176
       22196
       22292
       22332
       22346
       22351
       22377
       22399
       22497
       22560
       22634
       22732
       22824
       22867
       22960
       23000
       23088
       23100
       23171
       23207
       23292
       23340
       23361
       23441
       23450
       23458
       23513
       23519
       23567
       23608
       23657
       23687
       23751
       23817
       23899
       23968
       24051
       24149
       24173
       24185
       24202
       24243
       24318
       24387
       24416
       24496
       24536
       24556
       24651
       24688
       24706
       24728
       24745
       24823
       24851
       24925
       24986
       25070
       25124
       25216
       25221
       25245
       25293
       25362
       25379
       25427
       25442
       25444
       25491
       25565
       25621
       25685
       25762
       25836
       25872
       25884
       25930
       25950
       26013
       26107
       26144
       26148
       26197
       26219
       26240
       26248
       26287
       26373
       26448
       26461
       26518
       26600
       26633
       26709
       26711
       26805
       26897
       26934
       27006
       27096
       27104
       27139
       27182
       27275
       27353
       27415
       27493
       27589
       27626
       27673
       27742
       27754
       27839
       27862
       27942
       28010
       28025
       28036
       28108
       28155
       28158
       28218
       28258
       28338
       28400
       28406
       28501
       28543
       28592
       28651
       28746
       28790
       28868
       28910
       28945
       29042
       29085
       29183
       29235
       29304
       29338
       29387
       29482
       29502
       29533
       29560
       29593
       29626
       29722
       29736
       29807
       29821
       29885
       29946
       30045
       30060
       30095
       30163
       30222
       30300
       30370
       30414
       30420
       30474
       30493
       30511
       30572
       30583
       30625
       30678
       30708
       30734
       30783
       30788
       30842
       30869
       30888
       30911
       30919
       30992
       31044
       31054
       31136
       31201
       31227
       31248
       31307
       31392
       31403
       31413
       31475
       31482
       31491
       31501
       31551
       31582
       31587
       31593
       31667
       31745
       31832
       31908
       31997
       32073
       32153
       32175
       32210
       32301
       32354
       32396
       32403
       32462
       32502
       32557
       32653
       32667
       32759
       32825
       32826
       32909
       32999
       33043
       33099
       33198
       33216
       33225
       33296
       33317
       33399
       33461
       33525
       33551
       33610
       33630
       33717
       33785
       33788
       33839
       33924
       34007
       34089
       34163
       34198
       34207
       34253
       34339
       34423
       34426
       34481
       34550
       34557
       34644
       34677
       34697
       34774
       34808
       34829
       34911
       34940
       34960
       34966
       35040
       35127
       35150
       35234
       35291
       35353
       35449
       35531
       35531
       35595
       35676
       35690
       35697
       35708
       35792
       35830
       35912
       35921
       35943
       35966
       36004
       36067
       36111
       36163
       36208
       36228
       36274
       36301
       36392
       36461
       36549
       36636
       36706
       36737
       36796
       36892
       36974
       37073
       37081
       37135
       37195
       37218
       37238
       37307
       37325
       37355
       37434
       37519
       37535
       37614
       37674
       37714
       37775
       37783
       37833
       37877
       37933
       37983
       38075
       38129
       38180
       38242
       38326
       38405
       38447
       38500
       38556
       38624
       38663
       38701
       38777
       38865
       38877
       38896
       38978
       39005
       39098
       39163
       39256
       39349
       39434
       39530
       39623
       39623
       39633
       39726
       39791
       39860
       39883
       39894
       39960
       40051
       40145
       40183
       40192
       40273
       40305
       40391
       40429
       40448
       40541
       40595
       40657
       40685
       40694
       40707
       40756
       40815
       40836
       40929
       40968
       41006
       41045
       41106
       41115
       41132
       41163
       41216
       41294
       41354
       41449
       41478
       41519
       41610
       41705
       41746
       41767
       41858
       41946
       42021
       42065
       42065
       42066
       42130
       42155
       42205
       42263
       42274
       42349
       42435
       42442
       42471
       42543
       42632
       42699
       42704
       42726
       42799
       42837
       42895
       42983
       43036
       43100
       43183
       43223
       43306
       43359
       43421
       43470
       43485
       43488
       43542
       43607
       43617
       43651
       43707
       43790
       43835
       43934
       44022
       44073
       44161
       44179
       44217
       44292
       44305
       44340
       44425
       44460
       44528
       44544
       44615
       44622
       44678
       44750
       44813
       44814
       44906
       44959
       44992
       45046
       45086
       45090
       45157
       45252
       45336
       45430
       45487
       45503
       45558
       45619
       45625
       45672
       45744
       45801
       45837
       45934
       45958
       46043
       46105
       46203
       46209
       46270
       46327
       46359
       46445
       46465
       46513
       46530
       46596
       46659
       46735
       46785
       46810
       46825
       46881
       46904
       46925
       46929
       47027
       47042
       47086
       47123
       47143
       47237
       47254
       47346
       47438
       47445
       47526
       47612
       47627
       47665
       47748
       47794
       47868
       47927
       47931
       47966
       47981
       48031
       48098
       48168
       48171
       48198
       48206
       48257
       48303
       48378
       48437
       48513
       48594
       48657
       48662
       48735
       48818
       48844
       48900
       48998
       49052
       49093
       49164
       49200
       49262
       49295
       49375
       49468
       49517
       49567
       49597
       49653
       49657
       49743
       49778
       49826
       49907
       49943
       49990
       50047
       50069
       50120
       50181
       50205
       50214
       50284
       50345
       50377
       50439
       50516
       50525
       50601
       50667
       50704
       50769
       50840
       50913
       50966
       50968
       51002
       51061
       51115
       51124
       51168
       51260
       51291
       51326
       51397
       51413
       51495
       51568
       51621
       51649
       51691
       51777
       51876
       51881
       51898
       51943
       52014
       52072
       52118
       52167
       52212
       52229
       52245
       52274
       52371
       52445
       52477
       52544
       52584
       52662
       52679
       52743
       52837
       52908
       52942
       53008
       53092
       53110
       53155
       53254
       53274
       53297
       53371
       53382
       53463
       53560
       53612
       53612
       53633
       53709
       53793
       53849
       53929
       53995
       54017
       54080
       54090
       54182
       54246
       54328
       54367
       54418
       54473
       54518
       54546
       54556
       54637
       54712
       54788
       54848
       54921
       54940
       55008
       55055
       55085
       55166
       55189
       55231
       55233
       55246
       55247
       55288
       55351
       55427
       55443
       55479
       55573
       55593
       55600
       55696
       55785
       55847
       55913
       55972
       55979
       56073
       56121
       56153
       56239
       56248
       56310
       56375
       56426
       56496
       56497
       56531
       56603
       56668
       56710
       56766
       56864
       56935
       57033
       57046
       57129
       57223
       57298
       57397
       57430
       57491
       57495
       57541
       57548
       57575
       57604
       57668
       57698
       57783
       57861
       57890
       57911
       57918
       58002
       58074
       58093
       58146
       58200
       58214
       58277
       58278
       58323
       58354
       58394
       58454
       58526
       58548
       58613
       58631
       58667
       58709
       58796
       58801
       58857
       58915
       58956
       59030
       59066
       59148
       59191
       59204
       59207
       59290
       59295
       59316
       59343
       59346
       59364
       59408
       59410
       59488
       59506
       59553
       59609
       59644
       59726
       59750
       59761
       59835
       59907
       59920
       60004
       60043
       60046
       60095
       60191
       60215
       60263
       60354
       60438
       60455
       60526
       60601
       60612
       60630
       60706
       60766
       60803
       60873
       60880
       60939
       61031
       61099
       61152
       61217
       61297
       61368
       61385
       61482
       61575
       61630
       61719
       61802
       61864
       61876
       61939
       62011
       62016
       62061
       62096
       62107
       62117
       62122
       62143
       62187
       62210
       62239
       62302
       62328
       62402
       62430
       62524
       62623
       62660
       62677
       62729
       62816
       62883
       62957
       63054
       63128
       63187
       63200
       63249
       63332
       63336
       63382
       63480
       63559
       63585
       63634
       63706
       63737
       63761
       63762
       63795
       63827
       63887
       63968
       64051
       64095
       64114
       64139
       64175
       64241
       64336
       64419
       64451
       64493
       64517
       64584
       64673
       64719
       64731
       64765
       64812
       64855
       64953
       64966
       64986
       65081
       65169
       65207
       65300
       65371
       65434
       65498
       65558
       65626
       65700
       65760
       65853
       65900
       65966
       66065
       66076
       66084
       66121
       66154
       66160
       66246
       66297
       66377
       66424
       66478
       66562
       66651
       66665
       66746
       66781
       66796
       66872
       66950
       66979
       67006
       67031
       67039
       67106
       67108
       67113
       67136
       67233
       67296
       67299
       67348
       67447
       67508
       67572
       67638
       67647
       67729
       67827
       67870
       67965
       68001
       68089
       68123
       68194
       68277
       68353
       68447
       68459
       68470
       68492
       68565
       68583
       68636
       68658
       68666
       68718
       68763
       68823
       68847
       68852
       68950
       68970
       68983
       68996
       69004
       69090
       69118
       69187
       69270
       69347
       69423
       69492
       69496
       69551
       69592
       69620
       69649
       69660
       69757
       69795
       69806
       69834
       69873
       69875
       69900
       69955
       69982
       69996
       70059
       70129
       70199
       70295
       70311
       70406
       70478
       70528
       70618
       70653
       70727
       70778
       70784
       70874
       70899
       70916
       70998
       71081
       71098
       71103
       71114
       71115
       71156
       71204
       71279
       71377
       71391
       71409
       71413
       71476
       71565
       71609
       71665
       71705
       71717
       71804
       71882
       71933
       72004
       72009
       72057
       72125
       72183
       72184
       72197
       72287
       72289
       72352
       72425
       72501
       72541
       72580
       72637
       72672
       72741
       72760
       72809
       72817
       72848
       72930
       72970
       73066
       73094
       73182
       73201
       73239
       73257
       73328
       73342
       73435
       73479
       73485
       73525
       73545
       73576
       73651
       73721
       73784
       73849
       73856
       73863
       73959
       73986
       74053
       74152
       74209
       74265
       74295
       74372
       74397
       74406
       74449
       74511
       74555
       74638
       74678
       74730
       74793
       74882
       74969
       75035
       75056
       75060
       75118
       75189
       75236
       75316
       75385
       75430
       75470
       75552
       75620
       75678
       75725
       75744
       75797
       75878
       75928
       75982
       76077
       76079
       76104
       76198
       76280
       76333
       76394
       76402
       76484
       76485
       76563
       76601
       76637
       76653
       76747
       76762
       76811
       76901
       76959
       77054
       77144
       77171
       77198
       77245
       77304
       77378
       77385
       77463
       77506
       77532
       77546
       77601
       77639
       77654
       77725
       77808
       77835
       77920
       77939
       78013
       78105
       78149
       78164
       78214
       78286
       78320
       78392
       78466
       78550
       78639
       78738
       78769
       78852
       78943
       79029
       79105
       79116
       79207
       79243
       79315
       79322
       79395
       79416
       79430
       79460
       79556
       79569
       79610
       79708
       79759
       79830
       79831
       79891
       79911
       79933
       79948
       80003
       80086
       80122
       80165
       80215
       80265
       80300
       80386
       80436
       80440
       80448
       80480
       80508
       80544
       80579
       80616
       80706
       80732
       80795
       80848
       80902
       80970
       81008
       81053
       81097
       81185
       81198
       81264
       81271
       81360
       81424
       81504
       81536
       81540
       81633
       81672
       81710
       81733
       81820
       81876
       81949
       82020
       82076
       82089
       82130
       82131
       82211
       82267
       82347
       82380
       82388
       82431
       82490
       82544
       82570
       82639
       82690
       82763
       82781
       82811
       82814
       82873
       82873
       82895
       82957
       83025
       83053
       83148
       83189
       83201
       83300
       83312
       83325
       83341
       83415
       83427
       83490
       83561
       83606
       83682
       83733
       83805
       83899
       83968
       84031
       84099
       84119
       84208
       84221
       84253
       84293
       84390
       84472
       84506
       84545
       84601
       84694
       84721
       84760
       84843
       84861
       84927
       84965
       84992
       85066
       85089
       85109
       85205
       85222
       85244
       85321
       85387
       85404
       85410
       85485
       85503
       85536
       85553
       85651
       85736
       85764
       85829
       85896
       85917
       85998
       86073
       86115
       86168
       86264
       86356
       86454
       86469
       86557
       86602
       86677
       86700
       86748
       86780
       86862
       86928
       86937
       87013
       87077
       87129
       87222
       87299
       87366
       87446
       87517
       87610
       87611
       87696
       87707
       87715
       87730
       87789
       87877
       87923
       87984
       88029
       88084
       88139
       88143
       88219
       88277
       88352
       88386
       88390
       88426
       88482
       88500
       88563
       88615
       88700
       88719
       88719
       88755
       88840
       88847
       88870
       88891
       88945
       89029
       89044
       89086
       89105
       89128
       89173
       89252
       89327
       89362
       89407
       89473
       89548
       89570
       89664
       89750
       89831
       89837
       89895
       89924
       89980
       90072
       90122
       90152
       90217
       90246
       90266
       90267
       90291
       90322
       90352
       90370
       90383
       90407
       90459
       90540
       90569
       90622
       90632
       90662
       90682
       90713
       90807
       90849
       90929
       90968
       91054
       91108
       91166
       91192
       91289
       91327
       91343
       91399
       91453
       91465
       91539
       91562
       91572
       91620
       91677
       91715
       91726
       91735
       91822
       91834
       91865
       91913
       91981
       92045
       92117
       92147
       92152
       92162
       92188
       92238
       92274
       92327
       92397
       92466
       92504
       92587
       92682
       92722
       92820
       92839
       92916
       92988
       93086
       93117
       93140
       93225
       93278
       93331
       93386
       93477
       93542
       93574
       93639
       93718
       93739
       93836
       93845
       93916
       93921
       93948
       93987
       94064
       94065
       94163
       94198
       94263
       94277
       94320
       94364
       94402
       94452
       94550
       94635
       94710
       94730
       94801
       94855
       94876
       94883
       94919
       94977
       95059
       95090
       95139
       95226
       95306
       95320
       95382
       95408
       95489
       95543
       95562
       95594
       95662
       95702
       95772
       95795
       95820
       95896
       95912
       95966
       95970
       96061
       96100
       96138
       96190
       96240
       96312
       96364
       96392
       96427
       96481
       96540
       96593
       96651
       96724
       96786
       96806
       96880
       96897
       96965
       97040
       97117
       97150
       97209
       97278
       97364
       97415
       97469
       97549
       97601
       97631
       97637
       97710
       97788
       97795
       97867
       97920
       98004
       98092
       98153
       98220
       98304
       98387
       98431
       98493
       98496
       98508
       98601
       98697
       98707
       98748
       98780
       98792
       98836
       98900
       98946
       99021
       99053
       99083
       99112
       99207
       99301
       99327
       99414
       99459
       99506
       99511
       99563
       99644
       99707
       99730
       99755
       99817
       99824
       99908
       99992
      100053
      100144
      100217
      100302
      100312
      100320
      100320
      100328
      100384
      100442
      100469
      100495
      100569
      100604
      100682
      100744
      100748
      100767
      100854
      100862
      100895
      100962
      100964
      101060
      101148
      101243
      101292
      101309
      101384
      101389
      101419
      101442
      101540
      101630
      101669
      101764
      101858
      101863
      101947
      101971
      101974
      102045
      102125
      102173
      102262
      102289
      102373
      102388
      102398
      102438
      102518
      102588
      102652
      102681
      102745
      102840
      102939
      102977
      103012
      103017
      103044
      103092
      103126
      103144
      103208
      103210
      103227
      103250
      103330
      103421
      103504
      103588
      103679
      103748
      103774
      103780
      103859
      103929
      103953
      104039
      104067
      104112
      104203
      104228
      104280
      104319
      104387
      104422
      104461
      104535
      104566
      104581
      104660
      104746
      104813
      104842
      104858
      104938
      104978
      105077
      105094
      105111
      105114
      105199
      105258
      105311
      105379
      105446
      105500
      105527
      105588
      105673
      105712
      105712
      105791
      105827
      105918
      105988
      106050
      106107
      106170
      106224
      106236
      106325
      106408
      106470
      106564
      106582
      106649
      106683
      106753
      106763
      106808
      106825
      106889
      106971
      107023
      107105
      107201
      107276
      107289
      107302
      107365
      107412
      107441
      107478
      107569
      107642
      107724
      107798
      107866
      107935
      108027
      108060
      108075
      108143
      108199
      108258
      108357
      108361
      108401
      108479
      108505
      108597
      108644
      108648
      108726
      108803
      108879
      108925
      109008
      109020
      109095
      109183
      109198
      109224
      109224
      109268
      109309
      109391
      109434
      109468
      109471
      109548
      109569
      109659
      109750
      109846
      109848
      109915
      109930
      110016
      110081
      110137
      110169
      110206
      110263
      110296
      110358
      110445
      110484
      110506
      110524
      110544
      110635
      110714
      110784
      110827
      110870
      110893
      110961
      111014
      111104
      111125
      111176
      111242
      111313
      111370
      111462
      111529
      111623
      111641
      111728
      111734
      111734
      111821
      111842
      111938
      111970
      112069
      112167
      112225
      112312
      112319
      112400
      112447
      112457
      112500
      112510
      112523
      112604
      112682
      112758
      112832
      112902
      112925
      113007
      113050
      113111
      113186
      113209
      113290
      113334
      113404
      113479
      113577
      113595
      113615
      113649
      113748
      113823
      113914
      113998
      114003
      114030
      114091
      114120
      114166
      114186
      114242
      114317
      114359
      114420
      114517
      114614
      114713
      114742
      114835
      114878
      114964
      115041
      115131
      115197
      115239
      115255
      115282
      115320
      115322
      115403
      115452
      115499
      115592
      115664
      115666
      115688
      115725
      115757
      115841
      115869
      115958
      116028
      116071
      116131
      116213
      116266
      116306
      116386
      116484
      116549
      116631
      116709
      116800
      116860
      116886
      116968
      116989
      117074
      117131
      117226
      117226
      117325
      117416
      117452
      117464
      117536
      117621
      117634
      117710
      117743
      117806
      117829
      117845
      117888
      117896
      117994
      118009
      118021
      118051
      118097
      118190
      118286
      118366
      118385
      118392
      118451
      118517
      118608
      118686
      118756
      118855
      118930
      118980
      119033
      119128
      119177
      119202
      119299
      119370
      119382
      119431
      119514
      119538
      119615
      119672
      119686
      119761
      119798
      119864
      119941
      119983
      119985
      119986
      120071
      120113
      120166
      120179
      120208
      120227
      120316
      120381
      120390
      120405
      120463
      120496
      120556
      120635
      120680
      120715
      120736
      120768
      120821
      120911
      120996
      121063
      121104
      121144
      121176
      121247
      121333
      121348
      121445
      121493
      121511
      121537
      121566
      121657
      121730
      121771
      121795
      121880
      121935
      121970
      122058
      122138
      122217
      122268
      122287
      122340
      122364
      122430
      122432
      122462
      122502
      122528
      122600
      122637
      122704
      122763
      122820
      122826
      122830
      122860
      122879
      122890
      122914
      122958
      123018
      123081
      123163
      123227
      123290
      123319
      123406
      123439
      123481
      123554
      123603
      123679
      123728
      123734
      123802
      123834
      123854
      123936
      124003
      124057
      124063
      124101
      124174
      124237
      124304
      124396
      124452
      124517
      124579
      124615
      124660
      124734
      124818
      124889
      124967
      124979
      124990
      125034
      125126
      125184
      125200
      125259
      125298
      125374
      125446
      125462
      125542
      125629
      125656
      125703
      125764
      125789
      125814
      125851
      125888
      125916
      125927
      125980
      126054
      126057
      126083
      126134
      126148
      126214
      126241
      126319
      126332
      126395
      126401
      126461
      126511
      126538
      126576
      126599
      126672
      126693
      126761
      126831
      126861
      126931
      126994
      127028
      127112
      127211
      127291
      127369
      127415
      127436
      127437
      127504
      127584
      127679
      127747
      127793
      127860
      127934
      127985
      128079
      128155
      128245
      128328
      128331
      128374
      128420
      128470
      128477
      128553
      128646
      128667
      128750
      128843
      128932
      128963
      129010
      129077
      129105
      129167
      129246
      129258
      129280
      129307
      129378
      129458
      129479
      129578
      129595
      129693
      129694
      129703
      129758
      129792
      129797
      129869
      129946
      130000
      130081
      130135
      130160
      130180
      130208
      130213
      130263
      130335
      130338
      130432
      130495
      130551
      130639
      130707
      130788
      130846
      130864
      130919
      130962
      131050
      131085
      131107
      131114
      131121
      131220
      131262
      131315
      131391
      131441
      131531
      131581
      131663
      131712
      131785
      131878
      131959
      132044
      132104
      132185
      132216
      132240
      132247
      132286
      132382
      132452
      132526
      132553
      132593
      132629
      132709
      132777
      132851
      132872
      132950
      133009
      133064
      133121
      133203
      133261
      133283
      133289
      133324
      133377
      133388
      133457
      133486
      133532
      133546
      133627
      133685
      133735
      133755
      133842
      133934
      133947
      133947
      133990
      134086
      134110
      134187
      134226
      134273
      134361
      134460
      134496
      134594
      134610
      134614
      134620
      134671
      134734
      134819
      134835
      134878
      134955
      135023
      135023
      135027
      135037
      135101
      135144
      135213
      135288
      135366
      135431
      135462
      135550
      135586
      135683
      135708
      135762
      135806
      135850
      135903
      135972
      136063
      136113
      136179
      136246
      136315
      136374
      136390
      136483
      136514
      136600
      136653
      136732
      136786
      136866
      136873
      136942
      136985
      137056
      137119
      137194
      137215
      137278
      137282
      137326
      137389
      137459
      137531
      137602
      137652
      137747
      137747
      137841
      137916
      137994
      138037
      138122
      138150
      138206
      138246
      138296
      138312
      138338
      138372
      138445
      138476
      138479
      138480
      138557
      138652
      138728
      138826
      138861
      138887
      138976
      139062
      139156
      139210
      139283
      139340
      139436
      139483
      139525
      139586
      139663
      139667
      139669
      139741
      139752
      139778
      139807
      139887
      139921
      139976
      140010
      140019
      140041
      140097
      140179
      140277
      140313
      140349
      140424
      140427
      140507
      140590
      140654
      140737
      140752
      140756
      140855
      140875
      140972
      141034
      141059
      141149
      141169
      141181
      141185
      141236
      141288
      141318
      141349
      141351
      141399
      141495
      141526
      141592
      141593
      141654
      141679
      141718
      141736
      141813
      141893
      141983
      142034
      142124
      142186
      142194
      142243
      142299
      142318
      142362
      142412
      142458
      142552
      142601
      142696
      142718
      142745
      142837
      142859
      142889
      142968
      142986
      143081
      143090
      143172
      143250
      143324
      143326
      143402
      143451
      143531
      143608
      143622
      143622
      143661
      143713
      143767
      143785
      143818
      143873
      143913
      143992
      143998
      144082
      144163
      144259
      144301
      144342
      144369
      144405
      144503
      144549
      144587
      144593
      144635
      144640
      144712
      144751
      144813
      144824
      144849
      144868
      144945
      145001
      145079
      145140
      145208
      145219
      145298
      145347
      145359
      145377
      145428
      145433
      145469
      145502
      145600
      145678
      145758
      145825
      145867
      145966
      146038
      146118
      146175
      146263
      146351
      146396
      146446
      146450
      146480
      146560
      146586
      146617
      146649
      146726
      146729
      146801
      146832
      146931
      146936
      147005
      147013
      147098
      147136
      147229
      147319
      147408
      147466
      147485
      147514
      147598
      147691
      147702
      147772
      147861
      147960
      148050
      148103
      148112
      148159
      148190
      148202
      148245
      148284
      148294
      148307
      148330
      148406
      148449
      148534
      148574
      148589
      148606
      148670
      148686
      148753
      148800
      148813
      148886
      148968
      149036
      149128
      149140
      149197
      149275
      149320
      149349
      149429
      149452
      149507
      149563
      149604
      149674
      149735
      149812
      149896
      149935
      149935
      150031
      150113
      150182
      150211
      150260
      150274
      150328
      150425
      150508
      150605
      150694
      150716
      150811
      150882
      150977
      151065
      151079
      151150
      151184
      151213
      151253
      151339
      151414
      151459
      151551
      151588
      151605
      151675
      151731
      151782
      151837
      151912
      151986
      152067
      152094
      152107
      152164
      152173
      152218
      152261
      152318
      152407
      152419
      152450
      152501
      152525
      152559
      152582
      152633
      152723
      152815
      152826
      152864
      152937
      153012
      153039
      153105
      153179
      153205
      153237
      153279
      153293
      153331
      153400
      153466
      153493
      153513
      153564
      153609
      153666
      153719
      153778
      153832
      153861
      153918
      153932
      154025
      154067
      154140
      154230
      154244
      154304
      154363
      154394
      154461
      154469
      154561
      154591
      154591
      154631
      154631
      154681
      154726
      154755
      154790
      154791
      154857
      154926
      155024
      155048
      155112
      155143
      155150
      155231
      155300
      155369
      155437
      155480
      155508
      155591
      155653
      155668
      155742
      155838
      155857
      155898
      155997
      156041
      156086
      156160
      156175
      156250
      156299
      156351
      156433
      156478
      156517
      156604
      156650
      156715
      156756
      156821
      156919
      156960
      157003
      157004
      157023
      157065
      157111
      157147
      157223
      157266
      157349
      157432
      157496
      157581
      157593
      157684
      157696
      157711
      157779
      157821
      157854
      157869
      157892
      157980
      158067
      158153
      158232
      158275
      158329
      158340
      158371
      158391
      158420
      158513
      158602
      158603
      158656
      158656
      158749
      158815
      158824
      158905
      158919
      158999
      159081
      159158
      159186
      159200
      159205
      159211
      159267
      159269
      159319
      159320
      159406
      159408
      159453
      159477
      159518
      159576
      159625
      159696
      159780
      159850
      159947
      160043
      160043
      160062
      160143
      160181
      160259
      160282
      160329
      160333
      160389
      160433
      160519
      160557
      160636
      160724
      160788
      160848
      160859
      160947
      161044
      161098
      161118
      161211
      161290
      161375
      161438
      161497
      161510
      161566
      161633
      161701
      161755
      161811
      161821
      161847
      161849
      161914
      161951
      161952
      161975
      161982
      162007
      162083
      162135
      162140
      162234
      162248
      162332
      162420
      162429
      162485
      162487
      162548
      162602
      162602
      162691
      162709
      162755
      162820
      162902
      162987
      163007
      163087
      163162
      163216
      163296
      163351
      163366
      163391
      163425
      163498
      163580
      163595
      163683
      163724
      163790
      163859
      163883
      163929
      163957
      164043
      164128
      164149
      164196
      164269
      164312
      164343
      164376
      164385
      164408
      164470
      164527
      164550
      164562
      164625
      164684
      164694
      164713
      164794
      164888
      164892
      164925
      164935
      164966
      164980
      164982
      164988
      165046
      165129
      165221
      165320
      165386
      165432
      165460
      165468
      165475
      165487
      165573
      165656
      165706
      165755
      165809
      165849
      165887
      165908
      166006
      166007
      166104
      166122
      166176
      166184
      166214
      166261
      166285
      166305
      166310
      166340
      166356
      166451
      166520
      166578
      166640
      166713
      166797
      166817
      166886
      166945
      166959
      167016
      167054
      167135
      167173
      167214
      167275
      167305
      167309
      167386
      167434
      167460
      167519
      167561
      167612
      167620
      167624
      167624
      167657
      167750
      167799
      167853
      167935
      167971
      168046
      168106
      168160
      168186
      168229
      168312
      168351
      168437
      168527
      168539
      168545
      168558
      168603
      168671
      168727
      168735
      168769
      168779
      168822
      168918
      168986
      169061
      169066
      169081
      169118
      169120
      169134
      169136
      169152
      169155
      169240
      169318
      169403
      169435
      169492
      169515
      169546
      169591
      169680
      169740
      169765
      169790
      169825
      169909
      169992
      170030
      170124
      170137
      170143
      170160
      170234
      170272
      170305
      170403
      170448
      170521
      170531
      170544
      170566
      170602
      170611
      170624
      170630
      170644
      170663
      170675
      170679
      170725
      170776
      170799
      170881
      170934
      170976
      171050
      171108
      171133
      171148
      171198
      171234
      171311
      171318
      171363
      171427
      171427
      171502
      171580
      171677
      171726
      171818
      171857
      171911
      171997
      172082
      172168
      172238
      172316
      172328
      172361
      172424
      172504
      172544
      172561
      172564
      172644
      172680
      172723
      172739
      172830
      172871
      172896
      172974
      173001
      173017
      173073
      173073
      173096
      173147
      173183
      173242
      173328
      173380
      173447
      173519
      173549
      173552
      173599
      173680
      173739
      173786
      173791
      173869
      173913
      174002
      174085
      174123
      174175
      174271
      174276
      174307
      174361
      174441
      174476
      174537
      174589
      174636
      174687
      174720
      174777
      174791
      174831
      174903
      174940
      175006
      175092
      175114
      175139
      175193
      175221
      175249
      175254
      175275
      175359
      175458
      175488
      175548
      175636
      175652
      175731
      175769
      175795
      175829
      175830
      175902
      175983
      176009
      176095
      176192
      176198
      176276
      176318
      176355
      176365
      176386
      176428
      176461
      176501
      176524
      176597
      176624
      176657
      176725
      176803
      176885
      176898
      176980
      177007
      177010
      177035
      177074
      177133
      177137
      177186
      177246
      177320
      177384
      177393
      177393
      177477
      177528
      177547
      177571
      177659
      177747
      177796
      177859
      177921
      177931
      178030
      178065
      178131
      178222
      178234
      178256
      178302
      178337
      178340
      178341
      178351
      178445
      178464
      178556
      178578
      178673
      178752
      178842
      178896
      178941
      179012
      179096
      179112
      179137
      179214
      179309
      179382
      179411
      179429
      179482
      179506
      179550
      179572
      179623
      179658
      179698
      179767
      179807
      179846
      179866
      179868
      179938
      180037
      180080
      180135
      180220
      180240
      180316
      180364
      180429
      180506
      180582
      180606
      180642
      180659
      180699
      180734
      180778
      180875
      180918
      180926
      181024
      181101
      181138
      181207
      181215
      181273
      181317
      181365
      181410
      181457
      181532
      181542
      181570
      181595
      181601
      181625
      181655
      181679
      181681
      181774
      181852
      181892
      181924
      182018
      182072
      182130
      182219
      182308
      182367
      182424
      182518
      182547
      182578
      182662
      182731
      182733
      182769
      182783
      182854
      182929
      182990
      183055
      183148
      183207
      183303
      183393
      183470
      183514
      183603
      183650
      183690
      183773
      183828
      183883
      183898
      183958
      184023
      184102
      184189
      184238
      184250
      184316
      184374
      184459
      184470
      184561
      184591
      184624
      184720
      184748
      184785
      184818
      184824
      184915
      184918
      184919
      184926
      184992
      185015
      185061
      185121
      185182
      185269
      185293
      185392
      185415
      185430
      185498
      185567
      185620
      185659
      185660
      185702
      185755
      185805
      185810
      185884
      185966
      185988
      186060
      186060
      186153
      186174
      186234
      186235
      186285
      186310
      186389
      186438
      186485
      186535
      186610
      186704
      186773
      186846
      186910
      186919
      186963
      186990
      187023
      187099
      187186
      187214
      187236
      187277
      187298
      187353
      187407
      187459
      187510
      187535
      187565
      187596
      187670
      187670
      187722
      187773
      187839
      187849
      187882
      187925
      187994
      188080
      188088
      188139
      188217
      188315
      188399
      188419
      188435
      188467
      188500
      188570
      188580
      188583
      188628
      188658
      188667
      188697
      188782
      188790
      188814
      188828
      188836
      188872
      188880
      188971
      189003
      189033
      189041
      189122
      189187
      189278
      189351
      189383
      189442
      189494
      189556
      189587
      189606
      189638
      189710
      189770
      189825
      189869
      189903
      189926
      189957
      190027
      190089
      190105
      190108
      190196
      190215
      190267
      190354
      190380
      190408
      190483
      190507
      190539
      190557
      190562
      190642
      190642
      190683
      190775
      190779
      190800
      190877
      190937
      190977
      191062
      191102
      191121
      191171
      191263
      191296
      191373
      191397
      191438
      191462
      191485
      191494
      191512
      191538
      191589
      191639
      191675
      191744
      191760
      191780
      191821
      191826
      191915
      191969
      191984
      191991
      192051
      192067
      192140
      192145
      192186
      192252
      192305
      192353
      192422
      192435
      192471
      192485
      192515
      192521
      192542
      192550
      192593
      192598
      192612
      192630
      192638
      192693
      192783
      192866
      192939
      193016
      193090
      193125
      193155
      193211
      193294
      193369
      193441
      193495
      193571
      193587
      193626
      193723
      193766
      193770
      193808
      193905
      193928
      193982
      194075
      194132
      194210
      194273
      194307
      194369
      194403
      194500
      194594
      194641
      194703
      194759
      194811
      194864
      194874
      194911
      194956
      195019
      195054
      195055
      195154
      195242
      195244
      195326
      195336
      195385
      195442
      195504
      195602
      195617
      195670
      195689
      195721
      195763
      195778
      195837
      195871
      195875
      195876
      195905
      195938
      196033
      196041
      196130
      196197
      196289
      196320
      196357
      196358
      196371
      196400
      196464
      196518
      196599
      196666
      196675
      196691
      196776
      196869
      196937
      197001
      197005
      197080
      197090
      197153
      197164
      197178
      197227
      197260
      197305
      197362
      197394
      197440
      197519
      197581
      197593
      197650
      197689
      197690
      197698
      197753
      197778
      197806
      197866
      197935
      198028
      198121
      198155
      198233
      198297
      198328
      198361
      198366
      198431
      198527
      198579
      198645
      198723
      198809
      198904
      198965
      199050
      199055
      199061
      199099
      199158
      199206
      199223
      199235
      199235
      199278
      199335
      199423
      199495
      199564
      199573
      199639
      199732
      199806
      199867
      199924
      200004
      200076
      200117
      200178
      200217
      200222
      200299
      200375
      200457
      200478
      200522
      200533
      200558
      200633
      200684
      200759
      200819
      200838
      200860
      200898
      200927
      201014
      201040
      201070
      201120
      201205
      201265
      201309
      201377
      201455
      201532
      201567
      201607
      201659
      201745
      201768
      201797
      201896
      201964
      202052
      202135
      202178
      202246
      202321
      202359
      202361
      202398
      202488
      202493
      202519
      202575
      202590
      202685
      202777
      202845
      202866
      202873
      202929
      202977
      203049
      203085
      203110
      203177
      203222
      203262
      203270
      203338
      203355
      203436
      203516
      203523
      203555
      203640
      203725
      203731
      203816
      203863
      203924
      203986
      204001
      204065
      204082
      204099
      204113
      204139
      204197
      204276
      204289
      204296
      204395
      204431
      204518
      204549
      204563
      204621
      204636
      204724
      204765
      204848
      204932
      204933
      204958
      204970
      205030
      205065
      205125
      205167
      205218
      205288
      205345
      205391
      205472
      205550
      205603
      205658
      205742
      205757
      205796
      205833
      205841
      205879
      205976
      206046
      206130
      206184
      206207
      206257
      206326
      206341
      206361
      206444
      206477
      206515
      206561
      206600
      206686
      206735
      206786
      206795
      206867
      206888
      206967
      207056
      207069
      207135
      207200
      207211
      207288
      207310
      207355
      207447
      207543
